0 8.0
1 7.931034
2 6.271186
3 13.966102
4 12.830508
5 8.033898
6 8.864407
7 5.0
8 5.0
9 5.033898
10 6.0
11 6.101695
12 9.0
13 8.966102
14 8.033898
15 8.932203
16 7.067797
17 9.067797
18 10.966102
19 10.0
20 10.610169
21 27.728814
22 20.644068
23 38.050847
0 10.898305
1 8.0
2 7.966102
3 6.898305
4 4.033898
5 5.067797
6 6.966102
7 6.033898
8 6.966102
9 6.033898
10 7.271186
11 14.830508
12 9.966102
13 9.067797
14 11.067797
15 12.864407
16 9.137931
17 12.966102
18 12.035088
19 12.864407
20 9.440678
21 22.576271
22 39.779661
23 61.220339
0 38.389831
1 21.103448
2 24.237288
3 30.525424
4 17.20339
5 22.724138
6 15.237288
7 22.237288
8 28.689655
9 20.305085
10 28.896552
11 25.694915
12 17.033898
13 18.0
14 17.762712
15 11.067797
16 12.931034
17 10.898305
18 7.898305
19 5.0
20 5.067797
21 7.508475
22 0.0
23 0.0
0 0.0
1 0.0
2 0.0
3 0.0
4 0.0
5 0.0
6 0.0
7 0.0
8 0.0
9 0.0
10 0.0
11 0.0
12 11.135593
13 15.033898
14 15.551724
15 3.033898
16 3.898305
17 1.0
18 1.067797
19 3.0
20 3.101695
21 7.689655
22 54.152542
23 29.423729
0 0.0
1 0.0
2 0.0
3 0.0
4 0.0
5 0.0
6 0.0
7 0.0
8 0.0
9 0.0
10 27.965517
11 0.0
12 0.0
13 18.864407
14 14.79661
15 8.864407
16 4.864407
17 1.033898
18 2.169492
19 7.237288
20 16.20339
21 76.966102
22 19.896552
23 43.862069
0 11.966102
1 11.206897
2 17.135593
3 20.864407
4 16.932203
5 15.644068
6 34.034483
7 34.559322
8 21.932203
9 20.033898
10 20.627119
11 10.0
12 10.033898
13 10.898305
14 7.896552
15 5.101695
16 7.932203
17 5.898305
18 3.067797
19 5.137931
20 9.745763
21 30.932203
22 28.525424
23 14.864407
0 11.067797
1 13.034483
2 14.20339
3 19.898305
4 16.827586
5 12.101695
6 14.966102
7 14.169492
8 18.864407
9 15.169492
10 20.033898
11 20.898305
12 18.0
