0 0.0
1 0.0
2 0.0
3 0.0
4 0.0
5 0.0
6 0.0
7 0.0
8 0.0
9 0.0
10 0.0
11 0.0
12 0.0
13 8.218464175335772
14 8.126396315018315
15 8.528685017826616
16 7.826284674027908
17 8.382859523750708
18 9.69970433211233
19 9.85046266666667
20 10.231000835653234
21 18.982678469841265
22 19.81516127741148
23 28.936905134065935
0 19.91783685030525
1 13.958800463980463
2 10.962442954090355
3 8.930125637851038
4 6.481641379487178
5 5.7742307892551885
6 6.369677994139194
7 6.201303735531134
8 6.583257926739926
9 6.305929011477414
10 6.786924675213674
11 10.805881131379733
12 10.385877743589743
13 9.726967749938948
14 10.397761092307697
15 11.631812507936505
16 10.385494957020759
17 11.676762862515263
18 11.856544355067154
19 12.361309683516485
20 10.901295987789988
21 16.740803319658113
22 28.26420144859585
23 44.74793442832724
0 41.57235325494505
1 31.33937018192918
2 27.789937087423688
3 29.159836956043957
4 23.182598271550674
5 22.954559593162386
6 19.09631478559219
7 20.667945822710625
8 24.68115071379731
9 22.492840544810743
10 25.693367443467647
11 25.689803563125764
12 21.359243219536015
13 19.679242678388274
14 18.720186792674
15 14.89161611770452
16 13.910803403663005
17 12.403110266178265
18 10.149811542368742
19 7.572801096214897
20 6.317414816361416
21 6.911382440537239
22 0.0
23 0.0
0 0.0
1 0.0
2 0.0
3 0.0
4 0.0
5 0.0
6 0.0
7 0.0
8 0.0
9 0.0
10 0.0
11 0.0
12 0.0
13 0.0
14 14.772897857142857
15 8.512097933333333
16 6.130785451612902
17 3.524672206349207
18 2.2865618661417324
19 2.644679831372549
20 2.873634592954989
21 5.283998667644184
22 29.73020695896434
23 29.576930558485955
0 0.0
1 0.0
2 0.0
3 0.0
4 0.0
5 0.0
6 0.0
7 0.0
8 0.0
9 0.0
10 0.0
11 0.0
12 0.0
13 0.0
14 0.0
15 12.268202754385964
16 8.352145495867768
17 4.5901548152610445
18 3.363046536633664
19 5.313500449360865
20 10.77711970455659
21 43.92826564269993
22 31.90261359824047
23 37.88526251441133
0 24.92251752454212
1 18.063772279365075
2 17.599968229792438
3 19.233652816361413
4 18.084401387545793
5 16.866018597313797
6 25.45414151794872
7 30.010067782661785
8 25.97183488009768
9 22.995915010989016
10 21.81160620781441
11 15.901668541147744
12 12.967547348229544
13 11.932888494993895
14 9.913592159462763
15 7.505718950671552
16 7.717862074236874
17 6.806893578266178
18 4.933564252991453
19 5.032155271062271
20 7.387471169719171
21 19.161167769230772
22 23.84426026862027
23 19.354927578998776
0 15.211488528693527
1 14.123246591941392
2 14.16408836166056
3 17.033003348717944
4 16.931380801709405
5 14.517295335531138
6 14.743151452258852
7 14.457424480830282
8 16.662029127960928
9 15.913835935042735
10 17.739666279327363
11 19.281370869343764
12 18.584279545786984
