0 0.0002389
1 0.00061007
2 0.0018803000000000001
3 0.0023681
4 0.0025941000000000002
5 0.0030156999999999996
6 0.00268
7 0.0028912
8 0.0031922
9 0.0035559
10 0.0043312
11 0.004085
12 0.004275999999999999
13 0.0052309999999999995
14 0.0065744
15 0.0062355
16 0.0065453
17 0.0067984
18 0.0059194
19 0.0040959
20 0.0025150000000000003
21 0.0014681
22 0.0013609
23 0.0010975
0 0.0011211
1 0.00073877
2 0.0015953
3 0.0025703
4 0.0028907
5 0.0031531
6 0.0027233
7 0.0026877
8 0.0025108
9 0.0025112999999999997
10 0.0027201
11 0.0033071999999999997
12 0.0031450999999999996
13 0.0041733000000000004
14 0.0053314
15 0.0077532
16 0.0081642
17 0.010207
18 0.010003
19 0.0064279
20 0.0016378999999999999
21 0.0013852
22 0.0021101
23 0.0017343999999999999
0 0.0016466
1 0.0016706000000000002
2 0.0016922999999999999
3 0.0021476999999999998
4 0.002301
5 0.0015469
6 0.0025073
7 0.0030374
8 0.0030350999999999998
9 0.0030478000000000002
10 0.0036156
11 0.0040274
12 0.0049966
13 0.005877500000000001
14 0.0089873
15 0.006996400000000001
16 0.0071849999999999995
17 0.009129799999999999
18 0.010571
19 0.017452000000000002
20 0.0019941
21 0.00018628
22 0.0
23 3.4805e-7
0 0.0003663
1 0.0006899100000000001
2 0.0007786
3 0.0016836
4 0.0022393
5 0.0025265
6 0.0022541
7 0.0022342
8 0.0015326
9 0.001964
10 0.0026313
11 0.003879
12 0.005697
13 0.008352700000000001
14 0.0085114
15 0.010117000000000001
16 0.0093019
17 0.00786
18 0.009089
19 0.0031487
20 0.0004143
21 0.0006305600000000001
22 0.00022921
23 0.00028764000000000003
0 0.00023449999999999998
1 0.00010334999999999999
2 0.00060903
3 0.00089696
4 0.0015107
5 0.0019661
6 0.0017955
7 0.0014305000000000001
8 0.0010978000000000001
9 0.0013824
10 0.0014855
11 0.0023812000000000004
12 0.0046901
13 0.0063449
14 0.008997
15 0.008208700000000001
16 0.0084704
17 0.008560700000000001
18 0.0072511
19 0.0041577
20 0.00078671
21 0.0
22 0.0
23 0.0
0 0.00058723
1 0.00033858
2 0.00081741
3 0.0012754
4 0.0017664
5 0.0015186
6 0.0017558
7 0.0016943
8 0.0014283
9 0.0027418
10 0.0038533
11 0.0039109
12 0.0068482000000000005
13 0.010228
14 0.010067999999999999
15 0.014072
16 0.011760999999999999
17 0.013555999999999999
18 0.015148
19 0.0094766
20 0.0093358
21 0.00271
22 0.00046652
23 0.00077495
0 0.0008433399999999999
1 0.0011619
2 0.0022757999999999997
3 0.0026974
4 0.0029254
5 0.0025028999999999997
6 0.0023913000000000003
7 0.0018277
8 0.0014643999999999998
9 0.0017241
10 0.0025396999999999998
11 0.0035874
12 0.0060951
