0 55.59
1 54.933
2 22.693
3 20.771
4 19.979
5 19.83
6 14.477
7 19.35
8 24.345
9 23.425
10 22.934
11 21.795
12 16.864
13 21.531
14 18.907
15 27.404
16 16.212
17 16.107
18 13.481
19 9.0224
20 13.942
21 40.31
22 41.231
23 33.866
0 43.564
1 42.458
2 51.294
3 36.581
4 22.724
5 16.608
6 23.417
7 20.768
8 20.748
9 29.995
10 29.825
11 31.646
12 35.738
13 50.528
14 43.785
15 25.383
16 16.113
17 23.176
18 20.19
19 24.107
20 27.863
21 72.082
22 29.657
23 42.985
0 41.3
1 38.619
2 30.947
3 33.158
4 26.722
5 29.841
6 31.271
7 22.549
8 13.217
9 20.004
10 24.131
11 19.113
12 13.752
13 16.637
14 12.97
15 15.719
16 9.8265
17 11.818
18 9.7931
19 8.0985
20 14.686
21 69.949
22 80.139
23 66.306
0 39.315
1 39.31
2 37.683
3 48.878
4 26.231
5 22.996
6 25.817
7 26.514
8 24.937
9 35.473
10 28.443
11 21.973
12 20.018
13 22.269
14 22.248
15 17.097
16 20.17
17 20.24
18 19.335
19 18.48
20 41.955
21 67.036
22 141.4
23 134.73
0 81.484
1 52.134
2 42.313
3 34.696
4 33.874
5 21.766
6 23.916
7 26.983
8 38.715
9 62.977
10 96.573
11 63.244
12 16.38
13 17.109
14 13.767
15 14.99
16 18.404
17 12.242
18 15.919
19 21.77
20 119.7
21 82.629
22 100.33
23 105.76
0 83.566
1 35.978
2 47.202
3 29.874
4 31.93
5 26.943
6 32.258
7 40.649
8 37.016
9 53.949
10 41.974
11 42.682
12 31.439
13 25.405
14 20.774
15 23.618
16 36.275
17 27.193
18 81.268
19 22.225
20 25.191
21 35.434
22 103.42
23 92.32
0 36.804
1 47.85
2 42.759
3 37.676
4 23.192
5 28.95
6 28.923
7 28.381
8 35.467
9 43.579
10 38.088
11 40.835
12 50.086
