0 0.99582
1 1.2118
2 0.93624
3 1.0244
4 0.81291
5 0.68962
6 0.71579
7 0.80802
8 1.1291
9 1.1639
10 1.3242
11 0.95318
12 0.89514
13 0.83216
14 0.71205
15 0.69162
16 0.77333
17 0.72011
18 0.73916
19 1.1112
20 1.8387
21 1.9074
22 1.1405
23 1.7355
0 1.2814
1 1.1351
2 1.1701
3 0.76226
4 0.63831
5 0.66671
6 0.69646
7 0.76683
8 1.0041
9 1.1189
10 1.2437
11 1.3275
12 1.255
13 1.0274
14 0.94165
15 0.86983
16 0.83174
17 0.97392
18 0.90513
19 1.1845
20 1.7889
21 1.5205
22 1.0961
23 1.1538
0 1.2803
1 1.1133
2 0.95221
3 0.99244
4 1.1277
5 0.97085
6 0.8731
7 0.88218
8 1.1746
9 1.3954
10 1.1892
11 0.94997
12 0.86193
13 0.7382
14 0.67659
15 0.48642
16 0.37115
17 0.60557
18 0.72664
19 1.1996
20 2.3707
21 2.8029
22 2.6279
23 1.5153
0 0.85737
1 1.0262
2 1.0602
3 0.85409
4 0.82384
5 0.83189
6 0.88316
7 1.2159
8 2.3728
9 2.7214
10 1.3588
11 1.162
12 1.1188
13 0.8769
14 0.65701
15 0.54765
16 0.38743
17 0.43561
18 0.80169
19 1.3492
20 2.9159
21 2.5391
22 2.3424
23 0.92595
0 0.91344
1 1.347
2 1.2907
3 0.80645
4 0.73758
5 0.74609
6 0.69501
7 1.0449
8 1.9673
9 2.1976
10 1.8031
11 0.45981
12 0.662
13 0.19389
14 0.0
15 0.0
16 0.0
17 0.0
18 0.0
19 0.0
20 0.0
21 0.0
22 0.0
23 0.0
0 0.0
1 0.0
2 0.0
3 0.0
4 0.0
5 0.0
6 0.0
7 0.0
8 0.0
9 0.0
10 0.0
11 0.0
12 0.0
13 0.0
14 0.0
15 0.0
16 0.0
17 0.0
18 0.0
19 0.0
20 0.0
21 0.0
22 0.0
23 0.0
0 0.0
1 0.0
2 0.0
3 0.0
4 0.0
5 0.0
6 0.0
7 0.0
8 0.0
9 0.0
10 0.0
11 0.0
12 0.0
