0 21.571
1 24.129
2 13.128
3 14.256
4 11.197
5 6.5843
6 3.3906
7 10.248
8 19.577
9 5.8922
10 7.3782
11 6.4903
12 6.5328
13 4.7792
14 6.7408
15 8.1655
16 7.0865
17 13.095
18 8.4848
19 13.86
20 10.336
21 11.187
22 17.243
23 11.092
0 19.83
1 16.047
2 26.053
3 19.14
4 7.4196
5 13.068
6 7.4799
7 8.0586
8 11.901
9 11.285
10 18.526
11 13.822
12 14.517
13 23.974
14 8.1751
15 14.446
16 12.626
17 12.316
18 17.908
19 11.966
20 13.213
21 24.435
22 9.137
23 20.19
0 16.976
1 22.232
2 17.825
3 18.432
4 22.706
5 16.37
6 21.458
7 15.356
8 11.6
9 10.685
10 8.8164
11 11.977
12 9.4139
13 11.798
14 8.105
15 18.055
16 16.489
17 13.375
18 10.788
19 8.508
20 10.958
21 11.63
22 20.987
23 22.575
0 16.547
1 18.652
2 16.664
3 29.257
4 8.8048
5 10.078
6 8.1571
7 9.7854
8 6.8856
9 6.5103
10 8.8698
11 7.8211
12 9.5491
13 11.115
14 22.366
15 14.779
16 14.864
17 10.235
18 4.6685
19 7.7284
20 11.354
21 21.857
22 33.899
23 34.101
0 30.952
1 18.46
2 21.461
3 26.615
4 15.005
5 12.085
6 14.956
7 13.799
8 14.526
9 20.645
10 28.012
11 25.723
12 7.8739
13 16.007
14 8.2176
15 13.639
16 13.282
17 11.282
18 11.201
19 9.3843
20 11.175
21 12.131
22 36.594
23 41.896
0 31.03
1 20.037
2 23.524
3 19.724
4 19.595
5 15.554
6 18.909
7 22.19
8 13.591
9 13.965
10 11.184
11 9.8478
12 8.0696
13 9.5639
14 10.429
15 8.3483
16 21.044
17 24.378
18 20.883
19 16.547
20 14.085
21 11.919
22 36.241
23 44.153
0 18.766
1 22.687
2 25.737
3 25.775
4 14.725
5 26.223
6 23.03
7 22.084
8 17.282
9 17.94
10 22.716
11 20.318
12 24.631
