0 0.0034574
1 0.0033043
2 0.0028934000000000004
3 0.0035327
4 0.0031537
5 0.0031507
6 0.0028012000000000002
7 0.0031457
8 0.0029422000000000003
9 0.0031479
10 0.0028369
11 0.0030761
12 0.0030716000000000003
13 0.0028956
14 0.0032602000000000004
15 0.0029321
16 0.0032363
17 0.0030432000000000002
18 0.0032808
19 0.0032569
20 0.0029251
21 0.0033191
22 0.0037259000000000003
23 0.0032574
0 0.0033481
1 0.003306
2 0.0028788
3 0.0027657
4 0.002842
5 0.0027091
6 0.0027604
7 0.0027282
8 0.0031554
9 0.0031067
10 0.0028255
11 0.0031905
12 0.0029519000000000004
13 0.0028355999999999998
14 0.0027941
15 0.0030588
16 0.0026711
17 0.0030104000000000003
18 0.0028711
19 0.0030106
20 0.0029104
21 0.0027391
22 0.0027109
23 0.0032221000000000003
0 0.003003
1 0.0028233
2 0.0031776
3 0.0028518
4 0.0027691
5 0.0027766
6 0.0029581
7 0.0027849
8 0.003034
9 0.0031302
10 0.0033325
11 0.0033294
12 0.0034026
13 0.003044
14 0.0029444
15 0.0033959999999999997
16 0.0033897
17 0.0030272999999999997
18 0.0037027
19 0.0031835
20 0.0031450000000000002
21 0.0036827
22 0.0037551999999999998
23 0.0040474
0 0.0034557000000000004
1 0.0032109
2 0.0032053
3 0.0031421
4 0.0029565
5 0.0028083
6 0.002964
7 0.0032948
8 0.0032334
9 0.0030478000000000002
10 0.0034577
11 0.0033229
12 0.0034601000000000002
13 0.0032228
14 0.0031368
15 0.0034706999999999997
16 0.0035535000000000002
17 0.0031635
18 0.0035009999999999998
19 0.0033637999999999997
20 0.003932
21 0.0043434
22 0.0043819
23 0.004305
0 0.0043460999999999994
1 0.0037403
2 0.0036084999999999997
3 0.0034041
4 0.0034813
5 0.0035931
6 0.0034371999999999996
7 0.0031822
8 0.0032971
9 0.0036852
10 0.0035796
11 0.0032642
12 0.0031810000000000002
13 0.0031431
14 0.0031671
15 0.0034457
16 0.0035306
17 0.0032922
18 0.0033264999999999996
19 0.0034684
20 0.0040694
21 0.0044505
22 0.0041517
23 0.0040764
0 0.0035564
1 0.00368
2 0.0035309
3 0.0030589
4 0.0030878
5 0.0030524
6 0.003243
7 0.0032148
8 0.0033038
9 0.0034961000000000002
10 0.0032654
11 0.002912
12 0.0031302
13 0.0029243999999999997
14 0.0033247
15 0.0037039
16 0.003682
17 0.0032392
18 0.0030467
19 0.0034343
20 0.00335
21 0.0035762
22 0.0039754000000000005
23 0.0035112
0 0.0033464000000000002
1 0.0029398
2 0.0027642
3 0.0032012
4 0.0034634
5 0.0034255
6 0.0030283000000000003
7 0.0033997000000000003
8 0.003356
9 0.0033267
10 0.0031132
11 0.0031473
12 0.0031964000000000003
