0 0.0
1 0.0
2 0.0
3 0.0
4 0.0
5 0.0
6 0.0
7 0.0
8 0.0
9 1.0253986344349801
10 1.183661742247463
11 1.0730251557510306
12 0.9879938237348068
13 0.9186959198367499
14 0.8227705637587922
15 0.7570844287932312
16 0.7638987008556003
17 0.7418000281217554
18 0.7518290637526062
19 0.8837425449602924
20 1.3837437647058821
21 1.6476801960784315
22 1.394930196078431
23 1.5672619215686274
0 1.4253271764705882
1 1.281027294117647
2 1.2547241755106793
3 0.9936501176470588
4 0.8136263529411766
5 0.7377354509803922
6 0.7162270588235294
7 0.7396291764705882
8 0.8604583259045826
9 0.9778573502191272
10 1.1137257080897793
11 1.224625137254902
12 1.2405330722807308
13 1.1374579082565326
14 1.0579984902849646
15 1.005182870011653
16 0.9327430710219492
17 0.9468036881866623
18 0.9281647606740475
19 1.0158546468477223
20 1.421090274509804
21 1.471762
22 1.2842338431372549
23 1.219573725490196
0 1.251131952985659
1 1.1833358988487463
2 1.0777970140899258
3 1.0372918791277732
4 1.0824712518204065
5 1.0504851390233998
6 0.9850947817777714
7 0.9481235217576878
8 1.0136857335423706
9 1.1659584328489778
10 1.176791797375815
11 1.091509681025123
12 1.0012408544844063
13 0.8641463608933168
14 0.7645340392156863
15 0.6247010196078431
16 0.4963501176470588
17 0.5494113725490196
18 0.6371187058823531
19 0.9188488235294118
20 1.6477327843137255
21 2.229364823529412
22 2.4324585098039213
23 1.9758966666666666
0 1.417586705882353
1 1.2227181176470587
2 1.1421130980392153
3 0.9974240784313725
4 0.9075989803921568
5 0.8658797647058825
6 0.8741440276555094
7 0.9918316765631937
8 1.7108276078431373
9 2.219437725490196
10 1.7897043529411762
11 1.4764559215686273
12 1.29820631372549
13 1.087641411764706
14 0.8718822745098039
15 0.708455843137255
16 0.5440500392156862
17 0.48534807843137256
18 0.6424266666666667
19 0.9961803921568628
20 1.9595639215686278
21 2.2525911764705877
22 2.300800274509804
23 1.6141169019607842
0 1.264809843137255
1 1.3076919607843136
2 1.3001548235294116
3 1.0522381960784313
4 0.8906378823529412
5 0.8148482352941177
6 0.7560279950065245
7 0.8961417308127478
8 1.4349827450980388
9 1.8179592156862747
10 1.81153431372549
11 1.1349924705882353
12 0.8983480392156863
13 0.545036274509804
14 0.0
15 0.0
16 0.0
17 0.0
18 0.0
19 0.0
20 0.0
21 0.0
22 0.0
23 0.0
0 0.0
1 0.0
2 0.0
3 0.0
4 0.0
5 0.0
6 0.0
7 0.0
8 0.0
9 0.0
10 0.0
11 0.0
12 0.0
13 0.0
14 0.0
15 0.0
16 0.0
17 0.0
18 0.0
19 0.0
20 0.0
21 0.0
22 0.0
23 0.0
0 0.0
1 0.0
2 0.0
3 0.0
4 0.0
5 0.0
6 0.0
7 0.0
8 0.0
9 0.0
10 0.0
11 0.0
12 0.0
