0 0.0
1 0.0
2 0.0
3 0.0
4 0.0
5 0.0
6 0.0
7 0.0
8 0.0
9 0.0
10 0.0
11 0.0
12 0.0
13 20.61145349861848
14 19.917563879238955
15 23.37647916094513
16 19.996014978589287
17 18.160660792887995
18 15.738775091575091
19 12.379326544566542
20 13.159393064713063
21 26.736758192918195
22 33.98611316239317
23 33.92753045177045
0 38.7490252991453
1 40.606067838827826
2 45.95398837606838
3 41.268614700854705
4 31.997102466422465
5 24.302612405372404
6 23.861019389499393
7 22.315943833943837
8 21.53280293040293
9 25.762642002442
10 27.792428327228322
11 29.718943101343104
12 32.72751599511599
13 41.62874334554334
14 42.705954822954816
15 34.04311013431012
16 25.07724786324786
17 24.127425885225882
18 22.15831892551892
19 23.13306715506716
20 25.498902319902314
21 48.795589987789974
22 39.226274481074476
23 41.10702173382175
0 41.20418998778999
1 39.9101409035409
2 35.42700293040293
3 34.293450793650806
4 30.50902075702076
5 30.175824175824182
6 30.724765079365078
7 26.636692307692307
8 19.925057875457874
9 19.95817020757021
10 22.043910378510382
11 20.57554041514041
12 17.1604065934066
13 16.896019291819297
14 14.930814652014654
15 15.322778021978023
16 12.572576068376069
17 12.193087423687421
18 10.99047125763126
19 9.54272122100122
20 12.114539975579978
21 41.037868278388274
22 60.59527272283272
23 63.45639863247863
0 51.388820561660545
1 45.352178656898666
2 41.52060678876679
3 45.20335211233211
4 35.71917904761906
5 29.358954358974362
6 27.589933699633693
7 27.054215384615386
8 25.996859340659345
9 30.73072014652014
10 29.580547985347994
11 25.771360927960927
12 22.892324297924297
13 22.578581440781434
14 22.4114061050061
15 19.750322588522586
16 19.95942124542125
17 20.099374114774115
18 19.716395604395604
19 19.09721684981685
20 30.528186324786326
21 48.785947008547005
22 95.10676556776559
23 114.93215042735044
0 98.21558021978018
1 75.17843663003664
2 58.74816825396825
3 46.724232967032975
4 40.30078974358975
5 31.0335811965812
6 27.475349938949936
7 27.230213186813195
8 32.972210989010996
9 47.97410989010988
10 72.26808156288156
11 67.74731233211232
12 42.05570695970695
13 29.57807692307692
14 21.669052991452993
15 18.327120390720395
16 18.363671306471307
17 15.30167277167277
18 15.609359951159954
19 18.68904346764347
20 69.20441001221002
21 75.91910451770454
22 88.125010989011
23 96.94769670329671
0 90.26505177045176
1 63.12382979242979
2 55.16699731379731
3 42.522315995116
4 37.227809523809526
5 32.08719975579976
6 32.17459487179487
7 36.41410256410258
8 36.70495555555555
9 45.32347594627593
10 43.641612698412715
11 43.15410451770452
12 37.290187545787546
13 31.34630280830281
14 26.056924542124545
15 24.836698412698407
16 30.55637973137973
17 28.87472039072039
18 55.07734432234433
19 38.64892258852259
20 31.918517460317457
21 33.67399804639804
22 68.55450158730157
23 80.4433115995116
0 58.62431086691087
1 53.239895970695976
2 48.00213235653235
3 42.840782661782654
4 33.014793894993886
5 30.98261147741148
6 29.946414407814405
7 29.164458852258853
8 32.316984126984124
9 37.94898656898657
10 38.01051623931623
11 39.41647179487179
12 44.75285763125763
