0 0.0
1 0.0
2 0.0
3 0.0
4 0.0
5 0.0
6 0.0
7 0.0
8 0.0
9 0.003254830535882744
10 0.0037433274055017752
11 0.0038457555030611736
12 0.004008934686551449
13 0.004660445688936014
14 0.005633913725490197
15 0.00594126431372549
16 0.006188696257260049
17 0.006391035291474791
18 0.006213752833070385
19 0.005371570716899254
20 0.0038350470588235297
21 0.0026441952941176467
22 0.0019923250980392153
23 0.0015348380392156862
0 0.0013173333333333333
1 0.0010161700392156863
2 0.0012972563921568626
3 0.0019307868235294119
4 0.0024114800784313726
5 0.0027855939607843135
6 0.0027571183529411757
7 0.0027255272156862746
8 0.0026208885098039218
9 0.002570945417992253
10 0.002680653789328299
11 0.0028481100535924174
12 0.002927227125140417
13 0.0034805287977778144
14 0.004480721960784314
15 0.006126893333333334
16 0.007156631764705884
17 0.00869690549019608
18 0.00936423294117647
19 0.007902185490196077
20 0.0047670874509803925
21 0.003070676862745098
22 0.0025840721568627448
23 0.0021474345098039214
0 0.0018842376470588236
1 0.0017606807843137259
2 0.0017101949019607842
3 0.0018618980285312677
4 0.0020513323900631392
5 0.0018594465862398835
6 0.0021073843487565977
7 0.0025957286492967386
8 0.00281443270610092
9 0.002933197860452816
10 0.0032806796078431373
11 0.0036577254901960783
12 0.004332448235294118
13 0.005113465490196078
14 0.00706308862745098
15 0.007037507058823531
16 0.007119390588235295
17 0.008136520784313725
18 0.009367398431372548
19 0.013436021960784314
20 0.007709173725490197
21 0.003936567607843137
22 0.0
23 0.0
0 0.0
1 0.0006975081907949792
2 0.0007195446510121457
3 0.001177842886055777
4 0.0017132515106719366
5 0.002126083370472441
6 0.0021903426982352943
7 0.002216651450980392
8 0.0018769125882352941
9 0.0019229545098039219
10 0.0022389681180905226
11 0.0030841847058823537
12 0.004397372156862745
13 0.006386460000000001
14 0.007461199215686275
15 0.008804556078431376
16 0.009068461960784313
17 0.008475791764705882
18 0.008795058039215688
19 0.0059704470588235305
20 0.003182015294117647
21 0.0018911461960784313
22 0.0010439385098039214
23 0.0006465160000000001
0 0.00042272878431372555
1 0.000247830274509804
2 0.00041180274509803916
3 0.0006499661960784315
4 0.0010824829019607843
5 0.0015269101568627453
6 0.0016642762352941179
7 0.0015496290196078434
8 0.0013254072549019609
9 0.0013564115686274508
10 0.0014226743529411766
11 0.0019048474509803924
12 0.003303707843137255
13 0.004832889803921569
14 0.006929065490196079
15 0.007582173333333334
16 0.008040742745098037
17 0.008314796470588234
18 0.007794253333333333
19 0.00597946
20 0.0033754312941176477
21 0.0
22 0.0
23 0.0
0 0.0
1 0.0
2 0.0006644056387665199
3 0.0009816696680497925
4 0.0013870848387096775
5 0.0014538861904761903
6 0.0016060317322834645
7 0.0016503389411764709
8 0.00154096862745098
9 0.0021460965098039214
10 0.0030056509803921575
11 0.0034634431372549015
12 0.00516578588235294
13 0.007713970196078432
14 0.008907283529411763
15 0.01151391176470588
16 0.011657716078431371
17 0.012628062352941175
18 0.013910177647058826
19 0.01170430196078431
20 0.010951647488827595
21 0.006602723137254902
22 0.003515795137254902
23 0.0021192999215686277
0 0.0014599127843137256
1 0.0012866042352941177
2 0.0017559625098039215
3 0.0022133887058823527
4 0.0025568249411764706
5 0.0025294563921568623
6 0.0024641522745098045
7 0.0021479903529411765
8 0.0018074129411764705
9 0.0017672054620836734
10 0.002153525515123631
11 0.0028723435294117647
12 0.004489936862745098
