0 0.0
1 0.0
2 0.0
3 0.0
4 0.0
5 0.0
6 0.0
7 0.0
8 0.0
9 0.0
10 0.0
11 0.0
12 0.0
13 5.913958290598291
14 6.326599267399269
15 7.2453059829059825
16 7.165401098901099
17 10.130995506715506
18 9.308519755799756
19 11.584700903540902
20 10.959222124542123
21 11.073757557997562
22 14.159583272283271
23 12.626353504273505
0 16.229800341880342
1 16.139775970695972
2 21.098746007326007
3 20.12071299145299
4 13.770197167277166
5 13.419095286935287
6 10.449374945054945
7 9.253279120879123
8 10.577330647130648
9 10.931177289377288
10 14.728745299145299
11 14.275705982905986
12 14.395704273504272
13 19.185820024420025
14 13.67827711843712
15 14.06156542124542
16 13.344418412698412
17 12.830117387057387
18 15.370331965811967
19 13.668643076923079
20 13.440981733821735
21 18.939596483516485
22 14.037151843711845
23 17.114353455433456
0 17.04547697191697
1 19.638525787545788
2 18.732941147741148
3 18.582957264957262
4 20.645709401709404
5 18.50834969474969
6 19.983608302808307
7 17.670218070818073
8 14.634912087912086
9 12.658277167277166
10 10.737299438339436
11 11.356146910866912
12 10.384100122100126
13 11.089776068376068
14 9.59620122100122
15 13.825554578754579
16 15.156518192918194
17 14.265393406593411
18 12.525393894993895
19 10.515860805860807
20 10.736852014652012
21 11.183541391941393
22 16.086756727716725
23 19.332172380952382
0 17.94045714285714
1 18.297065445665442
2 17.48157777777778
3 23.370656654456656
4 16.086790085470092
5 13.081992478632483
6 10.619225006105005
7 10.202468473748473
8 8.543536996336996
9 7.526293382173381
10 8.196567179487177
11 8.007032136752136
12 8.777211623931622
13 9.945185543345541
14 16.15628898656899
15 15.465876727716728
16 15.165678192918195
17 12.700358266178263
18 8.684003174603175
19 8.20595042735043
20 9.780520805860803
21 15.820634236874236
22 24.862873186813186
23 29.485145372405373
0 30.221185982905983
1 24.34148981684982
2 22.901134407814407
3 24.759512380952383
4 19.882273406593402
5 15.983862588522587
6 15.471187399267402
7 14.635834920634922
8 14.581304761904764
9 17.613004395604403
10 22.81178339438339
11 24.26636874236874
12 16.067316532356536
13 16.036858754578752
14 12.125612356532356
15 12.880721807081805
16 13.081150525030525
17 12.181477216117218
18 11.690780122100122
19 10.537001025641025
20 10.855591355311354
21 11.492256117216115
22 24.044175921855924
23 32.97206268620268
0 32.00385870573871
1 26.020921416361414
2 24.774329621489624
3 22.249907789987788
4 20.923224713064716
5 18.239133968253967
6 18.575008131868135
7 20.38406764346765
8 16.987828815628813
9 15.476638339438338
10 13.327216605616606
11 11.583595213675213
12 9.82379413919414
13 9.692568302808303
14 10.059185250305251
15 9.202353650793649
16 15.123353748473749
17 19.751754285714284
18 20.317618168498168
19 18.43162007326007
20 16.258370354090356
21 14.088435360195362
22 25.167777142857144
23 34.66457724053723
0 26.716594652014646
1 24.703399658119658
2 25.222068937728938
3 25.50066227106227
4 20.11205958485958
5 23.167755067155067
6 23.099139682539683
7 22.592245909645918
8 19.93751330891331
9 18.939491819291813
10 20.826094505494506
11 20.564452799081895
12 22.35004187428759
