0 0.0
1 0.0
2 0.0
3 0.0
4 0.0
5 0.0
6 0.0
7 0.0
8 0.0
9 0.003076991486083961
10 0.00302510985827038
11 0.0030235810918937726
12 0.0030231251458855217
13 0.002990859967261447
14 0.0030549160910846264
15 0.0030253902386837986
16 0.003071471825998084
17 0.0030611447692118453
18 0.0031159364665948553
19 0.0031448575730947874
20 0.0031090320693958028
21 0.0031627494077298255
22 0.0033056662505771203
23 0.003307083012777682
0 0.003319950910307931
1 0.003326477679655173
2 0.0032121557574810965
3 0.003077361826366538
4 0.0030145325434011386
5 0.0029100233891874564
6 0.0028849099301080285
7 0.002832265410258681
8 0.002885127125120648
9 0.002903838589699009
10 0.002889600323705755
11 0.0029603098448612018
12 0.002965181200834548
13 0.0029526028174313703
14 0.002931590476281821
15 0.0029718427929502607
16 0.0028937652904323973
17 0.002907765459593515
18 0.0029041581456051703
19 0.0029090449710797005
20 0.0029065292265282702
21 0.0028790584996678495
22 0.002852356631124203
23 0.0029166946552200597
0 0.0029463608929493172
1 0.0029168854359976396
2 0.0029745507859820428
3 0.0029466297254984366
4 0.0029109485263752563
5 0.0028916280743529216
6 0.0029186693394741958
7 0.002875465237345715
8 0.00289783185919033
9 0.0029473656529685195
10 0.00302532344946488
11 0.0031004796333176056
12 0.0031911261778245917
13 0.0031755786552611015
14 0.0031329839357786874
15 0.003207171520640818
16 0.003253716905609407
17 0.0032168727597999235
18 0.0033241589600269917
19 0.003289665685282938
20 0.0032499980644557277
21 0.00336350881285439
22 0.003471056979319593
23 0.003651753014984188
0 0.0036041465539544274
1 0.003514854454387403
2 0.003428837940230372
3 0.003363128564799642
4 0.0032317450809570608
5 0.003068787832889356
6 0.0030229562815488383
7 0.003096647346034844
8 0.003108151709996392
9 0.0030899416714265876
10 0.0031727526925311713
11 0.003208883409120453
12 0.003278389975014026
13 0.0032785101489826245
14 0.0032694676187484425
15 0.003305611488493178
16 0.003361395486464978
17 0.003341544339762293
18 0.0033632080030354754
19 0.003366078221465644
20 0.0035035585677498067
21 0.0037886994741977223
22 0.003981400334202973
23 0.004089861771548017
0 0.004178669317648388
1 0.004066321406479986
2 0.003963375442208878
3 0.003842679075313718
4 0.0037466574733150374
5 0.003686785449675444
6 0.003602315586684563
7 0.0034435271724567117
8 0.003418704425311833
9 0.0034554418608307934
10 0.003470623481156719
11 0.0034339044649663157
12 0.0033809864693873427
13 0.0033186450342795855
14 0.0032809001044716594
15 0.0033202172652244443
16 0.0033645234555221247
17 0.0033297515008312603
18 0.0033106585405550315
19 0.0033425750816943943
20 0.0035553861949689748
21 0.0038678295481703994
22 0.003944302437112401
23 0.003994850397443987
0 0.003881399406858563
1 0.003840726112697736
2 0.0037845346414721666
3 0.00351761859425552
4 0.0033671340978121897
5 0.0032842111713333446
6 0.0032573826900078417
7 0.0032440902200678327
8 0.003241834349675655
9 0.003268651531233838
10 0.0032495759557826178
11 0.0031947267533617516
12 0.0031860820365797065
13 0.0031359143592890994
14 0.003171570747942923
15 0.0032992556046448954
16 0.0033949072256336398
17 0.0033522290897787183
18 0.0032789146984613707
19 0.003331108240588811
20 0.0033433122820013647
21 0.003415528773279035
22 0.003568766711869726
23 0.0035492371426183887
0 0.0034912609984438605
1 0.003342262676443806
2 0.0031472857363719236
3 0.0031596072251006088
4 0.003254161823095228
5 0.0033037103169242916
6 0.003204181337963234
7 0.0032392763433649998
8 0.0032632227832250036
9 0.003291431960754584
10 0.003278199091412034
11 0.0032582406579282955
12 0.0032343707597441702
