0 0.032146
1 0.031486
2 0.026751999999999998
3 0.021614
4 0.017533
5 0.016057
6 0.016062
7 0.017059
8 0.017436
9 0.016353000000000003
10 0.015284
11 0.014613
12 0.013857
13 0.013885
14 0.013976
15 0.014152
16 0.014637
17 0.014164999999999999
18 0.014624
19 0.016116
20 0.021878
21 0.024111999999999998
22 0.025175
23 0.024780999999999997
0 0.025158999999999997
1 0.025541
2 0.026063
3 0.02067
4 0.017728
5 0.016065000000000003
6 0.016300000000000002
7 0.016869
8 0.016972
9 0.017366
10 0.017503
11 0.017452000000000002
12 0.017453
13 0.017662
14 0.016479
15 0.015125999999999999
16 0.014926
17 0.014975
18 0.014865999999999999
19 0.017466000000000002
20 0.024082999999999997
21 0.023781
22 0.021175
23 0.021332
0 0.022134
1 0.022088
2 0.021521000000000002
3 0.02009
4 0.018566
5 0.018614000000000002
6 0.01838
7 0.017356000000000003
8 0.016344
9 0.0166
10 0.016382999999999998
11 0.014903000000000001
12 0.014636
13 0.014269
14 0.013367
15 0.014967000000000001
16 0.015025
17 0.01425
18 0.013013
19 0.014070000000000001
20 0.024695
21 0.027915
22 0.031013000000000002
23 0.032076
0 0.031479
1 0.03121
2 0.026992000000000002
3 0.025414000000000003
4 0.021783
5 0.018234999999999998
6 0.018979
7 0.019715
8 0.021307
9 0.02386
10 0.022439
11 0.019801
12 0.017553
13 0.016786000000000002
14 0.016395
15 0.016905
16 0.016717
17 0.016337
18 0.016478000000000003
19 0.022167000000000003
20 0.033943
21 0.032326
22 0.034402999999999996
23 0.036182
0 0.037353000000000004
1 0.038103000000000005
2 0.037071
3 0.033076
4 0.028811
5 0.022771999999999997
6 0.020383
7 0.02137
8 0.024879000000000002
9 0.028414000000000002
10 0.030943000000000002
11 0.028247
12 0.021959
13 0.018625
14 0.016394
15 0.016782
16 0.01648
17 0.016774
18 0.017616
19 0.023315000000000002
20 0.04063
21 0.035418
22 0.036208
23 0.037627
0 0.03757
1 0.037416
2 0.03382
3 0.026515
4 0.022148
5 0.020554
6 0.020393
7 0.021477
8 0.023169000000000002
9 0.023400999999999998
10 0.019948
11 0.018295000000000002
12 0.015723
13 0.015316000000000001
14 0.016087
15 0.015905
16 0.016219
17 0.014830999999999999
18 0.015691
19 0.020413
20 0.028998
21 0.029329
22 0.03487
23 0.032314
0 0.029265999999999997
1 0.025761
2 0.021093
3 0.018099
4 0.016606000000000003
5 0.015300000000000001
6 0.016575
7 0.016499
8 0.019674
9 0.021307
10 0.019815000000000003
11 0.019891
12 0.02152
