0 0.0052
1 0.0058
2 0.0086
3 0.0078
4 0.0041
5 0.0041
6 0.0008
7 0.0019
8 0.0049
9 0.0219
10 0.0468
11 0.0577
12 0.0674
13 0.0825
14 0.0808
15 0.0714
16 0.0672
17 0.0624
18 0.0544
19 0.0473
20 0.0508
21 0.0427
22 0.0279
23 0.0128
0 0.0258
1 0.0193
2 0.0155
3 0.0128
4 0.0106
5 0.0046
6 0.0043
7 0.0032
8 0.0117
9 0.0346
10 0.053
11 0.0631
12 0.078
13 0.0903
14 0.1024
15 0.0845
16 0.0729
17 0.0651
18 0.0522
19 0.0373
20 0.0239
21 0.0484
22 0.0571
23 0.0249
0 0.018
1 0.0134
2 0.0155
3 0.0131
4 0.0109
5 0.0111
6 0.0072
7 0.0054
8 0.0266
9 0.0432
10 0.0396
11 0.0394
12 0.0437
13 0.0592
14 0.0542
15 0.0535
16 0.0583
17 0.0572
18 0.046
19 0.0362
20 0.0265
21 0.0161
22 0.0061
23 0.0066
0 0.0053
1 0.0078
2 0.0124
3 0.0063
4 0.0086
5 0.0029
6 0.0006
7 0.0021
8 0.0083
9 0.0244
10 0.0471
11 0.0589
12 0.0648
13 0.0796
14 0.107
15 0.1098
16 0.0812
17 0.0714
18 0.0598
19 0.0422
20 0.0188
21 0.0203
22 0.0117
23 0.0182
0 0.0181
1 0.0089
2 0.0216
3 0.021
4 0.0199
5 0.015
6 0.0023
7 0.002
8 0.0083
9 0.0254
10 0.0589
11 0.0809
12 0.0969
13 0.1115
14 0.0
15 0.0
16 0.0
17 0.0
18 0.0
19 0.0
20 0.0
21 0.0
22 0.0
23 0.0
0 0.0
1 0.0
2 0.0
3 0.0
4 0.0
5 0.0
6 0.0
7 0.0
8 0.0
9 0.0
10 0.0
11 0.0
12 0.0
13 0.0
14 0.0
15 0.0
16 0.0
17 0.0
18 0.0
19 0.0
20 0.0
21 0.0
22 0.0
23 0.0
0 0.0
1 0.0
2 0.0
3 0.0
4 0.0
5 0.0
6 0.0
7 0.0
8 0.0
9 0.0
10 0.0
11 0.0
12 0.0
13 0.0
14 0.0
15 0.0
