0 0.0
1 0.0
2 0.0
3 0.0
4 0.0
5 0.0
6 0.0
7 0.0
8 0.0
9 0.0
10 0.0596
11 0.0603
12 0.0598
13 0.0596
14 0.0593
15 0.0587
16 0.0586
17 0.0581
18 0.0561
19 0.0551
20 0.0536
21 0.0527
22 0.061
23 0.0569
0 0.1092
1 0.1714
2 0.0
3 0.0
4 0.0
5 0.0
6 0.0
7 0.0
8 0.1706
9 0.0585
10 0.0618
11 0.0618
12 0.0616
13 0.0617
14 0.0612
15 0.0594
16 0.0588
17 0.0583
18 0.0571
19 0.0555
20 0.0539
21 0.0956
22 0.0
23 0.0
0 0.0
1 0.0
2 0.0
3 0.0
4 0.0
5 0.0
6 0.0
7 0.0
8 0.1188
9 0.0597
10 0.0623
11 0.0627
12 0.0628
13 0.0627
14 0.0612
15 0.0606
16 0.0596
17 0.059
18 0.0589
19 0.0571
20 0.0552
21 0.0546
22 0.0537
23 0.0532
0 0.1284
1 0.1672
2 0.1602
3 0.0
4 0.0
5 0.0
6 0.0
7 0.0
8 0.0989
9 0.0601
10 0.0618
11 0.0628
12 0.0622
13 0.0625
14 0.0619
15 0.0617
16 0.0595
17 0.0574
18 0.0575
19 0.0566
20 0.0563
21 0.0553
22 0.0543
23 0.0612
0 0.0662
1 0.0841
2 0.1251
3 0.169
4 0.1669
5 0.1826
6 0.0
7 0.0
8 0.0584
9 0.0615
10 0.0615
11 0.062
12 0.0604
13 0.0611
14 0.0
15 0.0
16 0.0
17 0.0
18 0.0
19 0.0
20 0.0
21 0.0
22 0.0
23 0.0
0 0.0
1 0.0
2 0.0
3 0.0
4 0.0
5 0.0
6 0.0
7 0.0
8 0.0
9 0.0
10 0.0
11 0.0
12 0.0
13 0.0
14 0.0
15 0.0
16 0.0
17 0.0
18 0.0
19 0.0
20 0.0
21 0.0
22 0.0
23 0.0
0 0.0
1 0.0
2 0.0
3 0.0
4 0.0
5 0.0
6 0.0
7 0.0
8 0.0
9 0.0
10 0.0
11 0.0
12 0.0
13 0.0
14 0.0
15 0.0
