0 0.003
1 0.003
2 0.0029
3 0.0028
4 0.0028
5 0.0028
6 0.003
7 0.0029
8 0.0028
9 0.0029
10 0.0025
11 0.0023
12 0.0019
13 0.0018
14 0.0018
15 0.0019
16 0.0019
17 0.0021
18 0.0022
19 0.0023
20 0.0021
21 0.0023
22 0.0027
23 0.0029
0 0.0027
1 0.0028
2 0.0028
3 0.0028
4 0.003
5 0.0028
6 0.0028
7 0.0029
8 0.003
9 0.0025
10 0.0019
11 0.0015
12 0.0008
13 0.0005
14 0.0
15 0.0004
16 0.0007
17 0.001
18 0.0013
19 0.0018
20 0.0024
21 0.0017
22 0.0012
23 0.0021
0 0.0025
1 0.0026
2 0.0025
3 0.0027
4 0.0026
5 0.0025
6 0.0027
7 0.0028
8 0.0022
9 0.0013
10 0.0012
11 0.001
12 0.0007
13 0.0002
14 0.0
15 0.0
16 0.0
17 0.0
18 0.0001
19 0.0006
20 0.0014
21 0.0019
22 0.0028
23 0.0027
0 0.0027
1 0.0026
2 0.0022
3 0.0025
4 0.0022
5 0.0028
6 0.003
7 0.0029
8 0.0026
9 0.0012
10 0.0
11 0.0
12 0.0
13 0.0
14 0.0
15 0.0
16 0.0
17 0.0
18 0.0
19 0.0
20 0.0004
21 0.0005
22 0.0017
23 0.0006
0 0.0006
1 0.0017
2 0.0002
3 0.0002
4 0.0001
5 0.0005
6 0.0025
7 0.0029
8 0.0021
9 0.0001
10 0.0
11 0.0
12 0.0
13 0.0
14 0.0
15 0.0
16 0.0
17 0.0
18 0.0
19 0.0
20 0.0
21 0.0
22 0.0
23 0.0
0 0.0
1 0.0
2 0.0
3 0.0
4 0.0
5 0.0
6 0.0
7 0.0
8 0.0
9 0.0
10 0.0
11 0.0
12 0.0
13 0.0
14 0.0
15 0.0
16 0.0
17 0.0
18 0.0
19 0.0
20 0.0
21 0.0
22 0.0
23 0.0
0 0.0
1 0.0
2 0.0
3 0.0
4 0.0
5 0.0
6 0.0
7 0.0
8 0.0
9 0.0
10 0.0
11 0.0
12 0.0
13 0.0
14 0.0
15 0.0
