0 0.0
1 0.0
2 0.0
3 0.0
4 0.0
5 0.0
6 0.0
7 0.0
8 0.0
9 0.0
10 0.0
11 0.0
12 0.05991428571428571
13 0.05974666666666666
14 0.05951612903225807
15 0.0591015873015873
16 0.058848818897637795
17 0.05919697097048689
18 0.05862230101611142
19 0.05787985136949578
20 0.056905706348697946
21 0.05590028008307089
22 0.056571121203822225
23 0.056505656534546644
0 0.08327019607843136
1 0.12755725490196076
2 0.0
3 0.0
4 0.0
5 0.0
6 0.0
7 0.0
8 0.0
9 0.0
10 0.07640000000000001
11 0.06861333333333335
12 0.06499354838709678
13 0.06332063492063492
14 0.06225196850393701
15 0.060820392156862746
16 0.06055234214090357
17 0.06040244338715761
18 0.05968873823547284
19 0.05870200762135407
20 0.05747701261101303
21 0.07320881651268296
22 0.0
23 0.0
0 0.0
1 0.0
2 0.0
3 0.0
4 0.0
5 0.0
6 0.0
7 0.0
8 0.0
9 0.0
10 0.06962857142857144
11 0.06593333333333334
12 0.06431612903225807
13 0.0634952380952381
14 0.06233858267716535
15 0.0614771004096843
16 0.061398093887863714
17 0.06117674716908567
18 0.06071547805126394
19 0.05984538348689214
20 0.05866263868747751
21 0.05769613124700991
22 0.05668718899976817
23 0.05581059815740641
0 0.09128941176470587
1 0.12945686274509802
2 0.14502705882352943
3 0.0
4 0.0
5 0.0
6 0.0
7 0.0
8 0.0
9 0.0
10 0.06661428571428571
11 0.06458
12 0.0633516129032258
13 0.06291904761904762
14 0.06240551181102362
15 0.06239767083217394
16 0.06153193964300331
17 0.06093113500913563
18 0.06028495510461533
19 0.0594158025266504
20 0.05863503612269565
21 0.05771851693708305
22 0.056734609065122336
23 0.05723457197350535
0 0.05918782157606045
1 0.06930752820683912
2 0.09928470588235294
3 0.1343627450980392
4 0.15084823529411767
5 0.16697372549019607
6 0.0
7 0.0
8 0.0
9 0.0
10 0.06454545454545454
11 0.06298971193415638
12 0.061449799196787155
13 0.06103174603174603
14 0.0
15 0.0
16 0.0
17 0.0
18 0.0
19 0.0
20 0.0
21 0.0
22 0.0
23 0.0
0 0.0
1 0.0
2 0.0
3 0.0
4 0.0
5 0.0
6 0.0
7 0.0
8 0.0
9 0.0
10 0.0
11 0.0
12 0.0
13 0.0
14 0.0
15 0.0
16 0.0
17 0.0
18 0.0
19 0.0
20 0.0
21 0.0
22 0.0
23 0.0
0 0.0
1 0.0
2 0.0
3 0.0
4 0.0
5 0.0
6 0.0
7 0.0
8 0.0
9 0.0
10 0.0
11 0.0
12 0.0
13 0.0
14 0.0
15 0.0
