0 0.0
1 0.0
2 0.0
3 0.0
4 0.0
5 0.0
6 0.0
7 0.0
8 0.0
9 0.012799215686274509
10 0.02987450980392157
11 0.043885098039215684
12 0.055766666666666666
13 0.06928705882352941
14 0.07520039215686274
15 0.0734364705882353
16 0.07044039215686272
17 0.06716855814154073
18 0.06339181190736823
19 0.05555571579132686
20 0.05344294331574838
21 0.04787216128282474
22 0.03755686274509804
23 0.025063529411764703
0 0.025350588235294114
1 0.022240784313725486
2 0.018794117647058822
3 0.01572941176470588
4 0.013085882352941178
5 0.008768235294117646
6 0.006487843137254901
7 0.004825098039215687
8 0.008234901960784314
9 0.02144745098039216
10 0.037297254901960786
11 0.0502972549019608
12 0.0642807843137255
13 0.07745843137254903
14 0.09012156862745098
15 0.08747019607843139
16 0.0803050980392157
17 0.0731179449907794
18 0.06278117101568893
19 0.0498392156862745
20 0.0367635294117647
21 0.042499607843137256
22 0.04971098039215686
23 0.0371886274509804
0 0.02748666666666667
1 0.020341960784313724
2 0.017849019607843138
3 0.01542705882352941
4 0.013138039215686275
5 0.012045882352941179
6 0.009525098039215689
7 0.007424313725490196
8 0.017029019607843136
9 0.030172941176470586
10 0.034933725490196084
11 0.03721843137254902
12 0.04052352941176471
13 0.04995607843137255
14 0.05217019607843138
15 0.05292941176470589
16 0.05392533682218864
17 0.055208041985657826
18 0.05221402265170344
19 0.045828172497800655
20 0.03507450980392157
21 0.02550274509803922
22 0.01570705882352941
23 0.01106156862745098
0 0.00807686274509804
1 0.00784156862745098
2 0.010054901960784313
3 0.008118823529411765
4 0.008324313725490196
5 0.005586274509803922
6 0.0030823529411764705
7 0.00258235294117647
8 0.0054470588235294125
9 0.014956078431372552
10 0.03109607843137255
11 0.04510117647058823
12 0.0550607843137255
13 0.06748078431372549
14 0.08744901960784311
15 0.0988356862745098
16 0.0901607843137255
17 0.08087254901960785
18 0.07146652580501961
19 0.0562478431372549
20 0.03743372549019607
21 0.028750588235294115
22 0.020038431372549015
23 0.01893960784313726
0 0.018396078431372552
1 0.01352549019607843
2 0.01748784313725491
3 0.019202352941176472
4 0.019553333333333336
5 0.017266274509803923
6 0.009764705882352943
7 0.005850588235294118
8 0.007056078431372547
9 0.016260392156862744
10 0.03765333333333333
11 0.05939411764705882
12 0.07829803921568627
13 0.09508823529411765
14 0.0
15 0.0
16 0.0
17 0.0
18 0.0
19 0.0
20 0.0
21 0.0
22 0.0
23 0.0
0 0.0
1 0.0
2 0.0
3 0.0
4 0.0
5 0.0
6 0.0
7 0.0
8 0.0
9 0.0
10 0.0
11 0.0
12 0.0
13 0.0
14 0.0
15 0.0
16 0.0
17 0.0
18 0.0
19 0.0
20 0.0
21 0.0
22 0.0
23 0.0
0 0.0
1 0.0
2 0.0
3 0.0
4 0.0
5 0.0
6 0.0
7 0.0
8 0.0
9 0.0
10 0.0
11 0.0
12 0.0
13 0.0
14 0.0
15 0.0
