0 0.0013735820833333302
1 0.0012330954166666702
2 0.00112061875
3 0.00120577791666667
4 0.0011676862500000001
5 0.00129947625
6 0.00126834958333333
7 0.0014876845833333302
8 0.00208647
9 0.09305787916666669
10 0.052288791666666695
11 0.022532233333333297
12 0.00614027916666667
13 0.005283945833333329
14 0.00392225416666667
15 0.0028936916666666697
16 0.00237384166666667
17 0.0022028208333333297
18 0.0017466262500000001
19 0.0014666079166666699
20 0.0017032
21 0.00171160041666667
22 0.00176006958333333
23 0.00155825333333333
0 0.0014223508333333298
1 0.00149319166666667
2 0.00147874041666667
3 0.0014774529166666698
4 0.0018194875
5 0.00181057958333333
6 0.00169272458333333
7 0.00625505833333333
8 0.00690852083333333
9 0.012520779166666699
10 0.0169985
11 0.019718
12 0.032004208333333305
13 0.024262
14 0.0138790666666667
15 0.0112188458333333
16 0.00766180833333333
17 0.00470905416666667
18 0.00316579583333333
19 0.00228786666666667
20 0.0022555375
21 0.0022365625
22 0.00258658333333333
23 0.0028294125
0 0.00286097916666667
1 0.00280052083333333
2 0.00283406666666667
3 0.00293692916666667
4 0.00411090416666667
5 0.00461577916666667
6 0.0048375083333333305
7 0.0056110875
8 0.012066595833333301
9 0.010344775
10 0.0157569166666667
11 0.0618414583333333
12 0.08795775
13 0.039951041666666694
14 0.026832625
15 0.00493285416666667
16 0.00242179583333333
17 0.0021773333333333297
18 0.0019113833333333301
19 0.0023953625
20 0.0024618125
21 0.00255287916666667
22 0.002335325
23 0.00258033333333333
0 0.00265905
1 0.00263670833333333
2 0.00385517083333333
3 0.00546147083333333
4 0.0049362625
5 0.00779562083333333
6 0.0166106208333333
7 0.0284080833333333
8 0.0267054375
9 0.030099929166666702
10 0.021009416666666697
11 0.023852291666666702
12 0.0147883166666667
13 0.00740079166666667
14 0.00353274166666667
15 0.00234695416666667
16 0.0025588625
17 0.003789075
18 0.00242688333333333
19 0.00212728333333333
20 0.0023373
21 0.002204005
22 0.00256305833333333
23 0.00384386666666666
0 0.0031416416666666704
1 0.00391320833333333
2 0.0054666083333333405
3 0.006911683333333339
4 0.0079838125
5 0.011932070833333301
6 0.0150957791666667
7 0.0222695833333333
8 0.016352770833333297
9 0.0467769166666667
10 0.041486625
11 0.0524271666666667
12 0.0486242083333333
13 0.015167958333333299
14 0.014726416666666698
15 0.012849500000000002
16 0.00940925833333333
17 0.0068541833333333295
18 0.005972220833333331
19 0.00336000416666667
20 0.00297164166666667
21 0.00321042083333333
22 0.0038198249999999998
23 0.00309141666666667
0 0.00330520416666667
1 0.00446641666666667
2 0.00416029891304348
3 0.0
4 0.0050393125
5 0.00540914166666667
6 0.0047018333333333304
7 0.0043941
8 0.0068740500000000005
9 0.0062796875
10 0.00424631666666667
11 0.00346458333333333
12 0.0027628666666666703
13 0.0024034499999999997
14 0.00219042083333333
15 0.00204377083333333
16 0.0018374345833333302
17 0.0019122874999999999
18 0.0023539625
19 0.0023036708333333297
20 0.002586525
21 0.0026522250000000002
22 0.0023717375000000002
23 0.00225307083333333
0 0.00185623083333333
1 0.00183673625
2 0.001715735
3 0.00175447166666667
4 0.0018468325
5 0.002166125
6 0.00247089166666667
7 0.00888669166666667
8 0.006304241666666669
9 0.0035552041666666702
10 0.00960340416666667
11 0.0124229375
12 0.098979625
