0 0.0
1 0.0
2 0.0
3 0.0
4 0.0
5 0.0
6 0.0
7 0.00463463888888888
8 0.00521358611111111
9 0.763431486111111
10 0.444750725
11 0.166182425
12 0.000110333333333333
13 0.00109789444444444
14 0.0027723888888889
15 0.1061063375
16 0.000736108333333334
17 0.000586027777777777
18 0.0173933
19 0.0125746736111111
20 0.0766377611111111
21 0.0218994388888889
22 0.0121941013888889
23 0.0128034069444445
0 0.000249616666666666
1 0.0
2 0.000140583333333333
3 0.000282694444444445
4 0.00309988888888889
5 0.0043896625
6 0.0249151222222222
7 0.322952454166667
8 0.518863397222222
9 0.691009166666667
10 0.633308888888889
11 0.489096805555556
12 0.293463888888889
13 0.110396494444444
14 0.0809759458333334
15 0.0611505430555556
16 0.0614447055555555
17 0.0846919138888889
18 0.0638794166666667
19 0.0529015930555556
20 0.0499006638888889
21 0.0393932958333333
22 0.150717623611111
23 0.285737152777778
0 0.495698194444444
1 0.4160005
2 0.262688877777778
3 0.195634802777778
4 0.139906348611111
5 0.0931716236111111
6 0.148462826388889
7 0.150539483333333
8 0.298185988888889
9 0.346121205555556
10 0.253008555555556
11 0.294186513888889
12 0.30758125
13 0.179539645833333
14 0.106523947222222
15 0.0285900777777778
16 0.00601895
17 0.000331847222222222
18 0.00279929444444444
19 0.0221679347222222
20 0.128309013888889
21 0.0620003666666667
22 0.065868775
23 0.120392313888889
0 0.107823302777778
1 0.0368207847222222
2 0.261162077777778
3 0.322476131944445
4 0.201696551388889
5 0.0286251708333333
6 0.0225742944444445
7 0.346117155555556
8 0.535450694444444
9 0.367650375
10 0.271367251388889
11 0.226201115277778
12 0.0970647375
13 0.0248883027777778
14 0.0053236375
15 0.000796804166666667
16 5.28055555555555e-5
17 0.000302722222222222
18 0.000927005555555556
19 0.0239932055555556
20 0.152037948611111
21 0.114479152777778
22 0.229319733333333
23 0.648592361111111
0 0.286144726388889
1 0.147853129166667
2 0.0820699003623188
3 0.0
4 0.0216444777777778
5 0.0247135208333333
6 0.0328742944444444
7 0.177253841666667
8 0.600011388888889
9 0.633674027777778
10 0.464236388888889
11 0.399801977777778
12 0.249865779166667
13 0.0385012472222223
14 0.00975992222222222
15 0.00245569583333333
16 0.000570833333333333
17 0.0
18 0.000241711111111111
19 0.00862824305555556
20 0.0425004930555555
21 0.115457761111111
22 0.301380626388889
23 0.178237193055556
0 0.135872798611111
1 0.143371580555556
2 0.0944671486111111
3 0.0450400458333333
4 0.0477424041666667
5 0.035287125
6 0.086504825
7 0.467939048611111
8 1.10389097222222
9 0.452364947222222
10 0.107298226388889
11 0.123189283333333
12 0.0836666611111111
13 0.135979588888889
14 0.1349806125
15 0.1667983
16 0.146640365277778
17 0.126452452777778
18 0.153821091666667
19 0.2516218125
20 0.344170388888889
21 0.373671305555555
22 0.383363222222222
23 0.371990638888889
0 0.410648527777778
1 0.334071666666667
2 0.325768333333333
3 0.319612847222222
4 0.329539694444444
5 0.407969638888889
6 0.424054027777778
7 0.708161805555555
8 0.84863375
9 0.644223888888889
10 0.657101527777778
11 0.647221944444445
12 0.73128375
