0 26.16
1 11.7165555555556
2 14.9156111111111
3 10.7113888888889
4 7.04216666666667
5 13.6241666666667
6 9.70233333333333
7 22.7722777777778
8 36.2843888888889
9 57.549
10 95.9056666666666
11 70.4067222222222
12 57.8749444444445
13 65.6722222222222
14 61.1823888888889
15 53.3446666666667
16 47.9381111111111
17 48.0610555555556
18 48.7160555555556
19 38.2132222222222
20 33.1272777777778
21 35.2213333333333
22 39.6665555555556
23 28.4391666666667
0 24.0296111111111
1 24.9899444444445
2 22.2664444444444
3 18.446
4 24.5356666666667
5 38.6913333333333
6 34.4921666666667
7 42.9361111111111
8 91.2431111111111
9 104.323222222222
10 116.171722222222
11 120.937055555556
12 112.901166666667
13 78.6075
14 55.3678888888889
15 46.6040555555556
16 50.3799444444444
17 55.8039444444445
18 46.6232222222222
19 50.3993888888889
20 31.5761666666667
21 34.4895555555556
22 28.6231111111111
23 35.4838888888889
0 64.4843333333334
1 76.6237222222222
2 72.4758888888889
3 118.650777777778
4 159.9605
5 139.555722222222
6 101.521111111111
7 88.7468888888889
8 100.602222222222
9 101.883333333333
10 81.6280555555555
11 71.6214444444445
12 57.8058333333333
13 42.7888333333333
14 32.8165
15 32.0848333333333
16 46.9676666666667
17 71.4225
18 62.9078333333333
19 40.1968333333333
20 6.9415
21 0.113
22 9.151
23 16.8636666666667
0 21.6965
1 26.3638333333333
2 40.3113333333333
3 110.909166666667
4 91.4101666666667
5 67.1616666666667
6 55.3676666666667
7 51.7928333333333
8 97.9745
9 83.888
10 86.6115
11 62.3753333333333
12 46.3175
13 32.8951666666667
14 49.9995
15 58.1036666666667
16 71.806
17 97.0008333333333
18 103.2725
19 78.1636666666667
20 15.3391666666667
21 0.0
22 2.29066666666667
23 48.9098333333333
0 87.1211666666667
1 78.074
2 161.328166666667
3 180.006333333333
4 143.785333333333
5 75.7818333333334
6 88.901
7 81.0013333333333
8 104.6445
9 103.486833333333
10 101.864166666667
11 82.3438333333333
12 66.7656666666666
13 66.3427222222223
14 71.6899444444445
15 94.8729444444444
16 107.429888888889
17 111.801666666667
18 105.765555555556
19 87.9115555555556
20 29.2302777777778
21 0.00227777777777778
22 4.01105555555555
23 16.2937777777778
0 52.0126666666667
1 98.9098333333334
2 118.305555555556
3 140.343777777778
4 128.596611111111
5 115.252555555556
6 116.804944444444
7 121.926388888889
8 129.003555555556
9 179.896833333333
10 57.6099444444444
11 54.5838888888889
12 42.0617222222222
13 0.0
14 0.0
15 61.3926388888889
16 86.2947222222222
17 94.9719444444444
18 98.7130555555556
19 78.3926666666667
20 40.5425
21 4.16194444444445
22 7.622
23 11.2342777777778
0 24.6503333333333
1 21.3545
2 34.0731666666667
3 37.5632777777778
4 64.1486666666667
5 111.302166666667
6 167.638277777778
7 127.405888888889
8 134.284944444444
9 100.355666666667
10 0.0
11 0.0
12 0.0
