0 0.00370759636111111
1 0.00431852638888889
2 0.00382549911111111
3 0.00409617916666667
4 0.00398003277777778
5 0.00319090036111111
6 0.00398534761111111
7 0.00369451218333333
8 0.0028098901111111097
9 0.0054468944444444395
10 0.00646413888888889
11 0.00732016111111111
12 0.010250444444444399
13 0.018729238888888902
14 0.0394888194444444
15 0.0383902222222222
16 0.037808111111111105
17 0.0325421388888889
18 0.0275803055555556
19 0.0214596805555556
20 0.013649726388888901
21 0.010457325000000002
22 0.00473908161111111
23 0.0108144611111111
0 0.0109393138888889
1 0.00816855416666667
2 0.00609549361111111
3 0.0107787083333333
4 0.0033647122777777797
5 0.00264105416666667
6 0.00307162138888889
7 0.0033492208333333303
8 0.0051438
9 0.0075092444444444404
10 0.0120019458333333
11 0.0170595
12 0.024468736111111097
13 0.0415247916666667
14 0.050204111111111095
15 0.0542377083333334
16 0.051727861111111106
17 0.0474420555555556
18 0.0433035416666667
19 0.0337281861111111
20 0.0303871111111111
21 0.0274715833333333
22 0.0165360930555556
23 0.00774769805555556
0 0.00386982990277778
1 0.00493540666666667
2 0.00432393722222222
3 0.00424152611111111
4 0.00524576994444444
5 0.00624467075
6 0.00738739269444444
7 0.004791516944444439
8 0.008831089688888889
9 0.0117904905555556
10 0.016502175
11 0.025125055555555602
12 0.0340024027777778
13 0.0406280555555556
14 0.0406240555555556
15 0.0262490555555556
16 0.02613225
17 0.0256029444444444
18 0.0203903333333333
19 0.0205806388888889
20 0.0146625277777778
21 0.0152263333333333
22 0.0117082027777778
23 0.00700567222222222
0 0.00334008222222222
1 0.00578306944444445
2 0.00654751481481482
3 0.00678325185185185
4 0.0061313222222222205
5 0.00557695277777778
6 0.00527881944444444
7 0.00830663611111111
8 0.008326375
9 0.00793075
10 0.0117731
11 0.0157814166666667
12 0.0186906944444444
13 0.0250149444444444
14 0.0363037638888889
15 0.033918736111111104
16 0.037626694444444504
17 0.0337645833333333
18 0.0212749027777778
19 0.013160573611111101
20 0.009287588888888889
21 0.00715162555555556
22 0.00308078875
23 0.00284228736111111
0 0.00260836388888889
1 0.00296390138888889
2 0.00349566388888889
3 0.0063492277777777795
4 0.00644973611111111
5 0.0060991097222222205
6 0.0055198291666666705
7 0.00603887777777778
8 0.00583828333333333
9 0.00916821805555555
10 0.0114014166666667
11 0.0160422777777778
12 0.025804194444444397
13 0.0430302361111111
14 0.0464424305555556
15 0.0511653472222222
16 0.0532302638888889
17 0.052302
18 0.042442194444444505
19 0.0253653611111111
20 0.0221020972222222
21 0.0130415777777778
22 0.00566090416666666
23 0.00708045
0 0.00542769583333333
1 0.00313543305555556
2 0.00363890138888889
3 0.00482032638888889
4 0.004913681944444441
5 0.00603623472222222
6 0.005683325
7 0.00629839305555555
8 0.00784420972222222
9 0.00916179583333333
10 0.0181670972222222
11 0.026213930555555598
12 0.0333832916666667
13 0.0370019722222222
14 0.049700486111111095
15 0.0368849166666667
16 0.0314115
17 0.029860125
18 0.025822194444444398
19 0.0195160083333333
20 0.019411055555555598
21 0.017719102777777797
22 0.0144697444444445
23 0.0130673736111111
0 0.0115677375
1 0.00573157919444445
2 0.00351626611111111
3 0.00433135608333333
4 0.00379691186111111
5 0.0042024541666666705
6 0.00505964527777778
7 0.008022679722222219
8 0.00627710944444445
9 0.00667185625
10 0.0109495972222222
11 0.0126654736111111
12 0.0194629194444444
