0 0.0
1 0.0
2 0.0
3 0.0
4 0.0
5 0.0
6 0.0
7 0.0
8 0.0
9 0.4383982507936507
10 0.441786237037037
11 0.29953910824372765
12 0.14744830194003528
13 0.07369691548556431
14 0.038095584488017434
15 0.07229992510893246
16 0.03650923735294117
17 0.01705185715686274
18 0.016384622843137252
19 0.014178456557734198
20 0.04555816261437909
21 0.033769588093681926
22 0.02300031868736384
23 0.017718915893246215
0 0.008983312374727683
1 0.0
2 0.0
3 0.0
4 0.002171025488145051
5 0.0032808284469185794
6 0.014295700824479849
7 0.17045700744400544
8 0.346366934951881
9 0.5193638198910676
10 0.5775778608714599
11 0.5342957922549024
12 0.4144491817483663
13 0.26263069462962957
14 0.17191324341503267
15 0.11601855615468411
16 0.08783473145969496
17 0.08507446531590412
18 0.07336041261437909
19 0.062275718104575196
20 0.05561061604575165
21 0.04736273398148148
22 0.09917692718409579
23 0.19289740588235305
0 0.34514927759259245
1 0.3812245134749455
2 0.32234651809912857
3 0.25927052947712437
4 0.19976492077886712
5 0.14657371989651416
6 0.14751385197167763
7 0.14876157418300637
8 0.22308650270152505
9 0.2844668359041396
10 0.2687187147058827
11 0.2816458529466233
12 0.29494232578976043
13 0.23741033487472754
14 0.17188490795206954
15 0.0999983763834422
16 0.052435786644880134
17 0.025705798583877972
18 0.013761940119825695
19 0.017431567657952052
20 0.07251877658496737
21 0.06702910245098043
22 0.06636922270152507
23 0.09356077267973864
0 0.10089165410675395
1 0.06892776635076259
2 0.1655515157570807
3 0.2446026634531594
4 0.22329350455337715
5 0.12589389613289773
6 0.07414920415032687
7 0.21057577758169962
8 0.3738517210947711
9 0.3713997335185185
10 0.3214035025980393
11 0.273613534395425
12 0.1851339755283225
13 0.10500381196078436
14 0.05512989991285405
15 0.02728625331154685
16 0.012619729651416127
17 0.00574093642156863
18 0.0028036959967320274
19 0.013001964678649261
20 0.08262774725490193
21 0.09872911834967328
22 0.16446363387254892
23 0.40779818485838776
0 0.3475324201742919
1 0.24798208919389997
2 0.16518509849341673
3 0.0
4 0.0
5 0.0
6 0.03745209976805528
7 0.10866283998000173
8 0.3588774747096158
9 0.4983220239803519
10 0.48196440496500453
11 0.44072208857298495
12 0.34574142661764734
13 0.1921483716775601
14 0.1009088246514162
15 0.05133951877995647
16 0.024779802418300672
17 0.0
18 0.0
19 0.0
20 0.025407598175267283
21 0.07204676429374711
22 0.1891219745296592
23 0.18398395520421632
0 0.16010001235783036
1 0.15170299561002204
2 0.1232698278703705
3 0.08422633254357303
4 0.06599464661220047
5 0.050483688480392176
6 0.06807293163943355
7 0.2685740329793029
8 0.6881305774509793
9 0.570853631683006
10 0.3391010880119823
11 0.23129841947167726
12 0.15755298001089307
13 0.14696372065359475
14 0.14106721714052287
15 0.1533422865141612
16 0.14811436392156874
17 0.13665733855236992
18 0.14530498574726156
19 0.19872470936819184
20 0.2719583407516341
21 0.3232808853431371
22 0.35380907850762505
23 0.363302196617647
0 0.38749302526143803
1 0.3611894424618739
2 0.3488490021281333
3 0.3478353330067269
4 0.343274697534817
5 0.3587999629529456
6 0.37627586247198486
7 0.5531396094771239
8 0.7017454742919389
9 0.6735928232026145
10 0.6659968484204796
11 0.6572517672113293
12 0.6950554920479305
