0 0.0126485632183908
1 0.0111344827586207
2 0.0121443452380952
3 0.012007902298850601
4 0.0117300925925926
5 0.0125268518518519
6 0.011580994152046801
7 0.0151648484848485
8 0.0169855263157895
9 0.0234548245614035
10 0.016534195402298897
11 0.011649435028248601
12 0.00681222222222222
13 0.00934269005847953
14 0.00874712121212121
15 0.00948418079096045
16 0.00832976190476191
17 0.00743065476190476
18 0.00596339285714286
19 0.0067966666666666705
20 0.014474415204678398
21 0.0140318452380952
22 0.0216722222222222
23 0.0104265151515151
0 0.00902469135802469
1 0.0121789285714286
2 0.015023706896551699
3 0.006925
4 0.0156614197530864
5 0.017101934523809502
6 0.0126037356321839
7 0.014923563218390801
8 0.021649122807017498
9 0.0255290960451977
10 0.0271683641975309
11 0.029449213836478
12 0.0295049707602339
13 0.0151910493827161
14 0.00882752976190476
15 0.008433333333333331
16 0.0117063218390805
17 0.008843567251461988
18 0.0134981818181818
19 0.008870909090909089
20 0.005866810344827589
21 0.00609137426900585
22 0.0122032407407407
23 0.0211162121212121
0 0.022462946428571398
1 0.0185720238095238
2 0.0197459770114943
3 0.0200623511904762
4 0.0221330409356725
5 0.0198771551724138
6 0.0196902777777778
7 0.0201443452380952
8 0.0213790909090909
9 0.0184442424242424
10 0.0207119047619048
11 0.0195146551724138
12 0.016634748427673
13 0.00917616959064328
14 0.006210201149425289
15 0.00421138888888889
16 0.00298640350877193
17 0.0035375000000000003
18 0.00484020467836257
19 0.00396651785714286
20 0.00848184523809524
21 0.007786477987421389
22 0.0108202586206897
23 0.0151395114942529
0 0.018738030303030298
1 0.0115537037037037
2 0.0123037735849057
3 0.0146620535714286
4 0.0143776785714286
5 0.0155864942528736
6 0.0167977678571429
7 0.0231615497076024
8 0.0220906060606061
9 0.0210319444444444
10 0.0171803571428571
11 0.0201733630952381
12 0.0208515151515152
13 0.0133930303030303
14 0.00596228813559322
15 0.00405336257309942
16 0.004409591194968549
17 0.00585833333333333
18 0.00990964912280702
19 0.0123818452380952
20 0.0159157575757576
21 0.018744005847953202
22 0.027272844827586202
23 0.0300556060606061
0 0.022794152046783603
1 0.020032547169811298
2 0.022284375000000002
3 0.020957440476190498
4 0.018734649122807
5 0.0204727678571429
6 0.0233312865497076
7 0.0273973163841808
8 0.0257318452380952
9 0.0304970125786164
10 0.036393859649122805
11 0.0344117231638418
12 0.024495032051282
13 0.0129815789473684
14 0.00842528735632184
15 0.00958424242424242
16 0.00947924242424243
17 0.00946219135802469
18 0.0145646198830409
19 0.017538734567901202
20 0.0130415204678363
21 0.018998245614035097
22 0.028549696969697
23 0.0226209090909091
0 0.0201040196078431
1 0.025070370370370403
2 0.023707183908046003
3 0.0223314814814815
4 0.0221830508474576
5 0.021036212121212098
6 0.020778636363636402
7 0.022033166666666697
8 0.0213987421383648
9 0.0232837797619048
10 0.0099562865497076
11 0.00682725988700565
12 0.00400330459770115
13 0.0053535310734463305
14 0.0041483050847457605
15 0.00412456896551724
16 0.0049885057471264396
17 0.00574985632183908
18 0.0077114406779661
19 0.0108284226190476
20 0.006817261904761901
21 0.00571812865497076
22 0.010466815476190501
23 0.0100067901234568
0 0.0103965277777778
1 0.0175098484848485
2 0.016508333333333302
3 0.0135412202380952
4 0.014409913793103501
5 0.014122222222222201
6 0.014118181818181799
7 0.028512134502924
8 0.027353846153846197
9 0.0255669696969697
10 0.0222863636363636
11 0.0248465517241379
12 0.0291384259259259
