0 0.0
1 0.0
2 0.0
3 0.0
4 0.0
5 0.0
6 0.0
7 0.0
8 0.0
9 0.004336574879376838
10 0.005418597363790849
11 0.006375700770675381
12 0.00832536753239649
13 0.01355777054108932
14 0.02659290964342045
15 0.03255959673681916
16 0.03525247788671022
17 0.03395043631808279
18 0.03080677518518521
19 0.026160952418300687
20 0.01991200466230939
21 0.015168445392156874
22 0.009885626760784317
23 0.010295973816122
0 0.010564959936383445
1 0.009318965708932467
2 0.00766510257777778
3 0.00920096237276687
4 0.006262670630936814
5 0.00443653637755991
6 0.003750809353376906
7 0.00353537736732026
8 0.004328224930936818
9 0.005917441923529409
10 0.00897127515729846
11 0.013027702856427004
12 0.018789599922657944
13 0.03023343841721134
14 0.040311191410675386
15 0.0473742312200436
16 0.04964238746187365
17 0.04862052113834426
18 0.04602340708061006
19 0.03990848029411765
20 0.03622661715627319
21 0.031391321029817204
22 0.023845999074074087
23 0.01570569168191722
0 0.009693921515468414
1 0.007231317720697171
2 0.005701196874509804
3 0.0049135445124183
4 0.0050303604810457495
5 0.005595894218300652
6 0.006473704828213503
7 0.0056329093133602685
8 0.007238680031198256
9 0.009528026634335534
10 0.013038979714771253
11 0.01912296573211332
12 0.026619069809520727
13 0.03369098108411768
14 0.03722268824701529
15 0.03177794550640527
16 0.02898902159694991
17 0.02732306626361655
18 0.0238845847027417
19 0.02222966856168799
20 0.018400127886710246
21 0.016763423311546833
22 0.014179115294117653
23 0.010554661633986929
0 0.006902681403050108
1 0.0063040129237472795
2 0.006398621087872189
3 0.006563882769789399
4 0.006330874641975308
5 0.005934993355846043
6 0.0055942997661583135
7 0.006953018848220769
8 0.007322568756859193
9 0.007566237330958066
10 0.009793957806826433
11 0.012805330697167772
12 0.01577263879084966
13 0.020431905326797353
14 0.028428667832244004
15 0.03122392177559912
16 0.03448275971677563
17 0.03417432610021786
18 0.02774324542483661
19 0.020446770610021786
20 0.0148487422875817
21 0.010965157806100221
22 0.006957830189542485
23 0.004839124562091503
0 0.0036550808322440087
1 0.003249097616557735
2 0.0033375195000000008
3 0.004830018058823531
4 0.00563431266775599
5 0.005864647438453158
6 0.005697020734749458
7 0.005874217080610024
8 0.00586258338235294
9 0.007527566045751631
10 0.009479992832244025
11 0.012780141285403071
12 0.019330117783224385
13 0.031252590920479294
14 0.03892775113289762
15 0.04513503245098039
16 0.04927557362200436
17 0.05087336285403051
18 0.04671864291939001
19 0.0360602825708061
20 0.02907393088235293
21 0.020998953039215694
22 0.013249964825708062
23 0.010078766437908499
0 0.007659500610021785
1 0.005301061799564272
2 0.004393896705882354
3 0.0045668271655773425
4 0.004706551779956426
5 0.005357657284313724
6 0.005520535104575163
7 0.005907930635076249
8 0.006880808441176468
9 0.008033118534858386
10 0.013128594537037025
11 0.01971321078976036
12 0.026604073992374754
13 0.03186374023965142
14 0.04086842133442265
15 0.03893664257625274
16 0.03522028166122006
17 0.03258078828976035
18 0.029432267157039123
19 0.02435312166666664
20 0.021854692069716783
21 0.019749087875817004
22 0.017040336274509838
23 0.015007153877995654
0 0.013248536350762534
1 0.009442746898474949
2 0.006435769390413944
3 0.005353788908932461
4 0.004544734416993464
5 0.0043470910592592615
6 0.00468491699368192
7 0.006343906801307188
8 0.006300134342374732
9 0.006487838976688453
10 0.008733293258496724
11 0.010715724841721121
12 0.015120039805010867
