0 0.0
1 0.0
2 0.0
3 0.0
4 0.0
5 0.0
6 0.0
7 0.0
8 0.0
9 0.0
10 0.0
11 0.0
12 0.0
13 64.7391135938136
14 62.9664004205671
15 58.1607390720391
16 53.054418491385164
17 50.561941771808456
18 49.64376224392895
19 43.93037757427758
20 38.52844219237554
21 36.87216155202821
22 38.262491751458434
23 33.34570496540499
0 28.683525518925524
1 26.831767670601035
2 24.544354415954412
3 21.49091607651607
4 23.010433930267276
5 30.84973958757291
6 32.669216388549735
7 37.80324041514042
8 64.5302717134717
9 84.43518431691754
10 100.31279455976107
11 110.6362190611859
12 111.779544091711
13 95.20006875593553
14 75.28802051282058
15 60.94947613620952
16 55.667865879799216
17 55.737994614027976
18 51.18208962148963
19 50.79165052231719
20 41.17662325328994
21 37.82456270519607
22 33.213147212047225
23 34.338084208384224
0 49.40529706959712
1 63.014267426400764
2 67.7471670465337
3 93.20776932573611
4 126.5975144620812
5 133.08684444444435
6 117.31068081671408
7 103.03346708723372
8 101.82627274453928
9 101.86303182743158
10 91.75201560168212
11 81.69114242300907
12 69.74767243250572
13 56.26412163885493
14 44.535468403201705
15 38.299581155881135
16 42.61982747252749
17 57.01284466151132
18 59.95562431149096
19 50.07030085470084
20 28.494464441731093
21 14.29130605073938
22 11.712303568036896
23 14.2812991859992
0 17.98449063899065
1 22.17215649165648
2 31.242660032560003
3 71.08553781033797
4 81.25327867317877
5 74.20695242165249
6 64.78638888888892
7 58.29102698412698
8 78.14387863247863
9 81.02616825396828
10 83.82829206349206
11 73.10736967846968
12 59.71544106634107
13 46.306101343101346
14 48.1539835978836
15 53.12237757427759
16 62.46179511599513
17 79.73495759055757
18 91.50957798127797
19 84.83984220594222
20 50.07941465201468
21 0.0
22 0.0
23 0.0
0 63.15264864982201
1 70.85974628182505
2 116.82594699412903
3 148.67994462220022
4 146.23186250715025
5 110.93530164750015
6 99.90562226024603
7 90.44920575779784
8 97.55949340498287
9 100.5238870980869
10 101.2061848188849
11 91.77909137159138
12 79.2698936100936
13 72.80487552570891
14 72.23646514719853
15 83.54430999864333
16 91.93762897239081
17 100.45078808852172
18 102.62488620372426
19 96.64776082819768
20 62.76127099443775
21 31.369138909238956
22 17.678149355582708
23 16.97789884683221
0 34.4934814136481
1 66.70563382173387
2 92.51128646045338
3 116.43308411341768
4 122.51743207163214
5 118.88541516754874
6 117.84652771672762
7 119.89061151811153
8 124.45926586623278
9 152.20001474698134
10 104.91152402659064
11 79.75238168498169
12 60.90583694207027
13 0.0
14 0.0
15 0.0
16 0.0
17 86.7630313332734
18 93.02965409798733
19 85.53002953516157
20 62.75854516377015
21 33.265937102541
22 20.400163115356357
23 15.805194899595131
0 20.22887897795155
1 20.791964433045642
2 27.434187186270535
3 32.49582291412294
4 48.31954075430744
5 79.81284763261448
6 123.73397848324537
7 125.57591820648504
8 129.94187728937712
9 115.16051724325067
10 0.0
11 0.0
12 0.0
