0 0.0
1 0.0
2 0.0
3 0.0
4 0.0
5 0.0
6 0.0
7 0.0
8 0.0
9 0.04757427781535949
10 0.050031864491830086
11 0.03632386549183005
12 0.021241822511437903
13 0.013270696857843135
14 0.008601679246732025
15 0.005750442333333336
16 0.004062705473856212
17 0.002954615980392156
18 0.002251518830065359
19 0.0018177582254901977
20 0.0017517789575163406
21 0.0017246850882352963
22 0.0017386128286227486
23 0.001669487327791958
0 0.0015758789079776674
1 0.0015732293009441884
2 0.001543670701009914
3 0.0015314276181781817
4 0.0015940323220817601
5 0.0016447990305535932
6 0.001652877409942828
7 0.00399284512091503
8 0.005461440173202612
9 0.009012732390522889
10 0.013036047096405235
11 0.016412789326797385
12 0.024267684557189532
13 0.02430886467156862
14 0.019117860457516355
15 0.015178086062091494
16 0.011421424232026137
17 0.008049922091503268
18 0.005580736013071893
19 0.003900124607843138
20 0.003019500326797386
21 0.002584844281045752
22 0.002563571683006535
23 0.002680042222222221
0 0.00276109730392157
1 0.002710906810727227
2 0.00270512478277141
3 0.002787785979731002
4 0.003438126578310712
5 0.003954241696592195
6 0.004318804974330409
7 0.005037619035947713
8 0.008570157663398676
9 0.009472258986928099
10 0.012639926748366028
11 0.03735619161764704
12 0.06282137638888888
13 0.051455493856209164
14 0.03918718710784315
15 0.022058690767973864
16 0.012221331928104574
17 0.007183318039215685
18 0.004520202581699344
19 0.00334122156862745
20 0.00273387794117647
21 0.002570048823529413
22 0.0024046529901960794
23 0.0024276385124549966
0 0.0025023836526572797
1 0.0025500664864910308
2 0.0030987902719455855
3 0.0043540008006535905
4 0.004649983513071895
5 0.006233082058823526
6 0.011449842222222204
7 0.019979605424836577
8 0.023389671241830057
9 0.026798649656862752
10 0.023937668937908517
11 0.02393104073529415
12 0.019378996454248395
13 0.013389119885620932
14 0.008435287875817004
15 0.005340020767973863
16 0.0039020954084967355
17 0.0037939952941176487
18 0.0030740029738562076
19 0.0025580450980392136
20 0.002423258790849672
21 0.002334763032904934
22 0.002430647993286677
23 0.0030675670115651874
0 0.0031029575088931186
1 0.0034772985724587104
2 0.0045032469411764725
3 0.005716846313725494
4 0.006861401000000002
5 0.00941581055555554
6 0.012280368823529422
7 0.017311104934640515
8 0.016857842058823506
9 0.03190142584967321
10 0.03676465290849673
11 0.04468515583333335
12 0.046734369133986924
13 0.03095750861111109
14 0.02284123839869281
15 0.01782689844771242
16 0.013604463660130718
17 0.010151043627450977
18 0.007991996143790847
19 0.0055797900326797385
20 0.004186201013071898
21 0.00367486477124183
22 0.003725959411764705
23 0.003389554542483661
0 0.0033354106209150347
1 0.003896231748366016
2 0.0038716050181382927
3 0.0
4 0.0
5 0.0
6 0.004895931448972167
7 0.004639525910197735
8 0.005781702182574051
9 0.006036246701896088
10 0.00513792752624672
11 0.0043066764596130245
12 0.0035259568954248382
13 0.002958809934640523
14 0.0025696910457516323
15 0.00230212245098039
16 0.0020599028006535918
17 0.0019775316209150315
18 0.002158088160441529
19 0.0021966383959232533
20 0.002302655559955467
21 0.0024202239232448517
22 0.0024084499178742788
23 0.0023643191590379366
0 0.0022118160331235275
1 0.002092846792718525
2 0.0019325529339515096
3 0.0018635373713515278
4 0.001849374930054726
5 0.0019464257392021217
6 0.002110278123867115
7 0.00557226406535948
8 0.005946974455882356
9 0.0047544588562091535
10 0.007194397529411767
11 0.009829586075163401
12 0.054595061993464054
