0 0.418041111111111
1 0.396431111111111
2 0.419666388888889
3 0.408853888888889
4 0.430593472222222
5 0.409194444444445
6 0.51370625
7 2.03115513888889
8 0.673674444444444
9 1.67485541666667
10 2.59104444444444
11 2.20385416666667
12 1.02435527777778
13 0.747654305555555
14 0.687731111111111
15 0.672232361111111
16 0.732040833333333
17 0.668687916666666
18 0.686633611111111
19 1.24497236111111
20 0.620643472222222
21 0.757706805555556
22 0.716111944444444
23 0.694685416666667
0 0.639258055555555
1 0.593913333333333
2 0.567604166666667
3 0.552675694444444
4 0.537288194444445
5 0.583122777777778
6 0.633399722222222
7 0.722857777777778
8 0.816119861111111
9 1.40538652777778
10 1.23912916666667
11 1.41449027777778
12 1.00405611111111
13 0.87901875
14 0.735139583333333
15 0.755844027777778
16 0.740231944444444
17 0.693659722222222
18 0.980699583333333
19 1.15091736111111
20 1.65522361111111
21 0.80824875
22 0.792925138888889
23 0.753147083333333
0 0.787304027777778
1 0.891714027777778
2 0.833336944444444
3 0.730953055555555
4 0.677295833333333
5 0.691455833333333
6 0.757227916666667
7 0.676746666666667
8 0.669738611111111
9 0.858199027777778
10 0.797584166666667
11 0.812399166666667
12 0.652561388888889
13 0.579218472222222
14 0.67384875
15 0.556274166666667
16 0.646111805555556
17 0.487289861111111
18 0.986574444444445
19 0.980272916666667
20 0.819415972222222
21 0.571124861111111
22 0.718851527777778
23 0.558032222222222
0 0.546436805555556
1 0.630425277777778
2 0.640121944444444
3 0.542356388888889
4 0.520125
5 0.511679305555556
6 0.50573625
7 0.466904166666667
8 0.577373194444444
9 0.572354166666667
10 0.722334444444444
11 0.810478611111111
12 0.57813375
13 0.632564722222222
14 0.585919027777778
15 0.480039583333333
16 0.457303472222222
17 0.4876075
18 0.667933333333333
19 0.881111388888889
20 0.923898749999999
21 0.567719166666667
22 0.633254861111111
23 0.65074375
0 0.806985694444444
1 0.639684027777778
2 0.587213194444445
3 0.550201388888889
4 0.539834722222222
5 0.526716111111111
6 0.546975694444445
7 0.545685138888889
8 0.651413888888889
9 0.745398888888889
10 0.845509027777778
11 0.815906666666667
12 0.659336666666667
13 0.524396111111111
14 0.484692638888889
15 0.486327361111111
16 0.467209861111111
17 0.472944444444444
18 0.421513611111111
19 0.623742083333333
20 0.801045555555556
21 0.620757916666667
22 0.611260277777778
23 0.609849583333334
0 0.616928888888889
1 0.578830833333333
2 0.535897777777778
3 0.478209444444444
4 0.459378333333333
5 0.451042222222222
6 0.475870138888889
7 0.789860277777778
8 1.34457666666667
9 0.691448333333334
10 0.489895555555555
11 0.488790277777778
12 0.490799166666667
13 0.470546944444445
14 0.524210555555556
15 0.463346527777778
16 0.4960775
17 0.52016625
18 0.448527777777778
19 0.76550875
20 0.802919444444445
21 0.525876805555555
22 0.454514722222222
23 0.434257916666667
0 0.42039875
1 0.426198333333333
2 0.412073611111111
3 0.471603055555556
4 0.544132361111111
5 0.467325833333333
6 0.504241388888889
7 0.673809861111111
8 0.579262083333333
9 0.585178055555556
10 0.621548194444445
11 0.621918055555555
12 0.802422916666667
