0 43.5751805555556
1 42.3745282485876
2 14.8845702638889
3 12.9384307777778
4 4.166906875
5 12.2623117875
6 19.8316166666667
7 55.8267777777778
8 64.7512916666667
9 57.45975
10 135.959458333333
11 131.937222222222
12 103.853458333333
13 86.5473611111111
14 82.1869027777778
15 78.4071666666667
16 103.993055555556
17 143.424444444444
18 149.558333333333
19 134.684305555556
20 118.576285310735
21 47.8793611111111
22 51.9613055555555
23 60.5947361111111
0 43.6450416666667
1 25.9535658705701
2 30.446
3 47.43975
4 16.3724722222222
5 18.4024402777778
6 29.0138611111111
7 62.0457638888889
8 91.8880972222222
9 134.025972222222
10 206.477638888889
11 192.123333333333
12 164.957361111111
13 79.2384444444445
14 76.5438055555556
15 66.6322916666667
16 60.5350972222222
17 67.707875
18 70.9398420647149
19 140.366527777778
20 133.384583333333
21 124.226958333333
22 60.9147083333334
23 36.5100138888889
0 55.2589861111111
1 77.5485695942476
2 103.945347222222
3 159.236388888889
4 102.149361111111
5 69.4480138888889
6 79.5352916666667
7 69.7249861111111
8 36.4599166666667
9 64.8112916666666
10 77.5866805555556
11 48.9738055555556
12 51.0210833333333
13 28.6988472222222
14 72.8716666666667
15 74.1553611111111
16 100.24875
17 97.868
18 102.195361111111
19 122.261350574713
20 145.544583333333
21 81.0508472222222
22 55.9883333333333
23 63.029
0 42.548375
1 32.4171058038007
2 68.1698055555556
3 85.6392222222222
4 63.5113055555556
5 37.2901111111111
6 33.23675
7 30.1337625
8 61.5584527777778
9 66.6885277777778
10 63.7257777777778
11 82.8181527777778
12 73.7322777777778
13 65.4791944444444
14 60.8740833333333
15 63.4749583333333
16 35.4686388888889
17 66.0668055555555
18 174.863611111111
19 162.66125
20 151.733115048793
21 69.8464861111111
22 19.3721833333333
23 32.186
0 61.5579305555556
1 134.192950693374
2 235.44375
3 228.926111111111
4 142.127013888889
5 69.8983472222222
6 71.7498194444445
7 64.9932777777778
8 79.8917361111111
9 101.962236111111
10 117.248694444444
11 64.8310555555556
12 61.8689861111111
13 78.6255972222222
14 56.1858472222222
15 66.8271610169492
16 61.5207638888889
17 62.6832222222222
18 63.6620972222222
19 102.606652777778
20 149.578472222222
21 139.999652777778
22 61.9882083333333
23 39.8498472222222
0 57.0239722222222
1 122.647881355932
2 213.604305555556
3 251.490694444444
4 252.288888888889
5 159.352222222222
6 114.361722222222
7 116.341888888889
8 188.182638888889
9 176.564843348742
10 110.146861111111
11 81.5523055555556
12 60.4395694444444
13 42.9316320388889
14 27.0461749722222
15 74.2116944444444
16 110.402902777778
17 97.2322500000001
18 106.536263888889
19 107.654444444445
20 165.911388888889
21 93.4168472222222
22 59.9335555555555
23 44.4673888888889
0 48.24275
1 40.3653813559322
2 47.2405555555556
3 61.2419861111111
4 146.853208333333
5 166.337916666667
6 152.823055555556
7 112.311708333333
8 61.2295555555556
9 53.1410694444444
10 53.0073888888889
11 73.4277638888889
12 77.226875
