0 0.013721249999999999
1 0.0153573055555556
2 0.0170374722222222
3 0.0163440277777778
4 0.0159387305555555
5 0.0163301111111111
6 0.013896533333333301
7 0.00495729166666666
8 0.00705826666666666
9 0.00564320833333333
10 0.005163008333333331
11 0.008994691666666658
12 0.0149888333333333
13 0.0287623611111111
14 0.0636660277777778
15 0.0705967222222222
16 0.06727086111111111
17 0.0578235833333334
18 0.048513305555555594
19 0.032924875
20 0.0324240694444444
21 0.0268405277777778
22 0.0147922111111111
23 0.0210899583333333
0 0.018245055555555598
1 0.0171516944444444
2 0.018081777777777797
3 0.0169776388888889
4 0.013751191666666699
5 0.0104312638888889
6 0.00869383611111112
7 0.00267749694444444
8 0.00325903194444445
9 0.00740961944444444
10 0.0120601527777778
11 0.0169620555555556
12 0.0319523333333333
13 0.0630029861111111
14 0.0762578888888889
15 0.0832083055555556
16 0.0845935
17 0.07973522222222221
18 0.06790880555555551
19 0.0492551805555555
20 0.0372155972222222
21 0.0390395555555556
22 0.0283598888888889
23 0.0262494722222222
0 0.020545902777777802
1 0.00697342083333333
2 0.0026417177777777797
3 0.00704991666666666
4 0.014146026388888901
5 0.0119469875
6 0.00559823333333333
7 0.0105294902777778
8 0.0134166638888889
9 0.00976002222222222
10 0.014892819444444401
11 0.029231680555555598
12 0.0445460138888889
13 0.043358152777777804
14 0.0583570555555556
15 0.0457254722222222
16 0.0375275416666667
17 0.043281375
18 0.0318847083333333
19 0.0301439166666667
20 0.0278522222222222
21 0.0262034027777778
22 0.0237135694444444
23 0.0229719861111111
0 0.0249435138888889
1 0.0112262305555556
2 0.0034506986111111104
3 0.0067779625
4 0.00508691666666667
5 0.00525165
6 0.00516935555555555
7 0.008602074999999999
8 0.010483922222222199
9 0.0153800361111111
10 0.0121318083333333
11 0.022274319444444402
12 0.0316753888888889
13 0.0404560694444445
14 0.0517507916666667
15 0.060923805555555606
16 0.060706625
17 0.057504819444444404
18 0.0395699027777778
19 0.027871625
20 0.0255095555555556
21 0.0250260138888889
22 0.018602875
23 0.0144741527777778
0 0.00475561111111111
1 0.0036646916666666697
2 0.00410343611111111
3 0.00692671527777778
4 0.00982395833333334
5 0.011971349999999999
6 0.0109835055555556
7 0.0121670888888889
8 0.010566061111111101
9 0.0156080555555556
10 0.02164625
11 0.0294976666666667
12 0.0528691944444445
13 0.0617791111111111
14 0.0736960555555555
15 0.0809661388888889
16 0.0849646388888889
17 0.08520605555555559
18 0.07721633333333329
19 0.052162416666666704
20 0.0389236111111111
21 0.0300688888888889
22 0.02451175
23 0.0209884444444444
0 0.008167130555555551
1 0.00453988611111111
2 0.00429852777777778
3 0.00257778333333333
4 0.004992191666666671
5 0.0072654500000000006
6 0.00415450555555556
7 0.0033934472222222197
8 0.00666053333333333
9 0.017089477777777803
10 0.032585555555555604
11 0.0425739444444444
12 0.052119750000000006
13 0.0570327222222222
14 0.0577080833333333
15 0.0556650833333333
16 0.0527497777777778
17 0.0497579722222222
18 0.044563000000000005
19 0.0308778611111111
20 0.027423555555555597
21 0.028920666666666702
22 0.0272001666666667
23 0.027813472222222198
0 0.0240008333333333
1 0.013562920833333299
2 0.00655984166666667
3 0.00420270027777778
4 0.00262630416666667
5 0.0021331305555555603
6 0.0029527402777777796
7 0.00565020555555556
8 0.00450262083333333
9 0.00861691388888889
10 0.0150330055555556
11 0.0168669527777778
12 0.0276629722222222
