0 0.00151724027777778
1 0.00158191666666667
2 0.00146540277777778
3 0.00148884638888889
4 0.0015115516666666699
5 0.0015689069444444399
6 0.00190305972222222
7 0.017927216666666697
8 0.00706452222222222
9 0.0105801944444445
10 0.0211321666666667
11 0.0372569166666666
12 0.0161658916666667
13 0.0048755083333333294
14 0.00436621666666667
15 0.00323645
16 0.0026495000000000004
17 0.0023551916666666698
18 0.00209997222222222
19 0.00310836111111111
20 0.00212628333333333
21 0.00197670277777778
22 0.00192801666666667
23 0.00186328055555556
0 0.00184026944444444
1 0.00182611527777778
2 0.00171652472222222
3 0.00166386055555556
4 0.00169454166666667
5 0.00158938027777778
6 0.0015410699999999999
7 0.00209482638888889
8 0.00206108527777778
9 0.00328250277777778
10 0.008438511111111109
11 0.014405888888888899
12 0.0131715888888889
13 0.0221258416666667
14 0.00959907222222222
15 0.00822459722222222
16 0.00678085277777778
17 0.004680725
18 0.004228399999999999
19 0.0029160111111111104
20 0.00311526666666667
21 0.0024173652777777803
22 0.00237264444444444
23 0.00228970555555556
0 0.0040837194444444495
1 0.00267349583333333
2 0.00316328055555556
3 0.00316096944444444
4 0.00460020833333333
5 0.00525963888888889
6 0.0046368222222222194
7 0.00590022222222222
8 0.00544512777777778
9 0.00950164444444444
10 0.0256785277777778
11 0.0223046111111111
12 0.0514599444444445
13 0.020787802777777798
14 0.0255253055555556
15 0.00709124444444444
16 0.00241548333333333
17 0.00242018333333333
18 0.00217253333333333
19 0.00224250277777778
20 0.0023253111111111104
21 0.00213437222222222
22 0.00234373055555556
23 0.00216993055555556
0 0.00205678333333333
1 0.0020831277777777803
2 0.00228053055555556
3 0.00212716666666667
4 0.00246394444444444
5 0.0027712833333333304
6 0.00334124166666667
7 0.00244333611111111
8 0.00315804722222222
9 0.00416218611111111
10 0.01307095
11 0.0132438666666667
12 0.0166368388888889
13 0.00787113888888889
14 0.00521131388888889
15 0.0030629111111111097
16 0.002345925
17 0.0032751
18 0.00260361111111111
19 0.00212592777777778
20 0.00258374722222222
21 0.00182375277777778
22 0.00191438888888889
23 0.00188767222222222
0 0.00190876416666667
1 0.0020514
2 0.0023052583333333303
3 0.00306339166666667
4 0.003534825
5 0.004233133333333331
6 0.0040820194444444406
7 0.00296531111111111
8 0.0030381361111111098
9 0.00486359444444444
10 0.00961338333333333
11 0.0105208361111111
12 0.014607513888888899
13 0.0133428638888889
14 0.0136853888888889
15 0.0131466111111111
16 0.00892606111111111
17 0.00657679722222222
18 0.00585584722222222
19 0.0038197861111111103
20 0.00328296666666667
21 0.00264506666666667
22 0.00257286388888889
23 0.00256863333333333
0 0.00288557222222222
1 0.0038541333333333297
2 0.0069976972222222196
3 0.00555825277777778
4 0.00560613611111111
5 0.00852424444444445
6 0.0050038027777777805
7 0.00748623888888889
8 0.007721752777777781
9 0.00507618888888889
10 0.0031166861111111104
11 0.00285675833333333
12 0.00259204166666667
13 0.00238973055555556
14 0.00206541388888889
15 0.00208551111111111
16 0.00200431944444444
17 0.00207398888888889
18 0.00197042222222222
19 0.00230197777777778
20 0.00206138611111111
21 0.0018371194444444401
22 0.00169806805555556
23 0.00162149916666667
0 0.00161714027777778
1 0.001616335
2 0.00152263333333333
3 0.00154896527777778
4 0.00165516277777778
5 0.00167425638888889
6 0.00217392305555556
7 0.004367727777777781
8 0.00177236805555556
9 0.00187950888888889
10 0.0024411277777777796
11 0.0062372
12 0.050228302777777796
