0 0.0
1 0.0
2 0.0
3 0.0
4 0.0
5 0.0
6 0.0
7 0.0
8 0.0
9 0.0
10 0.0
11 0.0
12 0.0
13 97.60943515893557
14 89.90638659137426
15 84.16477036966623
16 94.09110174755381
17 118.77378800841124
18 134.18190031881676
19 134.44273145095653
20 126.51608041914174
21 87.19655099847331
22 69.56867209230406
23 65.07299317544248
0 54.35166596602814
1 40.14521740850174
2 35.28929113370413
3 41.360739441495944
4 28.85590734793559
5 23.613908610882742
6 26.299166366220092
7 44.16359595274782
8 68.02258795646078
9 101.03479860107656
10 153.77508520814925
11 172.96526892852168
12 168.97612726883276
13 124.1137919468186
14 100.33442729887395
15 83.48570289445124
16 72.0157923202415
17 69.86785385972054
18 70.4089671296113
19 105.39731042852848
20 119.39601360695164
21 121.81028950935003
22 91.34472566974762
23 63.90836937401369
0 59.57028355758071
1 68.55922024198861
2 86.25562946368849
3 122.75731614786656
4 112.45841973619073
5 90.95342928371059
6 85.24540998063459
7 77.47657270501
8 56.95641017220383
9 60.87659625928056
10 69.23367405726205
11 59.10526163689316
12 55.06265503666663
13 41.87478657237824
14 57.36943251933252
15 65.75200841134173
16 83.00014714082212
17 90.43754365418532
18 96.31921917989413
19 109.29669957381928
20 127.43396070469537
21 104.24438681517496
22 80.11372291342117
23 71.5730775976684
0 57.059691780112175
1 44.73885279178325
2 56.45375507585365
3 71.04789082988178
4 67.27511254626639
5 52.27521526105884
6 42.74756277569289
7 36.429413848093745
8 48.98367859614021
9 57.8343495460012
10 60.78100840480091
11 71.80199684925978
12 72.7709448718555
13 69.12910654320986
14 65.00070412969743
15 64.23512497218826
16 49.84845791751458
17 57.961145374440335
18 116.42967089980998
19 139.5616420723104
20 145.6583888978253
21 107.75282309156628
22 63.55708763315254
23 47.865361624539915
0 54.71015960076544
1 94.45994510509769
2 164.9731625301638
3 196.96983842659316
4 169.5614491583516
5 119.73036602199221
6 95.72750252666565
7 80.34846488088814
8 80.11132865485948
9 91.04070371998156
10 104.1566498161702
11 84.49783865113218
12 73.18345036104294
13 75.89773901098896
14 66.019905704789
15 66.40374105927032
16 63.95241044111257
17 63.316935364023905
18 63.4885287812522
19 83.0521833771952
20 116.32383655869651
21 128.16638904145663
22 95.07055137529349
23 67.45714909017013
0 62.23996907940875
1 92.44930034393825
2 153.0460237627305
3 202.29090654356614
4 227.3131905275829
5 193.34450967160575
6 153.85930637731676
7 135.10227470710916
8 161.64717037146264
9 169.11047147433567
10 139.63454647010764
11 110.59851788808601
12 85.5194607111031
13 64.21581301122103
14 45.60821522119863
15 59.888309045275726
16 85.12828161529836
17 91.17268095145609
18 98.85351693075455
19 103.25291994957237
20 134.57943509688636
21 113.98798877907484
22 86.9546411165758
23 65.70648692987928
0 56.97312923179624
1 48.6689419543425
2 47.957214491284
3 54.59801669822645
4 100.73006310253864
5 133.54242769494067
6 143.18839324816244
7 127.75061944323724
8 94.47730583476475
9 73.80426996222022
10 63.40498373975887
11 68.41990987964745
12 72.82693140502519
