0 0.0
1 0.0
2 0.0
3 0.0
4 0.0
5 0.0
6 0.0
7 0.0
8 0.0
9 0.007055525250544655
10 0.006085983529411759
11 0.007525927135076246
12 0.01125551769063179
13 0.020033316361655756
14 0.04194725931372549
15 0.05640069553376905
16 0.06195384223311546
17 0.059991027244008746
18 0.05433716698257085
19 0.04367794291938999
20 0.03808519291938996
21 0.03245909204793029
22 0.023529820566448797
23 0.0222128173638344
0 0.020132807429193912
1 0.018562502135076236
2 0.018262470294117646
3 0.017588785501089332
4 0.015689491747485976
5 0.013000144466230951
6 0.01083503269063182
7 0.006720161952069721
8 0.0049602125882352984
9 0.006165813908496733
10 0.009101176235294129
11 0.013031585339869308
12 0.0225276478496732
13 0.04286839878867102
14 0.05969562237363835
15 0.07160986751089328
16 0.07826116310457516
17 0.0791400075708061
18 0.07363391372549018
19 0.06150786699346401
20 0.049372052233115436
21 0.044158816775599144
22 0.03616543518518519
23 0.031095769716775593
0 0.025695252723311558
1 0.0161916665795207
2 0.009288717496732027
3 0.008086561662309364
4 0.011071059572984753
5 0.011455900854030504
6 0.008482436396514161
7 0.009475139843137265
8 0.011431922966230948
9 0.010601436518518526
10 0.012771149749455318
11 0.021044908807189552
12 0.03285506916666668
13 0.03816820149237475
14 0.04836607719498914
15 0.04711478643790851
16 0.04236844028322442
17 0.04289063578431373
18 0.037432402408418455
19 0.03401241147149563
20 0.03078549907407407
21 0.028460814161220052
22 0.026189929367307754
23 0.024674262313014658
0 0.02476318310354581
1 0.017886555762527255
2 0.010612874226579532
3 0.008649602766884536
4 0.006823621862745102
5 0.005996554063180829
6 0.005546593605664486
7 0.0070461580065359465
8 0.008736687973856197
9 0.012066506759259249
10 0.012116179330065337
11 0.017225634400871426
12 0.02450264590413942
13 0.03254838594771244
14 0.042240924956427034
15 0.05168495688453163
16 0.05629426683006538
17 0.05698214075163398
18 0.04832982194989107
19 0.038111698583878
20 0.03179853720043575
21 0.02838202053376908
22 0.02342745185185186
23 0.018859724564270167
0 0.011697959967320268
1 0.007575756938997826
2 0.0057700544335512
3 0.006307316405228761
4 0.008034881296296299
5 0.009977518267973858
6 0.010465571971677586
7 0.011311806775599145
8 0.01095032698257081
9 0.013302609629629656
10 0.017508827489106767
11 0.02354750384531593
12 0.038292751568627485
13 0.050133593616557746
14 0.06203779037037035
15 0.07163686472766884
16 0.07844663137254902
17 0.08196281013071897
18 0.07969853267973856
19 0.06864930057245086
20 0.05242191895424837
21 0.041183227015250554
22 0.03275104869281045
23 0.02675214324618734
0 0.01730905355119824
1 0.010766300871459689
2 0.007389438235294115
3 0.004886386013071892
4 0.004872756644880174
5 0.006024390697167758
6 0.005049531960784317
7 0.004186989596949892
8 0.005420807352941174
9 0.011279749607843148
10 0.021988117342047957
11 0.03235945473856208
12 0.04233200934640523
13 0.04977994867102395
14 0.05384902301742917
15 0.05485954657952066
16 0.05389503324618736
17 0.05210347593924631
18 0.05041240957795423
19 0.04031773329490786
20 0.03343391851851854
21 0.03112217091503271
22 0.029101349346405254
23 0.028497965610451502
0 0.02614544607843136
1 0.019783212766884505
2 0.013097011220043562
3 0.008597551511982566
4 0.005563305777777776
5 0.003795693586056647
6 0.0033266729586056668
7 0.004444981871459698
8 0.004435569563180828
9 0.006516543673202615
10 0.010791388661220066
11 0.013854002587145992
12 0.020807578910675383
