0 0.000666944444444444
1 0.000137083333333333
2 0.0
3 0.0
4 8.79166666666667e-5
5 5.4166666666666705e-5
6 0.000148333333333333
7 0.0087207627118644
8 0.0034030555555555598
9 0.0075572222222222195
10 0.0134536111111111
11 0.0173197222222222
12 0.009557916666666671
13 0.00641319444444444
14 0.00625375
15 0.00283069444444445
16 0.00150638888888889
17 0.0010827777777777802
18 0.000453333333333333
19 0.008485138888888891
20 0.00179555555555556
21 0.00197430555555556
22 0.008000694444444451
23 0.00560805555555555
0 0.004284722222222219
1 0.0017536111111111099
2 0.0012565277777777798
3 0.00048041666666666697
4 0.00299222222222222
5 0.00371861111111111
6 0.00285127118644068
7 0.00905152777777778
8 0.00966416666666666
9 0.0133931944444444
10 0.0208559722222222
11 0.0308883333333333
12 0.034304027777777794
13 0.0151929166666667
14 0.00523569444444445
15 0.00258333333333333
16 0.000613472222222222
17 0.0
18 0.0028450000000000003
19 0.008453888888888891
20 0.015748194444444398
21 0.00691513888888889
22 0.00771375
23 0.004439861111111111
0 0.006894999999999999
1 0.0143965277777778
2 0.016441666666666698
3 0.0119159722222222
4 0.008605555555555559
5 0.00657805555555556
6 0.0116368055555556
7 0.0119877777777778
8 0.009084166666666659
9 0.023309999999999997
10 0.029961388888888902
11 0.027869722222222202
12 0.00661527777777778
13 5.0e-6
14 0.00021013888888888902
15 0.0
16 0.0
17 0.0
18 0.00238236111111111
19 0.0026223611111111096
20 0.000359305555555555
21 0.0
22 1.58333333333333e-5
23 3.33333333333333e-6
0 0.0
1 0.00374458333333333
2 0.00979236111111111
3 0.0056425
4 0.00638236111111111
5 0.008527222222222219
6 0.00979361111111111
7 0.00688375
8 0.00904333333333333
9 0.00989166666666667
10 0.0208838888888889
11 0.0244366666666667
12 0.0241801388888889
13 0.0152401388888889
14 0.0047581944444444494
15 0.00063
16 0.0
17 0.0
18 0.000846666666666667
19 0.00522111111111111
20 0.00735861111111111
21 0.000783472222222222
22 0.00318819444444444
23 0.00928125
0 0.012102361111111098
1 0.014536805555555601
2 0.0154790277777778
3 0.012933055555555599
4 0.00894305555555556
5 0.00696152777777778
6 0.00795402777777778
7 0.00980347222222222
8 0.0164193055555556
9 0.0204594444444444
10 0.027833749999999997
11 0.0337344444444444
12 0.0124877777777778
13 0.00131833333333333
14 0.000827361111111111
15 1.58333333333333e-5
16 5.0e-6
17 4.1666666666666704e-7
18 4.68055555555556e-5
19 0.00412208333333333
20 0.00660111111111111
21 0.005129861111111109
22 0.0052474999999999996
23 0.00671333333333333
0 0.0169144444444444
1 0.019448888888888897
2 0.019074166666666698
3 0.0172773611111111
4 0.0143029166666667
5 0.0130469444444444
6 0.0135719444444445
7 0.0140591666666667
8 0.016411388888888902
9 0.0165741666666667
10 0.0038562500000000003
11 0.00031055555555555497
12 0.0
13 0.0
14 0.0
15 0.0
16 0.0
17 8.18055555555555e-5
18 0.0
19 0.00424222222222222
20 0.006549444444444451
21 5.83333333333333e-6
22 0.0
23 0.0
0 0.0
1 0.000623611111111111
2 0.00479902777777778
3 0.004148055555555551
4 0.00432152777777778
5 0.006081111111111109
6 0.009071388888888891
7 0.01171125
8 0.010244999999999999
9 0.00676097222222222
10 0.0131490277777778
11 0.0276447222222222
12 0.027823333333333297
