0 0.0
1 0.0
2 0.0
3 0.0
4 0.0
5 0.0
6 0.0
7 0.0
8 0.0
9 1.321357748366015
10 1.9604587004357283
11 2.085676041938999
12 1.5561798986928121
13 1.1525807489106759
14 0.9204971552287583
15 0.7937002037037036
16 0.7629849624183005
17 0.7138635620915029
18 0.6965144477124182
19 0.9499287999780693
20 0.7939617663398688
21 0.7758539967320262
22 0.7460386192810455
23 0.7204060435729849
0 0.6796501225490194
1 0.6366351111111108
2 0.6018862478213507
3 0.605246325327819
4 0.5817111415577455
5 0.5821188236231847
6 0.5926567727634886
7 0.6268105832095985
8 0.7013110193120524
9 1.074016006535949
10 1.1578893022875838
11 1.287879622549022
12 1.146883098039216
13 1.013531112200436
14 0.8793167086726792
15 0.8220677926501352
16 0.7825686629197833
17 0.7342314324618735
18 0.8569587832244007
19 0.9644887992742935
20 1.3305992358387793
21 1.0692852282135072
22 0.9312184885620913
23 0.8421774978213504
0 0.8148330610021789
1 0.8536618861655775
2 0.8432104689542482
3 0.7862583028322435
4 0.764318589657277
5 0.7432999547743843
6 0.7455797710563552
7 0.7266721138791641
8 0.7085561689286165
9 0.7428740182776484
10 0.7536359152293071
11 0.7693934358276573
12 0.7425629245597455
13 0.6858832617248359
14 0.6807515928149905
15 0.6335269861993876
16 0.6376871343848687
17 0.5723054680521137
18 0.7720361971677563
19 0.876483721132898
20 0.8482770125272332
21 0.7096850669934641
22 0.7143565381263619
23 0.6361978273420479
0 0.5911218752723313
1 0.6152850373214219
2 0.6250318085853847
3 0.5942202419832953
4 0.5707073224184579
5 0.5517630950837272
6 0.5409882522924865
7 0.5149350314215985
8 0.5325599736423852
9 0.5419597287214263
10 0.6087908812707336
11 0.7038053476144915
12 0.6508331790336603
13 0.6437181761383092
14 0.6196336194606692
15 0.5634159599784847
16 0.5138139121335562
17 0.5020108561832509
18 0.5740673733350098
19 0.7244263615299761
20 0.8282695860566442
21 0.6978672282135076
22 0.6656538600217865
23 0.6585335190631807
0 0.7307021585520664
1 0.6924385213018918
2 0.6512265832341788
3 0.6067451955903925
4 0.5868848065275418
5 0.5640860690036461
6 0.5571229816584737
7 0.5519078501236341
8 0.5757708494789732
9 0.6311901239519269
10 0.7245020698854939
11 0.761290486651536
12 0.72389522715384
13 0.6481828612411943
14 0.5731255574512926
15 0.5357859983842315
16 0.5017711818919689
17 0.48780453283680153
18 0.4527947238579459
19 0.5217592188897999
20 0.6607881428772899
21 0.6420919486699543
22 0.6278386113246698
23 0.6196615313829699
0 0.6187862510426234
1 0.6001521836529911
2 0.585084450077585
3 0.5362932895303119
4 0.5249271668143473
5 0.499962227538565
6 0.49024812075735036
7 0.6117045329443692
8 0.9895681644880193
9 0.8407290675381275
10 0.6652221111111115
11 0.5770269411764708
12 0.533974663398693
13 0.502299048474946
14 0.51334958714597
15 0.4877078344226583
16 0.493416966163102
17 0.49486223879747815
18 0.4862352998313413
19 0.599698084600206
20 0.6945291774742102
21 0.6203233882359854
22 0.5468444419688352
23 0.49349627823528247
0 0.4566841352390898
1 0.4419060292838892
2 0.42669569244188693
3 0.44786381243353607
4 0.47080139464925685
5 0.46823410385950914
6 0.47843691963017415
7 0.5619553962558999
8 0.5699095366913797
9 0.5770728686189261
10 0.5891015998624543
11 0.601763557506476
12 0.6911490566362987
