0 0.0
1 0.0
2 0.0
3 0.0
4 0.0
5 0.0
6 0.0
7 0.0
8 0.0
9 0.009543351991285434
10 0.015376321611111143
11 0.02638675261002177
12 0.021305056138344238
13 0.013096765767973858
14 0.008736320936819175
15 0.005957580043572986
16 0.00429488311546841
17 0.0033089099346405248
18 0.0026671230501089326
19 0.002820784128540304
20 0.0024460050871459678
21 0.0022056700000000007
22 0.002120963484389515
23 0.002009919310031132
0 0.0019332097408106073
1 0.001884732316705346
2 0.001802081271383354
3 0.0017985600515493083
4 0.00177498394848424
5 0.001720417846669719
6 0.0016712315211843457
7 0.0017708967254865668
8 0.0018530835867904244
9 0.002620779735294119
10 0.005542825788671023
11 0.00999934170806101
12 0.011607969312636171
13 0.016907173061002197
14 0.01326892264596951
15 0.010758779092592596
16 0.008779070381263621
17 0.006732639302832247
18 0.005472264531590415
19 0.004171608649237471
20 0.0036237193790849688
21 0.002981898257080612
22 0.002663101884531589
23 0.0024647666775599146
0 0.003268954564270156
1 0.0029641404077927333
2 0.0030459323158503163
3 0.003097530626382945
4 0.00385929746732026
5 0.004565041263616557
6 0.004605371307189541
7 0.005259876209150324
8 0.005355171421568628
9 0.0074417964596949875
10 0.01660430966230937
11 0.01949199693899782
12 0.03556785252723315
13 0.028208275032679767
14 0.026907748104575194
15 0.01700183161220045
16 0.009702716993464058
17 0.006047564945533771
18 0.004063958954248365
19 0.003113893398692811
20 0.002623259836601307
21 0.002342240675381262
22 0.00229753154684096
23 0.0022625124962144033
0 0.002208067890560342
1 0.0021747160413055624
2 0.0021948460454944527
3 0.0021788974268710597
4 0.0022301953960420897
5 0.002400215084120811
6 0.0028156141657868653
7 0.002674713656082815
8 0.002864811713668975
9 0.0035338130659653875
10 0.008331304008714596
11 0.01080938278867104
12 0.013750900827886726
13 0.010821019575163406
14 0.008019833540305015
15 0.0055425871786492385
16 0.003942663692810457
17 0.003607142461873639
18 0.0030848525925925917
19 0.002583590305010894
20 0.002556113681917211
21 0.0021780756100217872
22 0.002077503019021333
23 0.0019885202545312903
0 0.0019513688575115793
1 0.0020075618887832854
2 0.002090162490650782
3 0.0025062092645306328
4 0.003049819953710774
5 0.003657719699346404
6 0.003874119827886707
7 0.003421828486928102
8 0.0032321967538126344
9 0.004053409705882351
10 0.006847726176470584
11 0.008698903583877989
12 0.011674919891067538
13 0.012526754106753822
14 0.013124901633986937
15 0.01315571970588235
16 0.011052435359477124
17 0.00881797551198257
18 0.007329543649237471
19 0.0055615255664488005
20 0.004400041122004358
21 0.003501577821350765
22 0.0030154315904139454
23 0.0027712913289760343
0 0.0028165876797385607
1 0.003330021949891065
2 0.005166098507625271
3 0.005365584400871459
4 0.0054904154901960775
5 0.007018857766884536
6 0.006016096819172115
7 0.006760810217864925
8 0.0072507642047930304
9 0.006283027242907611
10 0.004633669596949892
11 0.0037399169172113275
12 0.0031600693028322447
13 0.0027628714705882386
14 0.002408381132897605
15 0.002236356459694989
16 0.0021091272984749432
17 0.0021370321209217115
18 0.0020832546914913695
19 0.0021434262214878666
20 0.0021088591194003254
21 0.0020315183596613037
22 0.0019283393085418
23 0.0018200297001708737
0 0.0017517615050676187
1 0.001702748078195962
2 0.0016258219905896589
3 0.0016084486910024813
4 0.0016178399004879553
5 0.0016185111406767805
6 0.00179824576593135
7 0.0031434945326797416
8 0.0024582356623093727
9 0.0021693883028322462
10 0.002307059009803923
11 0.004281322122004359
12 0.02735005390087147
