0 52.88
1 37.26
2 30.49
3 34.57
4 28.5
5 22.87
6 25.25
7 34.75
8 44.2
9 62.28
10 69.62
11 61.97
12 52.04
13 54.42
14 60.16
15 50.39
16 40.82
17 38.58
18 40.06
19 39.02
20 59.44
21 112.67
22 88.76
23 70.08
0 58.02
1 45.85
2 47.96
3 40.22
4 34.27
5 39.76
6 35.2
7 36.98
8 48.54
9 49.14
10 51.49
11 58.94
12 62.55
13 68.5
14 66.27
15 54.1
16 51.96
17 58.56
18 92.33
19 109.55
20 128.82
21 101.79
22 117.7
23 114.84
0 73.68
1 61.42
2 59.65
3 49.68
4 46.81
5 50.81
6 49.37
7 53.04
8 69.32
9 83.22
10 82.67
11 56.98
12 59.65
13 62.69
14 68.3
15 44.14
16 47.2
17 39.62
18 39.9
19 51.71
20 106.66
21 116.39
22 116.29
23 48.52
0 46.5
1 45.73
2 40.08
3 37.3
4 35.31
5 30.65
6 37.7
7 46.78
8 90.64
9 106.29
10 85.41
11 53.32
12 41.26
13 49.22
14 74.09
15 49.96
16 37.65
17 29.81
18 30.18
19 46.29
20 89.44
21 108.23
22 0.0
23 65.29
0 55.5
1 54.27
2 40.96
3 38.98
4 45.9
5 53.36
6 52.04
7 72.46
8 95.8
9 121.89
10 105.1
11 103.68
12 92.47
13 81.89
14 76.4
15 66.85
16 63.33
17 31.56
18 32.29
19 37.09
20 78.47
21 110.37
22 138.04
23 84.62
0 73.03
1 58.89
2 45.1
3 45.69
4 39.27
5 38.47
6 39.47
7 53.95
8 78.26
9 86.7
10 87.39
11 94.25
12 76.09
13 76.17
14 74.34
15 72.48
16 67.5
17 59.12
18 60.14
19 66.4
20 94.19
21 98.92
22 78.76
23 77.2
0 63.47
1 47.77
2 44.61
3 43.5
4 36.49
5 42.82
6 40.1
7 50.88
8 59.94
9 70.14
10 71.53
11 63.84
12 70.64
