0 1.29
1 1.3
2 1.25
3 1.25
4 1.25
5 1.23
6 1.41
7 1.36
8 1.6
9 1.72
10 1.55
11 1.51
12 1.48
13 1.42
14 1.44
15 1.34
16 1.31
17 1.36
18 1.4
19 1.8
20 2.09
21 1.53
22 1.43
23 1.41
0 1.39
1 1.35
2 1.3
3 1.29
4 1.36
5 1.27
6 1.33
7 1.39
8 1.44
9 1.51
10 1.55
11 1.54
12 1.49
13 1.54
14 1.53
15 1.45
16 1.4
17 1.3
18 1.35
19 1.41
20 1.74
21 1.97
22 1.7
23 1.4
0 1.46
1 1.44
2 1.38
3 1.38
4 1.37
5 1.53
6 1.7
7 1.69
8 1.94
9 1.84
10 1.77
11 1.44
12 1.45
13 1.42
14 1.3
15 1.29
16 1.27
17 1.24
18 1.26
19 1.39
20 1.71
21 1.76
22 1.37
23 1.33
0 1.29
1 1.23
2 1.36
3 1.23
4 1.24
5 1.27
6 1.42
7 1.7
8 2.11
9 1.95
10 1.51
11 1.38
12 1.38
13 1.39
14 1.42
15 1.31
16 1.21
17 1.18
18 1.29
19 1.53
20 1.68
21 1.77
22 0.0
23 1.32
0 1.24
1 1.19
2 1.22
3 1.23
4 1.33
5 1.34
6 1.31
7 1.46
8 2.12
9 2.35
10 1.66
11 1.68
12 1.57
13 1.46
14 1.44
15 1.28
16 1.23
17 1.19
18 1.29
19 1.52
20 1.76
21 1.96
22 1.44
23 1.25
0 1.52
1 1.25
2 1.35
3 1.47
4 1.21
5 1.21
6 1.24
7 0.0
8 1.33
9 1.71
10 1.65
11 1.56
12 1.51
13 1.45
14 1.4
15 1.36
16 1.32
17 1.39
18 1.46
19 1.69
20 1.83
21 1.6
22 1.46
23 1.5
0 1.41
1 1.41
2 1.41
3 1.42
4 1.38
5 1.35
6 1.4
7 1.49
8 1.86
9 1.94
10 1.71
11 1.61
12 1.57
