0 0.00869
1 0.00859
2 0.0085
3 0.00847
4 0.0085
5 0.00847
6 0.00835
7 0.00847
8 0.00857
9 0.00846
10 0.0087
11 0.00835
12 0.00861
13 0.00876
14 0.00875
15 0.00869
16 0.00865
17 0.008539999999999999
18 0.008490000000000001
19 0.00848
20 0.00868
21 0.00871
22 0.008490000000000001
23 0.00866
0 0.00877
1 0.00883
2 0.00949
3 0.00917
4 0.00891
5 0.00846
6 0.00859
7 0.008539999999999999
8 0.00828
9 0.00862
10 0.00934
11 0.00925
12 0.00933
13 0.00914
14 0.00887
15 0.00905
16 0.008539999999999999
17 0.00858
18 0.00846
19 0.00875
20 0.00898
21 0.00951
22 0.00841
23 0.00825
0 0.0083
1 0.00867
2 0.00842
3 0.00852
4 0.00879
5 0.00847
6 0.00869
7 0.00894
8 0.00886
9 0.0092
10 0.00912
11 0.00906
12 0.00912
13 0.009130000000000001
14 0.00839
15 0.00857
16 0.00825
17 0.00852
18 0.008199999999999999
19 0.00886
20 0.0092
21 0.009089999999999999
22 0.00819
23 0.00808
0 0.00818
1 0.00836
2 0.00914
3 0.008919999999999999
4 0.00912
5 0.00908
6 0.00912
7 0.009460000000000001
8 0.00932
9 0.009609999999999999
10 0.008960000000000001
11 0.00886
12 0.00876
13 0.008539999999999999
14 0.00845
15 0.00848
16 0.0091
17 0.00965
18 0.009519999999999999
19 0.009349999999999999
20 0.009
21 0.00936
22 0.0
23 0.008140000000000001
0 0.00811
1 0.008140000000000001
2 0.00887
3 0.00877
4 0.00865
5 0.0087
6 0.00857
7 0.00875
8 0.009529999999999999
9 0.01018
10 0.00922
11 0.00941
12 0.00996
13 0.009949999999999999
14 0.00994
15 0.00915
16 0.00891
17 0.00858
18 0.00867
19 0.00985
20 0.00937
21 0.009519999999999999
22 0.00862
23 0.00852
0 0.00862
1 0.00856
2 0.00904
3 0.00882
4 0.00873
5 0.00887
6 0.00888
7 0.0
8 0.00537
9 0.01057
10 0.009460000000000001
11 0.0096
12 0.00904
13 0.00904
14 0.00853
15 0.008320000000000001
16 0.00839
17 0.008490000000000001
18 0.00884
19 0.00865
20 0.00861
21 0.00785
22 0.00842
23 0.0085
0 0.00846
1 0.00856
2 0.00844
3 0.00819
4 0.00792
5 0.008140000000000001
6 0.00796
7 0.007940000000000001
8 0.00839
9 0.00923
10 0.00895
11 0.00887
12 0.008919999999999999
