0 0.036270000000000004
1 0.03417
2 0.03133
3 0.03043
4 0.02986
5 0.02896
6 0.02596
7 0.01834
8 0.01526
9 0.023010000000000003
10 0.03185
11 0.03655
12 0.04591
13 0.05955
14 0.06544
15 0.0634
16 0.06581999999999999
17 0.06905
18 0.06395
19 0.05074
20 0.03544
21 0.03279
22 0.031129999999999998
23 0.02862
0 0.03275
1 0.03593
2 0.03188
3 0.032159999999999994
4 0.03389
5 0.03234
6 0.02841
7 0.02404
8 0.02566
9 0.03193
10 0.037469999999999996
11 0.04525
12 0.05715
13 0.07881999999999999
14 0.08168
15 0.08471
16 0.08737
17 0.09154999999999999
18 0.08453000000000001
19 0.07284
20 0.051
21 0.04884
22 0.039009999999999996
23 0.04217
0 0.03633
1 0.037759999999999995
2 0.0421
3 0.036520000000000004
4 0.031129999999999998
5 0.035
6 0.0364
7 0.02775
8 0.02851
9 0.04231
10 0.05257
11 0.06365
12 0.08458
13 0.09345
14 0.07992
15 0.0828
16 0.08143
17 0.07542
18 0.07801999999999999
19 0.06839
20 0.05066
21 0.039299999999999995
22 0.03519
23 0.03133
0 0.02932
1 0.028730000000000002
2 0.02801
3 0.02673
4 0.03068
5 0.02895
6 0.025
7 0.0213
8 0.01705
9 0.02223
10 0.03179
11 0.04376
12 0.056229999999999995
13 0.06656999999999999
14 0.07216
15 0.06799
16 0.05852
17 0.056
18 0.055
19 0.04015
20 0.02612
21 0.027420000000000003
22 0.0
23 0.01806
0 0.01627
1 0.02104
2 0.02275
3 0.019940000000000003
4 0.019280000000000002
5 0.01326
6 0.016579999999999998
7 0.013519999999999999
8 0.009179999999999999
9 0.01798
10 0.03184
11 0.05755
12 0.07927
13 0.09033
14 0.09173
15 0.07947
16 0.07719
17 0.07736
18 0.07643000000000001
19 0.057
20 0.03587
21 0.030760000000000003
22 0.02809
23 0.01819
0 0.01524
1 0.01729
2 0.01625
3 0.01668
4 0.01998
5 0.02113
6 0.01657
7 0.01654
8 0.02035
9 0.0344
10 0.04333
11 0.05113
12 0.059090000000000004
13 0.06631999999999999
14 0.07218000000000001
15 0.07357999999999999
16 0.07644
17 0.07976000000000001
18 0.07181
19 0.05173
20 0.03557
21 0.03007
22 0.02998
23 0.03014
0 0.031190000000000002
1 0.03488
2 0.03507
3 0.032119999999999996
4 0.0308
5 0.030699999999999998
6 0.02902
7 0.02305
8 0.02215
9 0.02842
10 0.039979999999999995
11 0.047810000000000005
12 0.05731
