0 16.2
1 15.78
2 12.4
3 12.46
4 11.86
5 8.43
6 7.57
7 11.23
8 13.65
9 18.42
10 12.65
11 10.4
12 15.43
13 17.52
14 11.52
15 11.49
16 12.1
17 5.37
18 16.13
19 23.75
20 29.52
21 25.08
22 17.83
23 17.15
0 13.72
1 16.98
2 20.34
3 15.13
4 10.79
5 15.93
6 15.61
7 16.19
8 16.71
9 18.31
10 19.02
11 22.23
12 26.44
13 19.46
14 19.52
15 20.28
16 8.64
17 11.88
18 22.41
19 23.03
20 33.63
21 36.74
22 25.96
23 26.1
0 18.26
1 28.57
2 23.42
3 21.06
4 17.49
5 23.64
6 21.28
7 27.82
8 23.8
9 20.13
10 19.11
11 17.58
12 17.72
13 11.71
14 12.87
15 9.35
16 16.42
17 8.27
18 10.34
19 27.8
20 30.33
21 36.34
22 16.17
23 15.67
0 11.62
1 21.31
2 13.85
3 9.88
4 16.32
5 13.39
6 10.76
7 15.06
8 18.75
9 13.37
10 13.1
11 5.59
12 6.67
13 8.28
14 4.88
15 8.91
16 5.92
17 6.56
18 8.03
19 15.84
20 36.38
21 31.3
22 0.0
23 8.53
0 13.33
1 8.69
2 12.84
3 12.67
4 13.51
5 14.08
6 13.77
7 11.22
8 19.91
9 16.26
10 21.07
11 17.84
12 21.71
13 21.78
14 19.62
15 13.72
16 6.15
17 7.35
18 9.49
19 21.83
20 43.31
21 33.85
22 33.15
23 14.04
0 13.7
1 17.93
2 15.97
3 15.57
4 16.55
5 10.48
6 16.48
7 0.0
8 15.26
9 8.72
10 16.36
11 26.7
12 24.7
13 20.59
14 13.27
15 12.58
16 11.22
17 15.46
18 13.56
19 26.85
20 33.93
21 30.39
22 25.96
23 29.22
0 29.53
1 34.16
2 22.33
3 26.82
4 19.13
5 21.37
6 17.54
7 30.94
8 28.05
9 21.62
10 20.63
11 24.58
12 20.92
