0 0.0
1 0.0
2 0.0
3 0.0
4 0.0
5 0.0
6 0.0
7 0.0
8 0.0
9 0.02104890196078431
10 0.0264504705882353
11 0.031512235294117646
12 0.03874258823529411
13 0.049206274509803916
14 0.05740054901960784
15 0.060488627450980395
16 0.06325345098039216
17 0.066242
18 0.06506779603018589
19 0.05986086626426454
20 0.04707377168382303
21 0.03968658823529412
22 0.035341019607843124
23 0.0319123137254902
0 0.0322663137254902
1 0.034033215686274515
2 0.03294127178531831
3 0.03253392587053132
4 0.03274882732858225
5 0.03264794317802261
6 0.031663404953610336
7 0.028817753445687346
8 0.027674613010691195
9 0.029074897007618825
10 0.032103653524150136
11 0.038806850964369845
12 0.04828125490196078
13 0.06364176470588234
14 0.07276533333333333
15 0.07885662745098038
16 0.0832343137254902
17 0.08750905882352938
18 0.08611180392156863
19 0.08073929611985141
20 0.06721676993698222
21 0.05811766395333494
22 0.04791517647058823
23 0.04495917647058823
0 0.04054450980392157
1 0.0390467843137255
2 0.04049019607843138
3 0.03941737562186703
4 0.0359439141942332
5 0.036027355223155734
6 0.036058827472484296
7 0.03289100369760183
8 0.031299228704240394
9 0.03512529431726478
10 0.04383314672704527
11 0.05408035294117647
12 0.06943498039215687
13 0.08155709803921568
14 0.08082388235294118
15 0.0819198823529412
16 0.08177870588235293
17 0.07898104738073358
18 0.07924713267919943
19 0.0766151062183167
20 0.06315774936409366
21 0.05052564705882352
22 0.042770117647058827
23 0.03694913725490196
0 0.033032392156862746
1 0.03078964705882353
2 0.02930176470588235
3 0.028088556257929487
4 0.029438144681490225
5 0.029222839150667285
6 0.028020839212859888
7 0.02556414597884506
8 0.021168894482617544
9 0.021613790777929357
10 0.026297541521704944
11 0.03521168627450981
12 0.04577094117647059
13 0.056244235294117643
14 0.06429458823529413
15 0.0662338431372549
16 0.06245823529411765
17 0.05929533333333333
18 0.05812297768455054
19 0.04989144480576569
20 0.03733321568627451
21 0.032299843137254904
22 0.0
23 0.0
0 0.0
1 0.019964267782426777
2 0.02133696356275304
3 0.020587091633466136
4 0.019914861660079053
5 0.016546456692913384
6 0.016868014619673858
7 0.015445848327216771
8 0.012092470588235295
9 0.015030235294117646
10 0.02345294117647059
11 0.0405752156862745
12 0.060040235294117644
13 0.07533623529411765
14 0.08368047058823527
15 0.08170454901960784
16 0.0795806274509804
17 0.07858674509803923
18 0.078264717371041
19 0.07018955934289903
20 0.0514983137254902
21 0.04101235294117647
22 0.03442639215686275
23 0.026188039215686278
0 0.020592549019607845
1 0.018823490196078433
2 0.01741874509803922
3 0.016970313725490196
4 0.018444
5 0.019608336617168595
6 0.018114557821103234
7 0.017639306705059827
8 0.018438825839598168
9 0.026661058823529413
10 0.035048627450980384
11 0.04315686274509804
12 0.05120011764705882
13 0.05884866666666666
14 0.0656233725490196
15 0.0697135294117647
16 0.0731867450980392
17 0.07596944628841108
18 0.07370573827672297
19 0.06595470568050119
20 0.0492324705882353
21 0.039580156862745096
22 0.03469733333333333
23 0.03233349019607844
0 0.03167301960784314
1 0.033188509803921566
2 0.03383953254855504
3 0.03260249861992601
4 0.03204696179886556
5 0.031887950850743245
6 0.031335126620929056
7 0.028014701272174668
8 0.025616868921087534
9 0.026587728968155488
10 0.0324813571802398
11 0.040529098039215686
12 0.048971529411764705
