0 0.0
1 0.0
2 0.0
3 0.0
4 0.0
5 0.0
6 0.0
7 0.0
8 0.0
9 0.0
10 0.0
11 0.0
12 0.0
13 15.655316239316242
14 13.587550671550673
15 12.538656898656898
16 12.319357753357753
17 8.84430525030525
18 12.488197802197801
19 18.120627594627596
20 23.822251526251527
21 24.451938949938945
22 21.14160195360195
23 19.14662515262515
0 16.43310378510379
1 16.706485958485956
2 18.5243199023199
3 16.8276043956044
4 13.808642246642249
5 14.870610500610502
6 15.240241758241758
7 15.7141978021978
8 16.2105347985348
9 17.170478437454236
10 18.03914008187136
11 20.185553113553112
12 23.314329670329677
13 21.387467643467637
14 20.453633699633702
15 20.367445665445665
16 14.503460317460318
17 13.191235653235655
18 17.80144810744811
19 20.416559218559215
20 27.02534554334554
21 31.884923076923087
22 28.923308913308908
23 27.51212698412699
0 22.88506471306471
1 25.72864468864469
2 24.574798534798536
3 22.8174945054945
4 20.154827838827835
5 21.89884981684982
6 21.589286935286935
7 24.705228327228333
8 24.251413919413917
9 22.474214443265634
10 21.162126448589934
11 19.76372864396678
12 18.970549233543917
13 15.061211233211232
14 13.96431746031746
15 11.655728937728938
16 14.037733821733825
17 11.151990231990231
18 10.744659340659338
19 19.27232722832723
20 24.801960927960923
21 30.572959706959708
22 23.371120879120884
23 19.520327228327226
0 15.5694188034188
1 18.44088156288156
2 16.14556043956044
3 13.012844932844933
4 14.666410256410256
5 14.028830280830281
6 12.394466422466422
7 13.725677655677655
8 16.236424908424908
9 14.800407814407814
10 13.949829059829058
11 9.768683760683764
12 8.218737484737481
13 8.247777777777777
14 6.562793650793652
15 7.7362783882783885
16 6.826869352869353
17 6.692600732600731
18 7.360967032967031
19 11.600578754578756
20 23.992442002442004
21 27.648410256410255
22 0.0
23 0.0
0 0.0
1 11.170445428497006
2 12.033161078900932
3 12.357102455966261
4 12.939025350726062
5 13.512672223584213
6 13.64229018840225
7 12.429396235639206
8 16.169513804055704
9 16.212931118710312
10 18.642058608058612
11 18.24216605616606
12 19.977106227106223
13 20.81617507110175
14 20.237360101921755
15 17.077605827567368
16 11.566891330891332
17 9.457623931623933
18 9.473289377289378
19 15.652940170940171
20 29.484327228327228
21 31.669311355311358
22 32.41113064713063
23 23.22510134310134
0 18.461572649572652
1 18.195316239316238
2 17.082212454212453
3 16.326332112332114
4 16.4394358974359
5 13.460100122100124
6 14.97090354090354
7 0.0
8 0.0
9 0.0
10 14.078530867413392
11 20.59448449710108
12 22.681198213842716
13 21.62769136106325
14 17.432123069379756
15 15.000946904820163
16 13.107973600586654
17 14.285169802101152
18 13.922139716658522
19 20.38764835164836
20 27.16110378510379
21 28.778197802197806
22 27.370271062271062
23 28.295443223443222
0 28.91331135531135
1 31.538312576312578
2 26.935262515262515
3 26.879369963369967
4 23.005650793650794
5 22.188547008547
6 19.972196396794708
7 25.30907382607325
8 26.641666366800468
9 24.1970216489077
10 22.460673270080143
11 23.491039258044655
12 22.238733999471656
