0 0.00985
1 0.00959
2 0.0135
3 0.01084
4 0.01084
5 0.011980000000000001
6 0.01533
7 0.01853
8 0.0174
9 0.013789999999999998
10 0.01077
11 0.00915
12 0.00863
13 0.00771
14 0.00539
15 0.00523
16 0.00463
17 0.0047599999999999995
18 0.00696
19 0.02044
20 0.03518
21 0.01795
22 0.01769
23 0.019989999999999997
0 0.01645
1 0.01456
2 0.0162
3 0.014060000000000001
4 0.0124
5 0.01184
6 0.0149
7 0.0184
8 0.01819
9 0.01244
10 0.01252
11 0.01244
12 0.01282
13 0.01211
14 0.0085
15 0.00746
16 0.00721
17 0.00934
18 0.01105
19 0.01889
20 0.032310000000000005
21 0.0358
22 0.03399
23 0.019870000000000002
0 0.01912
1 0.016280000000000003
2 0.012150000000000001
3 0.01774
4 0.02345
5 0.02106
6 0.02162
7 0.02957
8 0.026670000000000003
9 0.018269999999999998
10 0.0129
11 0.01277
12 0.01108
13 0.009710000000000002
14 0.00654
15 0.0046500000000000005
16 0.00613
17 0.0046500000000000005
18 0.00692
19 0.01341
20 0.02851
21 0.03486
22 0.01718
23 0.01617
0 0.016460000000000002
1 0.016059999999999998
2 0.01732
3 0.01872
4 0.01731
5 0.01766
6 0.02283
7 0.02494
8 0.023809999999999998
9 0.02181
10 0.01452
11 0.00889
12 0.00906
13 0.00847
14 0.009439999999999999
15 0.00647
16 0.0054
17 0.00539
18 0.0075
19 0.02862
20 0.0453
21 0.03746
22 0.0
23 0.02231
0 0.02141
1 0.019280000000000002
2 0.018539999999999997
3 0.02109
4 0.02224
5 0.02094
6 0.022719999999999997
7 0.02078
8 0.02116
9 0.02164
10 0.024399999999999998
11 0.0212
12 0.0145
13 0.01211
14 0.010060000000000001
15 0.00594
16 0.00404
17 0.00468
18 0.00649
19 0.022670000000000003
20 0.04395
21 0.04369
22 0.03028
23 0.03426
0 0.02786
1 0.02411
2 0.02698
3 0.02244
4 0.022539999999999998
5 0.02149
6 0.027239999999999997
7 0.023039999999999998
8 0.019809999999999998
9 0.01391
10 0.01332
11 0.01103
12 0.00999
13 0.00859
14 0.00914
15 0.00877
16 0.00729
17 0.00784
18 0.011890000000000001
19 0.026449999999999998
20 0.02842
21 0.0214
22 0.0156
23 0.01396
0 0.012150000000000001
1 0.008
2 0.0077599999999999995
3 0.011640000000000001
4 0.0125
5 0.01157
6 0.015619999999999998
7 0.0213
8 0.01959
9 0.01306
10 0.009300000000000001
11 0.01132
12 0.01088
