0 0.0
1 0.0
2 0.0
3 0.0
4 0.0
5 0.0
6 0.0
7 0.0
8 0.0
9 0.008473797786300573
10 0.008503642315155813
11 0.008485046969682032
12 0.00850145362079148
13 0.00854321548078208
14 0.008592950388581478
15 0.008619523815222511
16 0.008628961539383178
17 0.008632809141750937
18 0.008605095417855315
19 0.008615198774096867
20 0.008624809129175374
21 0.008622196419135206
22 0.008590144835431317
23 0.008588671167586
0 0.008607822880912965
1 0.008647759262875431
2 0.008824637064122669
3 0.008911027917378448
4 0.008927784487363529
5 0.008860308607965087
6 0.008838172315254491
7 0.00879716801359288
8 0.008691387542369878
9 0.008668746993803643
10 0.008742634670722843
11 0.008805815390296094
12 0.008894703421680793
13 0.008970139190754832
14 0.008978373110351316
15 0.009022199800461327
16 0.008994996248207737
17 0.008956178120671907
18 0.008836102783173618
19 0.008788835431922395
20 0.00878207917264047
21 0.008884168434360733
22 0.008799726943515362
23 0.008678718428586541
0 0.008613524717593775
1 0.008626638436852728
2 0.008596757722619839
3 0.00857219711152172
4 0.008589166209351465
5 0.008492475858842975
6 0.00853064728344895
7 0.008623396180953037
8 0.00868583886202961
9 0.0087801228369987
10 0.008863628397126361
11 0.008924915791303148
12 0.00896832658129042
13 0.009030471811046657
14 0.008957970943821704
15 0.008893934314786345
16 0.008775620196577093
17 0.008703606685854614
18 0.008580031338044133
19 0.008593590332779224
20 0.008663427885366897
21 0.008706916365430658
22 0.008636564467589092
23 0.008538232298817635
0 0.00848995185232985
1 0.00846345835154637
2 0.008608525435816451
3 0.00865044655664363
4 0.00869856682865317
5 0.008742113105600309
6 0.008850103894312268
7 0.009031533753851136
8 0.009130124963072783
9 0.009251575212487035
10 0.009214781656802899
11 0.009183156684542814
12 0.009115325299604573
13 0.009004542758720908
14 0.0088866187629173
15 0.00877176531125915
16 0.008796620705827035
17 0.008904348892684787
18 0.009017691163863514
19 0.00909120108541255
20 0.009095624855165678
21 0.009182363715189325
22 0.0
23 0.0
0 0.0
1 0.008203096234309624
2 0.008546032388663968
3 0.008658645418326692
4 0.008653596837944665
5 0.0086755905511811
6 0.008532328304216307
7 0.008600875272760126
8 0.008834998207534491
9 0.0091634893156598
10 0.009191101863705807
11 0.009259870250932016
12 0.009440496646522769
13 0.009587773396827348
14 0.009705641516521483
15 0.009657371013394277
16 0.00952052233525704
17 0.009286019506009035
18 0.00916749790210599
19 0.0092885970487284
20 0.009264415726738428
21 0.00927328361166471
22 0.009102721003989343
23 0.008985710470616233
0 0.008918461136085697
1 0.008868827430301566
2 0.008914738628354766
3 0.008846881994181786
4 0.008787587613319684
5 0.008736659086854504
6 0.008769571002344722
7 0.0
8 0.0
9 0.0
10 0.009171548117154812
11 0.009394291497975707
12 0.009214940239043823
13 0.009127114624505928
14 0.008826692913385828
15 0.008578792850588338
16 0.008796040948339242
17 0.008728124243366336
18 0.008704444807188067
19 0.008646027918113083
20 0.008606821229272385
21 0.00843826311471418
22 0.008428451412246634
23 0.008449172859316394
0 0.008455327654933086
1 0.008471992264162837
2 0.008439126840957606
3 0.008379848287134858
4 0.008284429789525706
5 0.008299883535620107
6 0.008234574947098151
7 0.008163980713250559
8 0.008174808109170017
9 0.008353846871320314
10 0.008468585030738654
11 0.0085657266443407
12 0.008673201502989546
