0 0.0
1 0.0
2 0.0
3 0.0
4 0.0
5 0.0
6 0.0
7 0.0
8 0.0
9 1.5037593471779813
10 1.523206918574684
11 1.5248822630099585
12 1.5169063812445125
13 1.5001116001119168
14 1.4886624660130898
15 1.4539593136317184
16 1.407607718591751
17 1.3992086615993165
18 1.393303539021418
19 1.5025537109619096
20 1.7495713763391343
21 1.6686279508147128
22 1.579479550110549
23 1.5168663643533011
0 1.477025687851852
1 1.4310609128427572
2 1.3761826822902565
3 1.3381233806778345
4 1.3611453990031983
5 1.3377586648286106
6 1.330646550545164
7 1.3349251181647015
8 1.3509956051717908
9 1.3881963974686988
10 1.4323157321386146
11 1.4632805014408394
12 1.4740935557979622
13 1.4935363554211123
14 1.5075060686814448
15 1.5062774559215664
16 1.492743444583452
17 1.4450696909506915
18 1.420373380443608
19 1.4117174725161248
20 1.4925047885046252
21 1.6739755805723786
22 1.6849831736794774
23 1.5874256539651852
0 1.5448491650360545
1 1.5165220150637326
2 1.4784810737485787
3 1.448433708672444
4 1.4169730328570689
5 1.4438854346441055
6 1.493601791448485
7 1.5439079346406746
8 1.6913360945219351
9 1.742764099618363
10 1.758321094148256
11 1.6659560229627814
12 1.6154934822733207
13 1.5581038035595651
14 1.4510431540076936
15 1.3902605228009466
16 1.3488756758644105
17 1.3075557189889673
18 1.3082921575418236
19 1.3172245052023603
20 1.4290731748603223
21 1.5385351985842004
22 1.4900774942068307
23 1.4435457486975443
0 1.3985618981991812
1 1.3468956632981492
2 1.3526588209786563
3 1.312814645056028
4 1.282347770346632
5 1.2823930454693295
6 1.301938829200211
7 1.4285433886864036
8 1.751071002690286
9 1.838094950227063
10 1.7021046206369106
11 1.5700931417575732
12 1.4979715807884981
13 1.4748995296950642
14 1.4559058535446392
15 1.3913525483843696
16 1.3147999265622212
17 1.2963218187517138
18 1.294528359144562
19 1.3465008486814756
20 1.457178520958758
21 1.5757383029341794
22 0.0
23 0.0
0 0.0
1 1.2516736401673645
2 1.2351821862348178
3 1.2319521912350597
4 1.2806719367588932
5 1.309606299212598
6 1.2797210600068973
7 1.3240474504213333
8 1.7052452434455498
9 2.0357746553255933
10 1.8556674333920002
11 1.7765148258612025
12 1.686120737696928
13 1.5865501371224586
14 1.543737369703463
15 1.4088178617084026
16 1.3166403759282572
17 1.3151856252354626
18 1.3005381328403052
19 1.3587561872807383
20 1.4952126127990146
21 1.7005188250858287
22 1.59817214380211
23 1.461168524484956
0 1.4864240447784398
1 1.4036771881676084
2 1.384844456548438
3 1.4151819877539238
4 1.3312789333524486
5 1.3090440786316129
6 1.2871201854607963
7 0.0
8 0.0
9 0.0
10 1.5976987447698745
11 1.5784210526315787
12 1.5442629482071715
13 1.4972332015810277
14 1.4487401574803147
15 1.458574499918459
16 1.4257205487192286
17 1.412327547225529
18 1.4170657099274886
19 1.4784307798074312
20 1.5931433518812332
21 1.5983597755569143
22 1.5611227156554626
23 1.5471737004364705
0 1.5175477449764867
1 1.4948940544604372
2 1.4737827118810314
3 1.4526508480321536
4 1.4317282814752017
5 1.4087436254548225
6 1.4033343119717476
7 1.4110518207088902
8 1.5506768011300707
9 1.6869850930644035
10 1.6992931922954368
11 1.675499204791633
12 1.6467765846214606
