0 0.0
1 0.0
2 0.0
3 0.0
4 0.0
5 0.0
6 0.0
7 0.0
8 0.0
9 0.0
10 0.0
11 0.0
12 0.0
13 55.43484981684981
14 57.80104761904764
15 54.09745543345543
16 47.46023199023199
17 43.02203418803418
18 41.54282539682539
19 40.80735709871734
20 49.120402961849265
21 81.27256654456652
22 85.01862026862025
23 77.55030036630038
0 67.78588034188036
1 56.81689377289378
2 52.38695726495728
3 46.30223687423688
4 40.28531868131868
5 40.02280341880341
6 37.610808302808294
7 37.29515506715507
8 42.91624664224664
9 46.0203663003663
10 48.75063247863248
11 52.45936277387855
12 57.35040726664106
13 63.34612870998195
14 64.8094607286759
15 59.45956288405007
16 55.84663193589901
17 57.16878476053999
18 74.74093772893771
19 92.15432967032969
20 110.49696703296705
21 106.14991208791207
22 111.93304029304028
23 113.39334554334553
0 93.53803174603178
1 77.4781514041514
2 68.56326739926739
3 59.121094017094
4 52.9649181929182
5 51.88651282051283
6 50.623010989011
7 51.824605616605616
8 60.56503785103784
9 71.89025152625152
10 77.2758485958486
11 67.3746941624349
12 63.98886107666331
13 63.421147755589615
14 65.55951882917479
15 55.52679473800693
16 51.61663397237207
17 45.33468376068375
18 42.61618559218559
19 47.16293040293041
20 76.91602442002439
21 96.65706227106227
22 106.47763614163615
23 77.49778510378513
0 61.997286935286944
1 53.86157264957263
2 46.96734065934066
3 42.132835164835164
4 38.71996581196581
5 34.683887667887674
6 36.19167521367522
7 41.48523565323564
8 66.0606617826618
9 86.17409768009769
10 85.78827838827837
11 69.5547252747253
12 55.40672283272285
13 52.313787545787534
14 63.20604639804641
15 56.584568986568975
16 47.11757020757021
17 38.463682539682544
18 34.32092307692307
19 40.305401709401714
20 64.87255433455435
21 86.55151404151401
22 0.0
23 0.0
0 0.0
1 58.22096639749937
2 49.30783463574489
3 44.06056809724633
4 44.988542948560166
5 49.19357685707281
6 50.62224859310008
7 61.55499877780494
8 78.6866430491082
9 100.29526624328284
10 102.69821978021976
11 103.19379731379733
12 97.83641269841273
13 89.86657875457875
14 83.1376166056166
15 74.9972112332112
16 69.16573382173384
17 50.36020512820514
18 41.32269108669109
19 39.20202686202686
20 58.833897435897434
21 84.60054212454213
22 111.32429304029304
23 97.96981929181929
0 85.49753601953604
1 72.19095970695972
2 58.641658119658125
3 52.16324542124541
4 45.71368498168498
5 42.09268620268622
6 40.782219780219776
7 47.3681684981685
8 62.814058608058616
9 74.7541391941392
10 81.06588522588522
11 87.65911843711845
12 81.87493284493286
13 79.02457631257633
14 76.68585836385837
15 74.58620024420024
16 71.04654700854702
17 65.08579487179487
18 63.755023127526925
19 65.42831042398419
20 76.17082907243697
21 85.72415413861957
22 82.91493293854882
23 80.60127958880051
0 73.69802193267847
1 59.891189255189246
2 52.2469645909646
3 47.86994383394384
4 42.17618559218559
5 42.49610256410256
6 41.29560439560439
7 46.08590720390721
8 53.00877167277167
9 61.57087179487179
10 66.54955311355312
11 65.10069348668749
12 67.81529384085633
