0 0.00172112277777778
1 0.00198465361111111
2 0.0018428497222222199
3 0.00178488611111111
4 0.0017443175
5 0.00167261805555555
6 0.0017768888888888901
7 0.00199663055555556
8 0.0028774
9 0.004306019444444441
10 0.00471817777777778
11 0.00401283333333333
12 0.00333684166666667
13 0.00322728055555555
14 0.00385375
15 0.002824225
16 0.00256482777777778
17 0.00246885138888889
18 0.00256395555555555
19 0.00249615972222222
20 0.00243301944444445
21 0.00226965555555556
22 0.0023051375
23 0.00209422555555556
0 0.00213403611111111
1 0.0020376744444444398
2 0.0018806472222222198
3 0.00194505833333333
4 0.00257019305555556
5 0.00256689305555555
6 0.00213335694444444
7 0.00307644305555556
8 0.00555860416666667
9 0.00887992777777778
10 0.00458676805555556
11 0.00338822916666667
12 0.00243279583333333
13 0.00264581944444444
14 0.0035632472222222196
15 0.0032746805555555598
16 0.00350480833333333
17 0.00282191805555556
18 0.00213395861111111
19 0.00247157083333333
20 0.00241533888888889
21 0.00215173055555556
22 0.00229426111111111
23 0.00292778194444444
0 0.00650244444444445
1 0.011639472222222199
2 0.0177979722222222
3 0.0144396222222222
4 0.00899885
5 0.00609433611111111
6 0.00703098333333333
7 0.0141802444444444
8 0.06769041666666671
9 0.0157729694444444
10 0.00612796666666667
11 0.00361336666666667
12 0.0120196111111111
13 0.0053902111111111106
14 0.00290701944444444
15 0.00234849722222222
16 0.00224955277777778
17 0.00216050277777778
18 0.00195600416666667
19 0.0022553472222222202
20 0.00259019722222222
21 0.00228401527777778
22 0.0020402583333333298
23 0.0021694666666666703
0 0.00211054027777778
1 0.00164724041666667
2 0.00165561902777778
3 0.0016530063888888899
4 0.00168079333333333
5 0.0017142390277777799
6 0.00163441111111111
7 0.00200254027777778
8 0.0017456834722222201
9 0.00196339583333333
10 0.00459203263888889
11 0.0168170111111111
12 0.032076888888888905
13 0.0244398472222222
14 0.0174779888888889
15 0.00370541805555556
16 0.00240282777777778
17 0.00192190694444444
18 0.0021014916666666703
19 0.0023264375
20 0.00223752777777778
21 0.00205380111111111
22 0.0017779727777777802
23 0.00256945055555556
0 0.015410366666666701
1 0.00511231805555556
2 0.00235337916666667
3 0.00209388944444444
4 0.0019758459722222198
5 0.0031631375
6 0.00978666388888889
7 0.00872696527777778
8 0.00703392638888889
9 0.0367420138888889
10 0.0397859027777778
11 0.0063323013888888805
12 0.027995493055555598
13 0.0151541125
14 0.00399404027777778
15 0.00794183194444445
16 0.00524753055555556
17 0.00323503472222222
18 0.00222616944444445
19 0.00236908888888889
20 0.00239325416666667
21 0.00191588333333333
22 0.00199149055555555
23 0.00184346861111111
0 0.0016942375
1 0.0016659058333333302
2 0.00206224444444445
3 0.00246675833333333
4 0.0022646874999999998
5 0.00189008611111111
6 0.00173216111111111
7 0.00195167777777778
8 0.00189236027777778
9 0.00249396388888889
10 0.00238037916666667
11 0.0027790111111111104
12 0.00278712916666667
13 0.0064653208333333295
14 0.0107387972222222
15 0.00530453611111111
16 0.00335223194444444
17 0.0033165347222222203
18 0.0034292125000000002
19 0.0038772583333333303
20 0.00356000833333333
21 0.00256391944444444
22 0.0026062902777777798
23 0.00216175861111111
0 0.00174700444444444
1 0.0018033819444444401
2 0.00171807027777778
3 0.0017222166666666702
4 0.00180629722222222
5 0.0018815208333333299
6 0.00181562055555556
7 0.0027732319444444503
8 0.00342870833333333
9 0.0038186277777777803
10 0.008967086111111109
11 0.003088975
12 0.00245564583333333
