0 26.6708333333333
1 64.9921666666666
2 23.3196666666667
3 32.9126666666667
4 33.202
5 29.2173333333333
6 37.8718333333333
7 34.4896666666667
8 40.4421666666667
9 26.6445
10 36.6463333333333
11 37.1781666666666
12 27.8713333333333
13 64.8673333333333
14 73.2556666666667
15 7.82483333333333
16 43.742
17 57.5201666666667
18 19.6518333333333
19 22.4898333333333
20 18.047
21 14.647
22 15.7296666666667
23 23.5658333333333
0 29.707
1 21.93
2 25.5455
3 25.9725
4 22.1003333333333
5 21.422
6 7.36283333333333
7 15.329
8 14.878
9 23.9755
10 24.0806666666667
11 28.8706666666667
12 21.1955
13 35.9981666666667
14 23.7763333333333
15 23.9985
16 30.7253333333333
17 22.1318333333333
18 30.687
19 47.4236666666667
20 34.4653333333333
21 30.9511666666667
22 42.4605
23 34.1398333333334
0 34.0055
1 29.0968333333333
2 21.8230833333333
3 27.922875
4 26.6909583333333
5 12.2820833333333
6 12.286875
7 14.0067916666667
8 25.6919583333333
9 13.2540416666667
10 9.49008333333333
11 20.7584583333333
12 32.8579166666667
13 25.1948333333333
14 20.3889583333333
15 17.289
16 28.446125
17 22.446
18 26.7025416666667
19 43.6270833333333
20 57.4715
21 36.6350833333333
22 36.794875
23 32.5004166666667
0 31.0999583333333
1 17.9993333333333
2 20.8652916666667
3 14.9459166666667
4 17.1093333333333
5 22.43275
6 15.9274583333333
7 33.091
8 64.1397083333334
9 37.6885
10 0.0
11 12.5291666666667
12 43.2355416666667
13 39.0145
14 28.802375
15 19.4645416666667
16 27.3715416666667
17 24.8572083333333
18 31.2280833333333
19 43.6232083333333
20 49.9782916666667
21 24.8899583333333
22 22.095875
23 13.5861666666667
0 20.396375
1 24.325125
2 12.8879166666667
3 13.4038333333333
4 16.253
5 15.72775
6 18.8335416666667
7 16.007625
8 9.52166666666667
9 18.0204583333333
10 24.5173333333333
11 15.6035833333333
12 46.3964166666666
13 32.4295
14 29.796375
15 28.3367083333333
16 35.13025
17 16.64075
18 21.0042916666667
19 46.9707916666667
20 55.5105833333333
21 37.190375
22 23.0622916666667
23 15.7277916666667
0 8.09170833333333
1 14.0619583333333
2 4.57191666666667
3 9.40333333333333
4 12.1680416666667
5 15.3724166666667
6 13.7855416666667
7 21.009375
8 27.375
9 1.46083333333333
10 19.1948333333333
11 15.3180833333333
12 20.5670416666667
13 23.763
14 27.6267083333333
15 32.8910416666667
16 27.1661666666667
17 42.2457916666667
18 24.3092916666667
19 41.848125
20 89.8489166666667
21 35.414875
22 13.5402083333333
23 15.02975
0 11.2093333333333
1 26.0229166666667
2 19.8304166666667
3 14.7605
4 14.5346666666667
5 12.6165833333333
6 12.920625
7 22.3794166666667
8 29.1909166666667
9 9.73616666666667
10 19.4378333333333
11 19.7602916666667
12 25.1427083333333
