0 0.0267208888888889
1 0.0279137222222222
2 0.0315351944444444
3 0.031641472222222196
4 0.0288629722222222
5 0.026686638888888902
6 0.020615761111111103
7 0.013178247222222201
8 0.0139775222222222
9 0.019476413888888898
10 0.023032580555555602
11 0.028053750000000002
12 0.033835111111111094
13 0.0321831944444445
14 0.02699925
15 0.0290562222222222
16 0.02949275
17 0.0225588277777778
18 0.0179801
19 0.0162089472222222
20 0.0169369277777778
21 0.014872902777777799
22 0.010654233333333301
23 0.0133850944444444
0 0.0220837416666667
1 0.0230023722222222
2 0.021191133333333303
3 0.021378138888888898
4 0.023223216666666702
5 0.0212382944444445
6 0.0215740666666667
7 0.0181538083333333
8 0.017965475
9 0.0208473388888889
10 0.0230136111111111
11 0.0237359166666667
12 0.0248935833333333
13 0.0268569722222222
14 0.0291498055555556
15 0.0299039444444444
16 0.030800722222222198
17 0.029824833333333297
18 0.0277595555555556
19 0.0227100277777778
20 0.0165178388888889
21 0.0159453355555556
22 0.013063644444444399
23 0.012961875
0 0.0127300711111111
1 0.014613383333333299
2 0.0139221755555556
3 0.0145601361111111
4 0.0164911444444444
5 0.017001480555555597
6 0.018465086111111098
7 0.015981
8 0.016232666666666697
9 0.0212306944444444
10 0.0249980555555555
11 0.02799175
12 0.0346205833333333
13 0.0329570277777778
14 0.0345401666666667
15 0.035142694444444504
16 0.034579611111111096
17 0.033655111111111094
18 0.0317963888888889
19 0.0270653888888889
20 0.025460055555555597
21 0.0234491111111111
22 0.021159833333333298
23 0.0189509972222222
0 0.018409697222222198
1 0.0189007111111111
2 0.0195732777777778
3 0.0194938777777778
4 0.0199723805555555
5 0.0191858944444444
6 0.0174985277777778
7 0.0147107861111111
8 0.0149426722222222
9 0.0169915416666667
10 0.0215291666666667
11 0.0270404444444444
12 0.033086138888888894
13 0.0325922777777778
14 0.0364621388888889
15 0.0351895555555556
16 0.0366082222222222
17 0.0391616944444445
18 0.0391706111111111
19 0.0330403888888889
20 0.0263219444444444
21 0.0254456388888889
22 0.0251299166666667
23 0.0260863611111111
0 0.025988111111111097
1 0.0235831111111111
2 0.0254828333333333
3 0.026388277777777802
4 0.0253079444444444
5 0.0219625277777778
6 0.0159197472222222
7 0.0145283166666667
8 0.016641069444444403
9 0.0226546388888889
10 0.0276935833333333
11 0.0304761944444444
12 0.0376101111111111
13 0.0351246111111111
14 0.0337881944444444
15 0.034567666666666705
16 0.0313323333333333
17 0.0302755833333333
18 0.0276443611111111
19 0.0236795555555556
20 0.0234796111111111
21 0.023112555555555598
22 0.022047972222222198
23 0.0227120277777778
0 0.0212821666666667
1 0.021409388888888898
2 0.0217398055555556
3 0.0226574722222222
4 0.021999305555555602
5 0.0208365833333333
6 0.018092677777777802
7 0.0151647444444444
8 0.0162342444444444
9 0.018857908333333298
10 0.021649472222222202
11 0.0238304166666667
12 0.0260046944444444
13 0.0294395833333333
14 0.0333828611111111
15 0.0331080555555556
16 0.0353590555555555
17 0.0367256666666667
18 0.0358588888888889
19 0.0259354361111111
20 0.0186131361111111
21 0.0142197027777778
22 0.0197767777777778
23 0.019740175000000002
0 0.0203272694444444
1 0.019153927777777798
2 0.017613941666666702
3 0.0183609
4 0.017610186111111103
5 0.015118216666666701
6 0.0127738861111111
7 0.010915626083333302
8 0.0124839631388889
9 0.017927055555555602
10 0.0233547222222222
11 0.0279824722222222
12 0.0309207777777778
