0 0.0
1 0.0
2 0.0
3 0.0
4 0.0
5 0.0
6 0.0
7 0.0
8 0.0
9 0.0033467346089324605
10 0.004038094091503269
11 0.004029832236383441
12 0.003686459547930284
13 0.003459918409586055
14 0.0036609064814814795
15 0.00332966104480894
16 0.0029531942535342207
17 0.0027050686710743945
18 0.0026959283767312276
19 0.0026218406128230786
20 0.0025400408886806377
21 0.002412239350165807
22 0.0024236114968092643
23 0.0023337748096496267
0 0.0022777718747278766
1 0.002204976819953652
2 0.0020926597009906073
3 0.0020478631242865242
4 0.002180104267492647
5 0.00229101372570303
6 0.002244590541914807
7 0.0025900575997085834
8 0.0041249888104575175
9 0.006515874477124185
10 0.005556627385620919
11 0.004475258022875821
12 0.003453757521786493
13 0.003049943240740738
14 0.003309398937908494
15 0.003292428447712419
16 0.00339459133986928
17 0.003107046553579755
18 0.002713304306154911
19 0.0026101537062507793
20 0.0025318918303958776
21 0.002376067043242103
22 0.002339045673329639
23 0.0025667083897778667
0 0.004564054147058826
1 0.008119052506535936
2 0.012989226116557714
3 0.013737890936819154
4 0.011381279313725479
5 0.008745538311546836
6 0.00789754851307189
7 0.011060960130718932
8 0.03949566481481483
9 0.027642422026143778
10 0.0168623119825708
11 0.010216611372549015
12 0.011124034302832238
13 0.008255742069716772
14 0.005573294553376903
15 0.003937696383442263
16 0.002965309161220043
17 0.0025362148583878007
18 0.002237929193899784
19 0.002243975424836601
20 0.0023985972766884522
21 0.00232087274625628
22 0.002224913154575343
23 0.0022061535691688143
0 0.0021787181334683675
1 0.001969821463420979
2 0.001852430479012073
3 0.0017738025019435623
4 0.0017643268559673607
5 0.0017483482138636315
6 0.0017073657779028094
7 0.0017723683634627272
8 0.001746986520504597
9 0.001801018433113599
10 0.0032403406459694984
11 0.01005840922113289
12 0.021127249242374732
13 0.02282810824836601
14 0.02018411440740741
15 0.011948105207516341
16 0.007176755010893248
17 0.004549249626906318
18 0.00332048723311547
19 0.002795049477124184
20 0.0024577800762527247
21 0.002211896385620915
22 0.001964150236383443
23 0.002205882278211833
0 0.008862974815904156
1 0.006993902143790861
2 0.004674134552287589
3 0.003383556021786494
4 0.002679187895424836
5 0.0029233378671023966
6 0.006370704193899783
7 0.007560908294117649
8 0.007280992948801745
9 0.02207352243028322
10 0.031003109709150344
11 0.018676016160675386
12 0.023386773523965163
13 0.019293954727668858
14 0.011632639417211337
15 0.009785696203703712
16 0.007513110642701531
17 0.005308372723311549
18 0.003693624547930287
19 0.003023585713507627
20 0.0026582194716775623
21 0.0022610940904139436
22 0.002122365754901958
23 0.0019709596078431356
0 0.001837132304319897
1 0.0018323483127535086
2 0.0018993113106150648
3 0.0020833758177457038
4 0.002140352282389923
5 0.002058722609260804
6 0.0019488940043233306
7 0.0019513866598397103
8 0.0019351324021608563
9 0.002122914900744676
10 0.0022071227905551827
11 0.002444336244278458
12 0.002579479279278933
13 0.004572974213507625
14 0.007673545788671012
15 0.006495615181917205
16 0.004926786056644874
17 0.004123273273420477
18 0.003778299422657951
19 0.003829932303921566
20 0.0036964857679738536
21 0.0031225527995642666
22 0.002848475446623093
23 0.002565460045386168
0 0.0021198320773420454
1 0.0019586400446623057
2 0.0018349999803921563
3 0.0017743827516339887
4 0.0018222269072326442
5 0.0018338351616832703
6 0.0018177760329705216
7 0.0021870122743139287
8 0.0028655432007013704
9 0.0033468819575163413
10 0.006171197790849673
11 0.004632766313725491
12 0.003545479306100216
