0 0.0
1 0.0
2 0.0
3 0.0
4 0.0
5 0.0
6 0.0
7 0.0
8 0.0
9 0.0
10 0.0
11 0.0
12 0.0
13 48.3441591371591
14 60.8060100936101
15 34.312358485958484
16 39.028466178266186
17 48.27777220187222
18 33.96257810337809
19 28.224740537240518
20 23.133135816035804
21 18.888603011803003
22 17.306580911680925
23 20.43454505494505
0 25.07099666259666
1 23.495255677655674
2 24.514552421652414
3 25.24574204314204
4 23.67039523809522
5 22.541790028490023
6 14.950811192511186
7 15.139031257631254
8 15.008128693528691
9 19.492953357753358
10 21.78782967032969
11 25.329895889295912
12 23.2616586894587
13 29.631630402930426
14 26.70376585266585
15 25.35089190069189
16 28.039165730565713
17 25.08558620268618
18 27.889140984940973
19 37.66032258852259
20 36.06521957671957
21 33.50904485144487
22 37.98701660561661
23 36.064068335368376
0 35.036348270248276
1 32.06574814814815
2 26.944177248677228
3 27.43400529100529
4 27.06198921448919
5 19.67083361823359
6 15.976607651607639
7 14.987619454619464
8 20.33871766381765
9 16.79421884411886
10 13.138125396825401
11 16.946657997557985
12 24.902147212047225
13 25.04801383801382
14 22.71831097883596
15 20.002357091982084
16 24.224455352055347
17 23.33646869149369
18 25.021265333740356
19 34.32779097476596
20 45.903525773300764
21 41.27215938135936
22 39.036851109076096
23 35.770067582417596
0 33.434798310948295
1 25.716187250712228
2 23.29079761904763
3 19.118071052096074
4 18.112317969067963
5 20.27253236670736
6 18.09867971102969
7 25.59355339845339
8 44.867445054945094
9 41.278101149776155
10 0.0
11 0.0
12 0.0
13 36.76251657332641
14 32.65502443072012
15 25.955631191598464
16 26.670425137419016
17 25.76055772452398
18 28.501543532338296
19 36.07105582375946
20 43.02634159947878
21 33.954371885686356
22 28.02367551892551
23 20.80505015262516
0 20.59792391127392
1 22.45973088115589
2 17.671880616605634
3 15.537116961741955
4 15.893700905575896
5 15.809610744810744
6 17.32006283068785
7 16.66047204924706
8 13.086129599104604
9 15.552455199430186
10 20.035189926739907
11 17.819632956857927
12 32.11119942002438
13 32.27133925518922
14 31.03592165242164
15 29.68813829873827
16 32.41149906389905
17 24.526236009361003
18 22.7655288868539
19 34.871940883190916
20 45.19687736060235
21 41.195966829466826
22 32.128951587301614
23 23.92838679283682
0 16.005370553520567
1 15.031421764346753
2 9.798589306064303
3 9.598649552299548
4 10.880541921041935
5 13.126324430199455
6 13.455051638176668
7 17.229043426943438
8 22.29858635531137
9 11.875347262922267
10 15.534618080993067
11 15.426300681725657
12 17.998194413919414
13 20.881781705331715
14 24.257060012209994
15 28.576918691493702
16 27.873373951973978
17 35.06286405168908
18 29.687362810337838
19 35.77028831908834
20 62.81723056573059
21 49.120198575498584
22 31.329513024013014
23 23.179596306471296
0 17.193322242572226
1 21.608395390720396
2 20.718454100529122
3 17.737263308913324
4 16.1344226800977
5 14.371885276760272
6 13.644864580789575
7 18.009763492063506
8 23.592933730158762
9 16.661414824989837
10 18.05034417989417
11 18.905895522995536
12 22.026003194953184
