0 0.0
1 0.0
2 0.0
3 0.0
4 0.0
5 0.0
6 0.0
7 0.0
8 0.0
9 0.01789357501089324
10 0.020446405991285423
11 0.024243043246187375
12 0.02904882647058823
13 0.030626788017429223
14 0.028825535653594782
15 0.028972012222222218
16 0.029225015745813463
17 0.02697210886872717
18 0.022292841328540158
19 0.01905053494553376
20 0.017986778160221616
21 0.016409509483756527
22 0.013486471851851844
23 0.013405055446623066
0 0.017729871089324622
1 0.020366991350762517
2 0.020785358485838762
3 0.02109188435729847
4 0.022169876568627463
5 0.0217165666666667
6 0.021664575470591727
7 0.020913084121814248
8 0.020088802043543377
9 0.02018874225540796
10 0.020889007185152835
11 0.021661096910838437
12 0.022677663745461672
13 0.024321646624227894
14 0.026444053908519675
15 0.02797689783838681
16 0.028696079598032616
17 0.02883731400513198
18 0.028643468352327093
19 0.027110363121027103
20 0.021566915145526038
21 0.01870784378498532
22 0.015754746745098032
23 0.014325091128540302
0 0.013492148470588227
1 0.014022939529411745
2 0.013968455465438812
3 0.014124820123224031
4 0.014663760807137266
5 0.015320179753153071
6 0.016541940669371934
7 0.01641814509213169
8 0.016352471792948107
9 0.01817141998392116
10 0.021271285597497056
11 0.024275580844852422
12 0.029844127614379063
13 0.031431863082788676
14 0.033017534640522886
15 0.03411768649237476
16 0.03400952121469466
17 0.033715215063036576
18 0.0333410360175542
19 0.03186451319263868
20 0.029678285167189428
21 0.02712470992967637
22 0.024258806519252465
23 0.021516603325259127
0 0.02004497338650377
1 0.01962465093420647
2 0.019841403651829494
3 0.019703441813060628
4 0.019690744446209524
5 0.01943069449490586
6 0.01895068295835582
7 0.01763822093002946
8 0.0168414708588379
9 0.016833304571682986
10 0.018244477850527532
11 0.0225564664541517
12 0.028074430174291936
13 0.03035964100217866
14 0.03344807349673203
15 0.03435896897603489
16 0.03552607706971678
17 0.03709122798027211
18 0.03729379758595378
19 0.03601707314561918
20 0.03277223279507604
21 0.029983613341047165
22 0.02805854537806805
23 0.027255208456572477
0 0.02668854472793936
1 0.025223735813944225
2 0.025435782589217165
3 0.02553584195729676
4 0.025437655038549455
5 0.02468856272101169
6 0.020773920682375827
7 0.01765138818936274
8 0.017161544688664994
9 0.019626811079194124
10 0.02350053027700577
11 0.02711249529411761
12 0.03238542509803919
13 0.03378082611111109
14 0.033819546448801724
15 0.034232899400871465
16 0.03295249393558096
17 0.032367864958515236
18 0.03111254680994855
19 0.027853678023889713
20 0.026479192740467748
21 0.0251989591564027
22 0.023776625392174938
23 0.023576346337491654
0 0.02270293298665122
1 0.022353348416220078
2 0.022247740845405706
3 0.02221876937277594
4 0.02208719099050022
5 0.021793508158822826
6 0.020826291659809305
7 0.018564233674834674
8 0.017723670638000028
9 0.018063353406979694
10 0.019248013864394217
11 0.020969808316769957
12 0.023276649810026025
13 0.026553639708255077
14 0.03006602779956425
15 0.031622224640522896
16 0.033276733319650253
17 0.03451587326689545
18 0.03480940965329129
19 0.0319611816758214
20 0.024771015016684717
21 0.019411291655773422
22 0.01956735612200437
23 0.0196275540305011
0 0.019947937647058805
1 0.01951647832244009
2 0.018610798017790343
3 0.018565385633438694
4 0.01826005283636281
5 0.017510870180029652
6 0.015395784028059785
7 0.01300587951472908
8 0.01287014030605354
9 0.014977572265116418
10 0.01932203162962963
11 0.02367111775381262
12 0.027322046965141625
