0 0.0
1 0.0
2 0.0
3 0.0
4 0.0
5 0.0
6 0.0
7 0.0
8 0.0
9 0.0
10 0.0
11 0.0
12 0.0
13 65.87426129426129
14 55.686910866910864
15 48.69272283272283
16 46.345885225885226
17 37.773211233211235
18 31.88659340659341
19 36.84498168498168
20 46.47394383394383
21 46.68258852258853
22 50.13579975579976
23 45.8117216117216
0 39.301587301587304
1 34.64774114774115
2 28.921147741147745
3 24.808009768009764
4 18.150036630036627
5 15.573040293040291
6 39.541098901098906
7 35.86937728937728
8 39.08300366300366
9 44.14178266178266
10 48.27074481074482
11 62.18959706959706
12 53.596288156288146
13 46.54930402930403
14 42.02639804639806
15 46.81697191697191
16 44.11213675213675
17 39.358705738705744
18 31.87457875457876
19 29.736727716727714
20 32.2174358974359
21 29.756043956043957
22 49.38004884004884
23 76.39335775335775
0 74.90014652014654
1 72.40378510378511
2 68.15511599511599
3 72.18056166056166
4 75.64488400488399
5 66.22515262515263
6 64.06715506715507
7 53.18537240537241
8 47.59357753357752
9 53.150622710622706
10 57.924542124542135
11 66.31022773604985
12 57.01236568908764
13 43.97086691086691
14 32.1301098901099
15 26.40827838827839
16 24.047130647130643
17 28.02053724053724
18 30.80681318681319
19 31.602197802197804
20 34.550549450549454
21 42.174188034188035
22 58.23851037851037
23 71.27025641025641
0 97.49455433455431
1 97.30532356532355
2 89.01003663003665
3 93.6644932844933
4 101.09284493284493
5 89.35199023199021
6 71.62847374847375
7 58.565836385836384
8 62.83653235653236
9 82.32461538461537
10 78.7624175824176
11 72.22893772893772
12 75.80905982905982
13 54.146642246642244
14 41.967106227106235
15 43.1269597069597
16 49.90715506715506
17 43.99875457875458
18 38.49682539682539
19 36.19699633699634
20 45.24693528693529
21 51.76815628815628
22 71.53604395604397
23 81.37113553113554
0 77.88495726495724
1 66.59526251526249
2 56.949768009768
3 55.87616605616606
4 46.53570207570207
5 39.76722832722832
6 35.33335775335776
7 34.61667887667888
8 42.40783882783883
9 32.14947496947497
10 18.014065934065933
11 53.40673992673994
12 49.049743589743585
13 39.721831501831495
14 37.65948717948717
15 33.276581196581205
16 34.83819291819291
17 42.72124542124541
18 44.26244200244199
19 52.83457875457876
20 67.47118437118436
21 84.79538461538458
22 91.35916971916973
23 79.37697191697194
0 58.337582417582425
1 49.9201465201465
2 37.80886446886446
3 26.00263736263736
4 24.149597069597075
5 28.222564102564096
6 32.86026862026863
7 36.1274481074481
8 34.30766788766788
9 46.79860805860805
10 49.59374847374848
11 48.49443223443223
12 40.546642246642236
13 36.02210012210012
14 38.062808302808314
15 35.483687423687435
16 34.115436466493335
17 37.67332571248656
18 40.45321075025714
19 37.192129997885345
20 43.76348437016866
21 42.48719580948343
22 42.53859337836537
23 34.576844712546695
0 34.58853100917636
1 32.87146174238012
2 35.050727541031684
3 38.767789414323374
4 40.36004739685432
5 37.13013033204947
6 42.33308164409566
7 39.06868028133718
8 49.27714285714285
9 60.19213675213674
10 59.14793650793652
11 60.37831501831503
12 47.78923076923077
