0 10.6
1 4.9
2 9.7
3 8.6
4 7.4
5 8.8
6 7.3
7 7.5
8 6.7
9 13.5
10 16.8
11 27.3
12 23.8
13 12.8
14 7.4
15 5.1
16 8.2
17 10.4
18 7.4
19 9.4
20 17.5
21 11.4
22 6.7
23 5.7
0 6.0
1 7.3
2 7.1
3 3.9
4 4.1
5 6.1
6 6.9
7 7.2
8 7.3
9 10.0
10 18.5
11 17.8
12 9.4
13 8.6
14 10.9
15 8.0
16 5.3
17 8.6
18 8.7
19 11.2
20 19.8
21 21.9
22 17.8
23 25.9
0 16.1
1 15.6
2 19.8
3 17.1
4 10.4
5 7.2
6 7.5
7 8.0
8 8.9
9 17.0
10 14.2
11 17.9
12 10.6
13 5.8
14 4.8
15 3.9
16 6.7
17 7.4
18 7.3
19 10.8
20 12.1
21 10.7
22 22.3
23 18.5
0 21.6
1 21.7
2 17.7
3 16.0
4 15.8
5 14.8
6 13.9
7 14.4
8 9.6
9 19.4
10 20.4
11 16.4
12 11.2
13 8.3
14 9.2
15 7.9
16 4.2
17 5.3
18 9.3
19 13.2
20 13.1
21 10.7
22 8.9
23 10.1
0 9.1
1 5.5
2 5.4
3 4.8
4 8.4
5 11.6
6 12.0
7 10.0
8 30.8
9 23.2
10 18.0
11 15.9
12 7.4
13 8.9
14 7.6
15 2.9
16 7.8
17 12.5
18 14.8
19 17.1
20 28.3
21 37.4
22 28.0
23 26.5
0 12.8
1 8.1
2 6.7
3 4.6
4 3.2
5 8.1
6 13.2
7 11.0
8 10.5
9 14.3
10 13.5
11 11.1
12 8.7
13 7.5
14 10.8
15 8.2
16 8.3
17 12.0
18 10.1
19 7.3
20 6.6
21 13.6
22 14.0
23 11.6
0 8.6
1 7.6
2 7.7
3 9.6
4 12.4
5 10.1
6 8.5
7 8.1
8 7.0
9 12.3
10 14.6
11 0.0
12 8.9
