0 0.0
1 0.0
2 0.0
3 0.0
4 0.0
5 0.0
6 0.0
7 0.0
8 0.0
9 0.0059113725490196065
10 0.00927098039215686
11 0.016821960784313725
12 0.02375607843137255
13 0.028323921568627453
14 0.030364313725490193
15 0.030132156862745094
16 0.029813725490196074
17 0.028647843137254898
18 0.023755439789692245
19 0.016538823529411762
20 0.011271372549019608
21 0.008332156862745098
22 0.00791764705882353
23 0.009572549019607845
0 0.010752156862745098
1 0.014709019607843137
2 0.01976823529411765
3 0.021610588235294118
4 0.021334509803921566
5 0.013467450980392155
6 0.012240392156862746
7 0.009862745098039215
8 0.008923529411764705
9 0.01034823529411765
10 0.012504313725490199
11 0.01499058823529412
12 0.02040470588235294
13 0.02796078431372549
14 0.033987058823529405
15 0.03605333333333333
16 0.035679999999999996
17 0.03413058823529412
18 0.03189450980392157
19 0.031059433519280262
20 0.031020670692825016
21 0.017361176470588234
22 0.011112156862745097
23 0.00844313725490196
0 0.006762745098039216
1 0.0057772549019607855
2 0.0053905882352941175
3 0.004999607843137255
4 0.005131861180932023
5 0.004999927390145597
6 0.005403356916132685
7 0.005209938296760177
8 0.005297988465353703
9 0.006742576903333934
10 0.01276980392156863
11 0.019075294117647055
12 0.024736470588235294
13 0.0313835294117647
14 0.03555686274509803
15 0.038148627450980396
16 0.03984470588235295
17 0.0383278431372549
18 0.03442184702410503
19 0.02700745098039216
20 0.016807450980392154
21 0.010538039215686275
22 0.0071992156862745104
23 0.005527843137254903
0 0.004640392156862745
1 0.004105490196078431
2 0.004054901960784313
3 0.00400023890105614
4 0.00399178080440811
5 0.004265225846073104
6 0.004167698225587173
7 0.003966024437429161
8 0.004296404725584545
9 0.007476470588235295
10 0.014221176470588237
11 0.01789490196078431
12 0.02786352941176471
13 0.0350043137254902
14 0.041488235294117645
15 0.04442980392156863
16 0.04399019607843138
17 0.04124980392156862
18 0.03699803921568627
19 0.03584491817767587
20 0.020825098039215683
21 0.01284
22 0.008735686274509805
23 0.011403137254901961
0 0.019119215686274515
1 0.01746549019607843
2 0.012383137254901961
3 0.014563921568627453
4 0.01424392156862745
5 0.012533333333333336
6 0.011979607843137258
7 0.008120392156862746
8 0.006065490196078431
9 0.006465098039215686
10 0.010797647058823532
11 0.019169803921568623
12 0.02567058823529412
13 0.02727058823529412
14 0.027065490196078436
15 0.028783921568627448
16 0.028137647058823528
17 0.02665450980392157
18 0.019722745098039212
19 0.01186549019607843
20 0.007777254901960784
21 0.005890196078431372
22 0.0048
23 0.006105098039215686
0 0.005508627450980391
1 0.009180392156862744
2 0.012596470588235298
3 0.013669019607843136
4 0.011545490196078432
5 0.007973333333333332
6 0.006238039215686274
7 0.006015686274509804
8 0.004955686274509803
9 0.004962352941176471
10 0.007469411764705882
11 0.013996078431372547
12 0.020281568627450983
13 0.025542352941176467
14 0.02822274509803921
15 0.02865686274509804
16 0.028425882352941172
17 0.026952941176470586
18 0.02634664921552469
19 0.02036666666666667
20 0.015903921568627452
21 0.014718431372549018
22 0.013372549019607842
23 0.010494509803921569
0 0.008806274509803922
1 0.008118039215686273
2 0.007374509803921568
3 0.005866274509803922
4 0.00667529411764706
5 0.005118039215686274
6 0.004141568627450981
7 0.0033105882352941177
8 0.004050588235294118
9 0.006578431372549019
10 0.011458039215686276
11 0.01816901960784314
12 0.022221176470588234
