0 1.0e-8
1 1.0e-8
2 1.0e-8
3 1.0e-8
4 1.0e-8
5 1.0e-8
6 1.0e-8
7 1.0e-8
8 1.0e-8
9 1.0e-8
10 1.0e-8
11 1.0e-8
12 1.0e-8
13 1.0e-8
14 1.0e-8
15 1.0e-8
16 1.0e-8
17 1.0e-8
18 1.0e-8
19 1.0e-8
20 1.0e-8
21 1.0e-8
22 1.0e-8
23 1.0e-8
0 1.0e-8
1 1.0e-8
2 1.0e-8
3 1.0e-8
4 1.0e-8
5 1.0e-8
6 1.0e-8
7 1.0e-8
8 1.0e-8
9 1.0e-8
10 1.0e-8
11 1.0e-8
12 1.0e-8
13 1.0e-8
14 1.0e-8
15 1.0e-8
16 1.0e-8
17 1.0e-8
18 1.0e-8
19 1.0e-8
20 1.0e-8
21 1.0e-8
22 1.0e-8
23 1.0e-8
0 1.0e-8
1 1.0e-8
2 1.0e-8
3 1.0e-8
4 1.0e-8
5 1.0e-8
6 1.0e-8
7 1.0e-8
8 1.0e-8
9 1.0e-8
10 1.0e-8
11 1.0e-8
12 1.0e-8
13 1.0e-8
14 1.0e-8
15 1.0e-8
16 1.0e-8
17 1.0e-8
18 1.0e-8
19 1.0e-8
20 1.0e-8
21 1.0e-8
22 1.0e-8
23 1.0e-8
0 1.0e-8
1 1.0e-8
2 1.0e-8
3 1.0e-8
4 1.0e-8
5 1.0e-8
6 1.0e-8
7 1.0e-8
8 1.0e-8
9 1.0e-8
10 1.0e-8
11 1.0e-8
12 1.0e-8
13 1.0e-8
14 1.0e-8
15 1.0e-8
16 1.0e-8
17 1.0e-8
18 1.0e-8
19 1.0e-8
20 1.0e-8
21 1.0e-8
22 1.0e-8
23 1.0e-8
0 1.0e-8
1 1.0e-8
2 1.0e-8
3 1.0e-8
4 1.0e-8
5 1.0e-8
6 1.0e-8
7 1.0e-8
8 1.0e-8
9 1.0e-8
10 1.0e-8
11 1.0e-8
12 1.0e-8
13 1.0e-8
14 1.0e-8
15 1.0e-8
16 1.0e-8
17 1.0e-8
18 1.0e-8
19 1.0e-8
20 1.0e-8
21 1.0e-8
22 1.0e-8
23 1.0e-8
0 1.0e-8
1 1.0e-8
2 1.0e-8
3 1.0e-8
4 1.0e-8
5 1.0e-8
6 1.0e-8
7 1.0e-8
8 1.0e-8
9 1.0e-8
10 1.0e-8
11 1.0e-8
12 1.0e-8
13 1.0e-8
14 1.0e-8
15 1.0e-8
16 1.0e-8
17 1.0e-8
18 1.0e-8
19 1.0e-8
20 1.0e-8
21 1.0e-8
22 1.0e-8
23 1.0e-8
0 1.0e-8
1 1.0e-8
2 1.0e-8
3 1.0e-8
4 1.0e-8
5 1.0e-8
6 1.0e-8
7 1.0e-8
8 1.0e-8
9 1.0e-8
10 1.0e-8
11 1.0e-8
12 0.0
