0 0.0
1 0.0
2 0.0
3 0.0
4 0.0
5 0.0
6 0.0
7 0.0
8 0.0
9 0.0
10 0.0
11 0.0
12 0.0
13 17.46141636141636
14 12.430427350427351
15 8.764786324786321
16 8.482490842490842
17 9.441440781440782
18 8.420732600732602
19 8.91059829059829
20 13.206617826617828
21 12.303052503052504
22 9.500293040293037
23 7.5975091575091565
0 6.796581196581196
1 7.047619047619049
2 7.073772893772893
3 5.486739926739925
4 4.792869352869353
5 5.445909645909646
6 6.172893772893773
7 6.686178266178266
8 6.991843711843711
9 8.495750915750918
10 13.499316239316236
11 15.65113553113553
12 12.525982905982907
13 10.563150183150185
14 10.732039072039072
15 9.366520146520145
16 7.333406593406593
17 7.967008547008548
18 8.333724053724053
19 9.767350427350427
20 14.785201465201464
21 18.344053724053722
22 18.071941391941394
23 21.98695970695971
0 19.044297924297922
1 17.323003663003657
2 18.562588522588523
3 17.832405372405375
4 14.1168253968254
5 10.65824175824176
6 9.078974358974358
7 8.53909645909646
8 8.718217338217338
9 12.85851037851038
10 13.52881562881563
11 15.713431013431013
12 13.156043956043952
13 9.476825396825395
14 7.1365811965811945
15 5.516678876678878
16 6.107887667887668
17 6.753968253968254
18 7.026959706959708
19 8.913821733821731
20 10.507301587301587
21 10.602881562881565
22 16.452429792429786
23 17.476288156288156
0 19.539487179487185
1 20.621684981684986
2 19.162417582417575
3 17.5826862026862
4 16.692454212454212
5 15.747130647130648
6 14.824371184371184
7 14.612625152625153
8 12.106007326007328
9 15.754065934065935
10 18.07680097680098
11 17.23814407814408
12 14.2178021978022
13 11.257264957264958
14 10.227594627594623
15 9.062808302808302
16 6.629987789987788
17 5.963833943833945
18 7.631355311355313
19 10.415531135531133
20 11.758192918192918
21 11.228034188034192
22 10.062612942612942
23 10.080537240537238
0 9.590012210012212
1 7.544664224664226
2 6.471868131868133
3 5.6355555555555545
4 7.018290598290598
5 9.309914529914531
6 10.655286935286934
7 10.327252747252746
8 20.565787545787543
9 21.884420024420024
10 19.943321123321127
11 17.92236874236874
12 12.660976800976801
13 10.780903540903541
14 9.190720390720394
15 6.045128205128206
16 6.922490842490843
17 9.711355311355309
18 12.256019536019538
19 14.67887667887668
20 21.489133089133087
21 29.446300366300367
22 28.72437118437119
23 27.613479853479852
0 20.20739926739926
1 14.153601953601951
2 10.426691086691086
3 7.513553113553113
4 5.356214896214897
5 6.727570207570208
6 9.963589743589742
7 10.481050061050063
8 10.48835164835165
9 12.39135531135531
10 12.943907203907203
11 12.02007326007326
12 10.359536019536021
13 8.929694749694749
14 9.865347985347984
15 9.033113553113553
16 8.710646907303756
17 10.275618575201182
18 10.191468755258715
19 8.782883336390764
20 7.678461538461538
21 10.639145299145298
22 12.3196336996337
23 11.959877899877899
0 10.279926739926738
1 8.93997557997558
2 8.319609279609278
3 8.959975579975582
4 10.6804884004884
5 10.390012210012209
6 9.444810744810745
7 8.772503052503053
8 7.886300366300366
9 10.092991452991452
10 12.346568986568986
11 0.0
12 0.0
