0 0.0053
1 0.0063
2 0.0048
3 0.0057
4 0.0076
5 0.0094
6 0.0056
7 0.0043
8 0.0050999999999999995
9 0.0065
10 0.0126
11 0.024300000000000002
12 0.030600000000000002
13 0.032799999999999996
14 0.032299999999999995
15 0.0298
16 0.0294
17 0.027399999999999997
18 0.0178
19 0.0099
20 0.0060999999999999995
21 0.0055
22 0.0076
23 0.011300000000000001
0 0.012
1 0.018699999999999998
2 0.0248
3 0.023399999999999997
4 0.021
5 0.0056
6 0.011
7 0.0075
8 0.008
9 0.011800000000000001
10 0.0147
11 0.0175
12 0.0258
13 0.0354
14 0.0399
15 0.038
16 0.0352
17 0.0325
18 0.0296
19 0.028
20 0.0297
21 0.005
22 0.005
23 0.005900000000000001
0 0.0052
1 0.004900000000000001
2 0.0050999999999999995
3 0.0047
4 0.0054
5 0.0046
6 0.0064
7 0.0048
8 0.0055
9 0.008400000000000001
10 0.018600000000000002
11 0.0253
12 0.0303
13 0.037899999999999996
14 0.0396
15 0.040600000000000004
16 0.0414
17 0.0367
18 0.0285
19 0.0206
20 0.0067
21 0.0044
22 0.004
23 0.004
0 0.0039
1 0.0037
2 0.0040999999999999995
3 0.004
4 0.004
5 0.005
6 0.0039
7 0.0035
8 0.005
9 0.0105
10 0.0209
11 0.0215
12 0.037700000000000004
13 0.042
14 0.047799999999999995
15 0.047200000000000006
16 0.0434
17 0.0384
18 0.0327
19 0.030899999999999997
20 0.0078
21 0.005
22 0.0048
23 0.014199999999999999
0 0.0269
1 0.0159
2 0.0074
3 0.016800000000000002
4 0.013900000000000001
5 0.0108
6 0.0114
7 0.0043
8 0.0040999999999999995
9 0.006900000000000001
10 0.015099999999999999
11 0.0275
12 0.032100000000000004
13 0.0288
14 0.0268
15 0.0304
16 0.027399999999999997
17 0.0251
18 0.0128
19 0.0040999999999999995
20 0.0038
21 0.0040999999999999995
22 0.0038
23 0.0075
0 0.005
1 0.0129
2 0.016
3 0.0147
4 0.0094
5 0.0044
6 0.0045
7 0.0058
8 0.0039
9 0.005
10 0.01
11 0.0205
12 0.0265
13 0.030699999999999998
14 0.0308
15 0.029
16 0.0281
17 0.0254
18 0.024300000000000002
19 0.015099999999999999
20 0.0115
21 0.0136
22 0.0121
23 0.0077
0 0.0072
1 0.0075
2 0.0067
3 0.0044
4 0.0075
5 0.0036
6 0.0032
7 0.0025
8 0.0048
9 0.0091
10 0.016300000000000002
11 0.0248
12 0.026199999999999998
