0 140.0
1 86.0
2 74.0
3 93.0
4 54.0
5 69.0
6 112.0
7 131.0
8 123.0
9 130.0
10 77.0
11 47.0
12 90.0
13 47.0
14 55.0
15 50.0
16 31.0
17 25.0
18 35.0
19 62.0
20 69.0
21 48.0
22 42.0
23 24.0
0 49.0
1 39.0
2 28.0
3 55.0
4 66.0
5 51.0
6 28.0
7 44.0
8 83.0
9 100.0
10 94.0
11 76.0
12 57.0
13 58.0
14 35.0
15 44.0
16 37.0
17 41.0
18 40.0
19 58.0
20 100.0
21 101.0
22 200.0
23 168.0
0 153.0
1 117.0
2 114.0
3 85.0
4 89.0
5 78.0
6 74.0
7 83.0
8 53.0
9 144.0
10 63.0
11 62.0
12 29.0
13 20.0
14 17.0
15 24.0
16 24.0
17 28.0
18 42.0
19 30.0
20 78.0
21 60.0
22 76.0
23 170.0
0 149.0
1 121.0
2 78.0
3 53.0
4 43.0
5 33.0
6 101.0
7 111.0
8 163.0
9 232.0
10 90.0
11 58.0
12 41.0
13 32.0
14 30.0
15 47.0
16 65.0
17 54.0
18 79.0
19 61.0
20 134.0
21 90.0
22 93.0
23 72.0
0 37.0
1 36.0
2 38.0
3 45.0
4 23.0
5 36.0
6 62.0
7 107.0
8 212.0
9 157.0
10 83.0
11 66.0
12 44.0
13 32.0
14 15.0
15 35.0
16 23.0
17 26.0
18 29.0
19 92.0
20 160.0
21 94.0
22 77.0
23 73.0
0 81.0
1 41.0
2 19.0
3 58.0
4 48.0
5 87.0
6 44.0
7 50.0
8 69.0
9 37.0
10 41.0
11 40.0
12 38.0
13 41.0
14 41.0
15 37.0
16 60.0
17 59.0
18 82.0
19 46.0
20 54.0
21 25.0
22 60.0
23 49.0
0 46.0
1 68.0
2 65.0
3 67.0
4 68.0
5 65.0
6 104.0
7 70.0
8 106.0
9 100.0
10 67.0
11 22.0
12 0.0
