0 0.0
1 0.0
2 0.0
3 0.0
4 0.0
5 0.0
6 0.0
7 0.0
8 0.0
9 0.0
10 0.0
11 0.0
12 0.0
13 64.3995115995116
14 59.697435897435895
15 54.84346764346764
16 42.91892551892552
17 33.954090354090354
18 34.46764346764347
19 48.22539682539683
20 58.606105006105004
21 53.29304029304029
22 47.64224664224664
23 35.81831501831502
0 42.404151404151406
1 40.7010989010989
2 34.347252747252746
3 44.674236874236875
4 55.34139194139194
5 53.17387057387057
6 40.586080586080584
7 42.29084249084249
8 62.647130647130645
9 81.32991452991453
10 87.67130647130647
11 81.84200244200244
12 69.42197802197802
13 63.713308913308914
14 49.357509157509156
15 46.677411477411475
16 41.83516483516483
17 41.41636141636142
18 40.70964590964591
19 49.356532356532355
20 74.68034188034189
21 87.84029304029303
22 143.93308913308914
23 155.9777777777778
0 154.5006105006105
1 135.75750915750916
2 124.88840048840049
3 104.94920634920635
4 96.98095238095237
5 87.4949938949939
6 80.75164835164836
7 81.87887667887668
8 67.43369963369963
9 105.72210012210012
10 84.34432234432235
11 73.15921855921856
12 51.064468864468864
13 35.52039072039072
14 26.248351648351647
15 25.116727716727716
16 24.550427350427352
17 26.269108669108668
18 34.130647130647134
19 32.05885225885226
20 55.032478632478636
21 57.505982905982904
22 66.75457875457876
23 118.39047619047619
0 133.7098901098901
1 127.36727716727717
2 102.6910866910867
3 77.84908424908424
4 60.426862026862025
5 46.71404151404151
6 73.86422466422466
7 92.44200244200245
8 127.73137973137973
9 179.8866910866911
10 134.94505494505495
11 96.45885225885226
12 68.71623931623931
13 50.347252747252746
14 40.16776556776557
15 43.58315018315018
16 54.2942612942613
17 54.14969474969475
18 66.57216117216117
19 63.77997557997558
20 98.88644688644689
21 94.42588522588522
22 93.71330891330891
23 82.85836385836386
0 59.92869352869353
1 47.964835164835165
2 42.98339438339438
3 43.99145299145299
4 33.49059829059829
5 34.743101343101344
6 48.36947496947497
7 77.69035409035409
8 144.85470085470087
9 150.93553113553114
10 116.96654456654457
11 91.48253968253968
12 67.74212454212454
13 49.87057387057387
14 32.432478632478634
15 33.71501831501831
16 28.357509157509156
17 27.177533577533577
18 28.084737484737484
19 60.04053724053724
20 110.01391941391941
21 101.9992673992674
22 89.4989010989011
23 81.25030525030525
0 81.12967032967033
1 61.065934065934066
2 40.03345543345544
3 49.01953601953602
4 48.51282051282051
5 67.76385836385836
6 55.883760683760684
7 52.93675213675213
8 60.957264957264954
9 48.97167277167277
10 44.98144078144078
11 42.48669108669109
12 40.23809523809524
13 40.61904761904762
14 40.81221001221001
15 38.9035409035409
16 49.45323565323565
17 53.51842420676767
18 68.11623931623932
19 57.05763125763126
20 55.526984126984125
21 40.262026862026865
22 50.13333333333333
23 49.56776556776557
0 47.78485958485958
1 57.89572649572649
2 61.45079365079365
3 64.22905982905984
4 66.11550671550671
5 65.55848595848596
6 84.78192918192919
7 77.39389499389499
8 91.7032967032967
9 95.86080586080585
10 81.43125763125764
11 51.71233211233211
12 0.0
