0 0.0
1 0.0
2 0.0
3 0.0
4 0.0
5 0.0
6 0.0
7 0.0
8 0.0
9 1.992890508578221
10 2.2785892214690895
11 2.0901098394869346
12 1.8775025315704101
13 1.6653864374734308
14 1.5495716576889682
15 1.4730614852780728
16 1.433068466681258
17 1.3824181151552712
18 1.439058950068806
19 1.4848016264460613
20 1.511517472717199
21 1.4938431838895494
22 1.4915916696640723
23 1.4667445688867398
0 1.5088446766564358
1 1.5254850945771017
2 1.5163869217575168
3 1.4841956562433445
4 1.4761208337717762
5 1.4799134150646358
6 1.482580257710363
7 1.4930063077879114
8 1.5316877888380804
9 1.6574681902762718
10 1.7535781781325623
11 1.782135229250318
12 1.793275783228062
13 1.7556906006136537
14 1.7022505813607522
15 1.6462071954208788
16 1.6266708762590394
17 1.605282383963941
18 1.6514959027113858
19 1.9026608861765322
20 2.047084482928625
21 1.9601951387804992
22 2.1340356431612384
23 1.9832741967299239
0 1.9063962122158462
1 1.8996632977240424
2 1.786335241435356
3 1.7217658886031653
4 1.6527410529579079
5 1.5882291766231422
6 1.568931604494645
7 1.5437380947124562
8 1.5522692595207328
9 1.6184399214510157
10 1.7348995801811868
11 1.6739747996353807
12 1.6192199382468004
13 1.5518381129501226
14 1.5222019477271125
15 1.5221425363265093
16 1.5228826080308238
17 1.5187210623327423
18 1.5434763203061574
19 1.726360877783294
20 1.9113815308556283
21 2.1399472131900543
22 2.1008932108668077
23 2.022039127757859
0 2.010913826042498
1 1.9494225061947257
2 1.8598298171964078
3 1.779010679779188
4 1.7463414596177176
5 1.7309515736282497
6 1.6818033445193137
7 1.680742123399302
8 1.6929922792429397
9 1.9598070981287607
10 2.034716111130297
11 1.934433291993508
12 1.7587483787957958
13 1.6538454384433416
14 1.579993441428848
15 1.5392394110066157
16 1.5256252302593223
17 1.56412177710206
18 1.6293391308534615
19 1.8487740795827268
20 1.9060931091854607
21 1.8958786203262987
22 1.940112351125068
23 1.885931684592556
0 1.7731433173009306
1 1.7450306919107883
2 1.6641387981475273
3 1.6190995353556439
4 1.5679950520335042
5 1.5670642707506839
6 1.5510507106839622
7 1.5667730306350391
8 1.7187401429506834
9 2.079883664269789
10 1.9799309242447836
11 1.8256065366831538
12 1.684599069716427
13 1.5882024758009121
14 1.5471790735432636
15 1.54333671732692
16 1.63187103455721
17 1.6206603893450835
18 1.6784438444019298
19 1.9614106802533053
20 2.1908706759053933
21 2.2258214891066554
22 2.149658833444192
23 1.9488506395095389
0 1.7461069610047246
1 1.5813597092429543
2 1.4939285294118099
3 1.4531436269487825
4 1.4554429174726464
5 1.480102933944521
6 1.4692179406143142
7 1.5143333745321952
8 1.7452330022308855
9 1.8285975840654907
10 1.7904783434055886
11 1.6955987521406404
12 1.6337412409173881
13 1.6251188476121163
14 1.6038975495510257
15 1.5978811686443215
16 1.6081578809565897
17 1.6014772458133772
18 1.6311401215359527
19 1.6574758514017571
20 1.6651120893969544
21 1.6704316970993864
22 1.6641089722415046
23 1.665632048139953
0 1.666824309269881
1 1.6800552692720632
2 1.6736734479398485
3 1.6522745379568915
4 1.6418080140778926
5 1.6204362635654816
6 1.60956375326003
7 1.613062172425544
8 1.717484543097807
9 1.8788287633466727
10 1.8576969381368458
11 0.0
12 0.0
