0 0.0
1 0.0
2 0.0
3 0.0
4 0.0
5 0.0
6 0.0
7 0.0
8 0.0
9 9.999999999999999e-9
10 9.999999999999999e-9
11 9.999999999999999e-9
12 9.999999999999999e-9
13 9.999999999999999e-9
14 9.999999999999999e-9
15 9.999999999999999e-9
16 9.999999999999999e-9
17 9.999999999999999e-9
18 9.999999999999999e-9
19 9.999999999999999e-9
20 9.999999999999999e-9
21 9.999999999999999e-9
22 9.999999999999999e-9
23 9.999999999999999e-9
0 9.999999999999999e-9
1 9.999999999999999e-9
2 9.999999999999999e-9
3 9.999999999999999e-9
4 9.999999999999999e-9
5 9.999999999999999e-9
6 9.999999999999999e-9
7 9.999999999999999e-9
8 9.999999999999999e-9
9 9.999999999999999e-9
10 9.999999999999999e-9
11 9.999999999999999e-9
12 9.999999999999999e-9
13 9.999999999999999e-9
14 9.999999999999999e-9
15 9.999999999999999e-9
16 9.999999999999999e-9
17 9.999999999999999e-9
18 9.999999999999999e-9
19 9.999999999999999e-9
20 9.999999999999999e-9
21 9.999999999999999e-9
22 9.999999999999999e-9
23 9.999999999999999e-9
0 9.999999999999999e-9
1 9.999999999999999e-9
2 9.999999999999999e-9
3 9.999999999999999e-9
4 9.999999999999999e-9
5 9.999999999999999e-9
6 9.999999999999999e-9
7 9.999999999999999e-9
8 9.999999999999999e-9
9 9.999999999999999e-9
10 9.999999999999999e-9
11 9.999999999999999e-9
12 9.999999999999999e-9
13 9.999999999999999e-9
14 9.999999999999999e-9
15 9.999999999999999e-9
16 9.999999999999999e-9
17 9.999999999999999e-9
18 9.999999999999999e-9
19 9.999999999999999e-9
20 9.999999999999999e-9
21 9.999999999999999e-9
22 9.999999999999999e-9
23 9.999999999999999e-9
0 9.999999999999999e-9
1 9.999999999999999e-9
2 9.999999999999999e-9
3 9.999999999999999e-9
4 9.999999999999999e-9
5 9.999999999999999e-9
6 9.999999999999999e-9
7 9.999999999999999e-9
8 9.999999999999999e-9
9 9.999999999999999e-9
10 9.999999999999999e-9
11 9.999999999999999e-9
12 9.999999999999999e-9
13 9.999999999999999e-9
14 9.999999999999999e-9
15 9.999999999999999e-9
16 9.999999999999999e-9
17 9.999999999999999e-9
18 9.999999999999999e-9
19 9.999999999999999e-9
20 9.999999999999999e-9
21 9.999999999999999e-9
22 9.999999999999999e-9
23 9.999999999999999e-9
0 9.999999999999999e-9
1 9.999999999999999e-9
2 9.999999999999999e-9
3 9.999999999999999e-9
4 9.999999999999999e-9
5 9.999999999999999e-9
6 9.999999999999999e-9
7 9.999999999999999e-9
8 9.999999999999999e-9
9 9.999999999999999e-9
10 9.999999999999999e-9
11 9.999999999999999e-9
12 9.999999999999999e-9
13 9.999999999999999e-9
14 9.999999999999999e-9
15 9.999999999999999e-9
16 9.999999999999999e-9
17 9.999999999999999e-9
18 9.999999999999999e-9
19 9.999999999999999e-9
20 9.999999999999999e-9
21 9.999999999999999e-9
22 9.999999999999999e-9
23 9.999999999999999e-9
0 9.999999999999999e-9
1 9.999999999999999e-9
2 9.999999999999999e-9
3 9.999999999999999e-9
4 9.999999999999999e-9
5 9.999999999999999e-9
6 9.999999999999999e-9
7 9.999999999999999e-9
8 9.999999999999999e-9
9 9.999999999999999e-9
10 9.999999999999999e-9
11 9.999999999999999e-9
12 9.999999999999999e-9
13 9.999999999999999e-9
14 9.999999999999999e-9
15 9.999999999999999e-9
16 9.999999999999999e-9
17 9.999999999999999e-9
18 9.999999999999999e-9
19 9.999999999999999e-9
20 9.999999999999999e-9
21 9.999999999999999e-9
22 9.999999999999999e-9
23 9.999999999999999e-9
0 9.999999999999999e-9
1 9.999999999999999e-9
2 9.999999999999999e-9
3 9.999999999999999e-9
4 9.999999999999999e-9
5 9.999999999999999e-9
6 9.999999999999999e-9
7 9.999999999999999e-9
8 9.999999999999999e-9
9 9.999999999999999e-9
10 9.999999999999999e-9
11 9.999999999999999e-9
12 0.0
