0 0.0175
1 0.0193
2 0.0135
3 0.015099999999999999
4 0.0167
5 0.013900000000000001
6 0.009
7 0.011800000000000001
8 0.018600000000000002
9 0.0212
10 0.0277
11 0.0201
12 0.0132
13 0.0062
14 0.0063
15 0.009300000000000001
16 0.0107
17 0.0050999999999999995
18 0.0146
19 0.0219
20 0.0149
21 0.0055
22 0.008400000000000001
23 0.0043
0 0.014199999999999999
1 0.0136
2 0.01
3 0.0038
4 0.0094
5 0.0101
6 0.014
7 0.014
8 0.0213
9 0.0221
10 0.0212
11 0.0171
12 0.0156
13 0.0125
14 0.0087
15 0.008
16 0.0095
17 0.009699999999999999
18 0.0228
19 0.030100000000000002
20 0.0269
21 0.0291
22 0.0263
23 0.021
0 0.019899999999999998
1 0.0192
2 0.0181
3 0.0157
4 0.0116
5 0.0112
6 0.009300000000000001
7 0.0136
8 0.0147
9 0.017
10 0.0169
11 0.0079
12 0.0067
13 0.0045
14 0.0075
15 0.0070999999999999995
16 0.0070999999999999995
17 0.008199999999999999
18 0.0127
19 0.0193
20 0.0246
21 0.0259
22 0.024
23 0.0214
0 0.0223
1 0.019899999999999998
2 0.0188
3 0.0157
4 0.0188
5 0.022
6 0.018699999999999998
7 0.0171
8 0.0176
9 0.0255
10 0.0272
11 0.0178
12 0.01
13 0.0135
14 0.01
15 0.0094
16 0.0127
17 0.0127
18 0.0223
19 0.0288
20 0.0251
21 0.0221
22 0.027
23 0.0173
0 0.0119
1 0.0062
2 0.0104
3 0.0109
4 0.0111
5 0.0152
6 0.0123
7 0.0152
8 0.0215
9 0.027
10 0.018699999999999998
11 0.0107
12 0.0052
13 0.006900000000000001
14 0.0055
15 0.009800000000000001
16 0.0156
17 0.0173
18 0.023899999999999998
19 0.0361
20 0.0352
21 0.0298
22 0.0272
23 0.011699999999999999
0 0.0050999999999999995
1 0.0027
2 0.0045
3 0.0053
4 0.0054
5 0.011300000000000001
6 0.009800000000000001
7 0.0155
8 0.019
9 0.017
10 0.0207
11 0.0145
12 0.009699999999999999
13 0.008400000000000001
14 0.006900000000000001
15 0.0076
16 0.0088
17 0.0085
18 0.010199999999999999
19 0.0072
20 0.0111
21 0.0108
22 0.010199999999999999
23 0.0111
0 0.016
1 0.0172
2 0.0152
3 0.0111
4 0.0132
5 0.0086
6 0.0099
7 0.0125
8 0.0136
9 0.0132
10 0.017
11 0.0
12 0.0
