0 34.4
1 60.3
2 47.3
3 47.7
4 47.9
5 27.0
6 26.1
7 28.0
8 44.2
9 82.8
10 98.6
11 92.1
12 67.8
13 55.0
14 45.5
15 41.7
16 44.0
17 29.2
18 26.0
19 41.8
20 56.1
21 46.9
22 53.6
23 41.5
0 32.8
1 30.0
2 23.2
3 20.7
4 11.5
5 13.0
6 63.5
7 32.2
8 42.3
9 49.2
10 52.4
11 76.1
12 45.0
13 39.5
14 37.5
15 51.6
16 41.4
17 34.6
18 24.4
19 27.6
20 34.7
21 27.3
22 69.0
23 103.4
0 73.4
1 69.9
2 63.9
3 76.2
4 79.1
5 56.8
6 61.9
7 42.3
8 42.0
9 58.7
10 62.7
11 76.1
12 46.5
13 31.2
14 20.3
15 20.7
16 21.7
17 32.0
18 33.6
19 32.4
20 37.5
21 49.8
22 74.3
23 84.3
0 123.7
1 97.1
2 80.7
3 98.3
4 108.5
5 77.6
6 53.9
7 45.5
8 67.1
9 101.8
10 75.2
11 65.7
12 79.4
13 32.5
14 29.8
15 44.3
16 56.7
17 38.1
18 33.0
19 33.9
20 54.3
21 58.3
22 91.3
23 91.2
0 74.4
1 55.3
2 47.3
3 54.8
4 37.2
5 33.0
6 30.9
7 33.9
8 50.2
9 21.9
10 3.9
11 88.8
12 44.7
13 30.4
14 35.6
15 28.9
16 36.4
17 50.6
18 45.8
19 61.4
20 82.1
21 102.1
22 97.9
23 67.4
0 37.3
1 41.5
2 25.7
3 14.2
4 22.3
5 32.3
6 37.5
7 39.4
8 32.5
9 59.3
10 52.4
11 47.4
12 32.6
13 31.5
14 40.1
15 32.9
16 32.3
17 41.7
18 43.6
19 33.5
20 51.2
21 41.9
22 42.8
23 26.0
0 34.6
1 31.1
2 37.3
3 42.6
4 42.0
5 33.8
6 47.7
7 35.7
8 59.5
9 71.1
10 58.1
11 61.6
12 35.2
