0 1.66
1 1.62
2 1.51
3 1.49
4 1.46
5 1.44
6 1.41
7 1.48
8 1.9
9 2.45
10 2.58
11 1.86
12 1.62
13 1.41
14 1.41
15 1.39
16 1.39
17 1.34
18 1.5
19 1.67
20 1.62
21 1.42
22 1.47
23 1.37
0 1.63
1 1.55
2 1.48
3 1.4
4 1.48
5 1.48
6 1.49
7 1.5
8 1.7
9 1.92
10 1.95
11 1.88
12 1.79
13 1.62
14 1.52
15 1.48
16 1.58
17 1.58
18 1.82
19 2.31
20 2.29
21 1.8
22 2.39
23 1.72
0 1.75
1 1.82
2 1.6
3 1.62
4 1.56
5 1.5
6 1.44
7 1.49
8 1.61
9 1.85
10 1.98
11 1.52
12 1.48
13 1.4
14 1.45
15 1.52
16 1.53
17 1.53
18 1.7
19 2.04
20 2.18
21 2.42
22 2.06
23 1.88
0 1.98
1 1.78
2 1.67
3 1.64
4 1.7
5 1.64
6 1.58
7 1.71
8 1.8
9 2.41
10 2.16
11 1.74
12 1.48
13 1.49
14 1.47
15 1.48
16 1.51
17 1.64
18 1.88
19 2.2
20 2.0
21 1.86
22 2.01
23 1.76
0 1.52
1 1.68
2 1.51
3 1.49
4 1.48
5 1.59
6 1.52
7 1.69
8 2.04
9 2.5
10 1.83
11 1.6
12 1.48
13 1.46
14 1.49
15 1.54
16 1.76
17 1.7
18 1.87
19 2.33
20 2.47
21 2.28
22 2.03
23 1.59
0 1.48
1 1.4
2 1.39
3 1.41
4 1.45
5 1.53
6 1.5
7 1.69
8 2.1
9 1.97
10 1.71
11 1.49
12 1.48
13 1.6
14 1.55
15 1.59
16 1.66
17 1.66
18 1.76
19 1.72
20 1.67
21 1.67
22 1.59
23 1.64
0 1.67
1 1.74
2 1.68
3 1.57
4 1.6
5 1.54
6 1.55
7 1.64
8 2.03
9 2.19
10 1.8
11 0.0
12 0.0
