0 0.0
1 0.0
2 0.0
3 0.0
4 0.0
5 0.0
6 0.0
7 0.0
8 0.0045
9 0.0114
10 0.0169
11 0.0195
12 0.0223
13 0.0263
14 0.03
15 0.0299
16 0.022600000000000002
17 0.0
18 0.0
19 0.0
20 0.0
21 0.0
22 0.0
23 0.0
0 0.0
1 0.0
2 0.0
3 0.0
4 0.0
5 0.0
6 0.0
7 0.0
8 0.0
9 0.0159
10 0.0223
11 0.0285
12 0.0312
13 0.0322
14 0.0329
15 0.032799999999999996
16 0.032
17 0.0228
18 0.0
19 0.0087
20 0.0
21 0.0
22 0.0
23 0.0127
0 0.0
1 0.0195
2 0.0078
3 0.013800000000000002
4 0.016
5 0.0155
6 0.0089
7 0.0
8 0.0146
9 0.0198
10 0.0265
11 0.030699999999999998
12 0.0332
13 0.0339
14 0.0353
15 0.0338
16 0.0322
17 0.0232
18 0.0
19 0.0
20 0.0
21 0.0
22 0.0121
23 0.0202
0 0.0
1 0.022600000000000002
2 0.0184
3 0.0096
4 0.018600000000000002
5 0.0
6 0.0
7 0.0
8 0.0
9 0.0246
10 0.0291
11 0.0316
12 0.0295
13 0.0308
14 0.0293
15 0.023399999999999997
16 0.0176
17 0.0073
18 0.0
19 0.0052
20 0.0056
21 0.0
22 0.0
23 0.0111
0 0.0
1 0.008199999999999999
2 0.0095
3 0.011800000000000001
4 0.006900000000000001
5 0.0
6 0.0
7 0.0
8 0.0
9 0.0043
10 0.016399999999999998
11 0.0249
12 0.0
13 0.0
14 0.0286
15 0.022699999999999998
16 0.0201
17 0.0152
18 0.013099999999999999
19 0.0156
20 0.0135
21 0.0161
22 0.014199999999999999
23 0.0121
0 0.0
1 0.004
2 0.0046
3 0.0043
4 0.0039
5 0.0
6 0.0
7 0.0
8 0.0
9 0.0121
10 0.0144
11 0.0214
12 0.0235
13 0.0253
14 0.0254
15 0.019899999999999998
16 0.0167
17 0.0066
18 0.0
19 0.0
20 0.0
21 0.0
22 0.0
23 0.0
0 0.0
1 0.0
2 0.0
3 0.0
4 0.0
5 0.0
6 0.0
7 0.0
8 0.009
9 0.0161
10 0.0174
11 0.0
12 0.0
