0 0.0
1 0.0
2 0.0
3 0.0
4 0.0
5 0.0
6 0.0
7 0.0
8 0.0
9 0.3583411764705882
10 0.28477647058823535
11 0.21017254901960786
12 0.16277254901960783
13 0.14283529411764703
14 0.16643137254901966
15 0.1875294117647059
16 0.21612156862745097
17 0.37159215686274516
18 0.8906352941176472
19 1.1588392156862743
20 1.0339686274509805
21 1.675266666666667
22 2.347658823529412
23 1.866121568627451
0 0.0
1 0.0
2 0.0
3 1.272326359832636
4 1.4226639676113357
5 1.295621513944223
6 1.3531383399209487
7 1.3595669291338581
8 1.201027624160002
9 0.6751529411764707
10 0.3849686274509804
11 0.24117254901960786
12 0.1842862745098039
13 0.14655686274509802
14 0.12320784313725491
15 0.11062745098039216
16 0.1077580721335929
17 0.15433333333333335
18 0.28729411764705887
19 0.28600392156862736
20 0.41731372549019613
21 0.5065999999999997
22 0.45839607843137253
23 0.32637647058823527
0 0.0
1 0.0
2 0.0
3 0.13855648535564852
4 0.10531174089068826
5 0.095
6 0.1029802371541502
7 0.1718503937007874
8 0.16439607843137258
9 0.13771764705882353
10 0.11720000000000001
11 0.10557647058823531
12 0.10484313725490196
13 0.10596078431372549
14 0.10647058823529411
15 0.11372381131979975
16 0.11423388652923899
17 0.15826274509803925
18 0.28374117647058816
19 0.5884313725490197
20 0.8933529411764706
21 0.6532745098039215
22 0.46848235294117646
23 0.30728235294117645
0 0.0
1 0.0
2 0.0
3 0.10589958158995817
4 0.09338461538461539
5 0.11907171314741037
6 0.2608774703557312
7 0.4370393700787402
8 0.46412549019607846
9 0.3182431372549019
10 0.23223529411764707
11 0.17967058823529414
12 0.17700784313725487
13 0.1650196078431372
14 0.16203921568627452
15 0.18874901960784313
16 0.20503474007388967
17 0.2978509803921569
18 0.378035294117647
19 0.31225098039215693
20 0.28729803921568625
21 0.3511607843137254
22 0.295235294117647
23 0.20742745098039211
0 0.0
1 0.0
2 0.0
3 0.0860836820083682
4 0.08516599190283403
5 0.09462549800796811
6 0.1931857707509881
7 0.31014960629921257
8 0.0
9 0.0
10 0.0
11 0.0
12 0.3811645021645022
13 0.3805925925925926
14 0.3701887550200803
15 0.368968253968254
16 0.37200787401574803
17 0.3701466352711465
18 0.3697791839847595
19 0.0
20 0.0
21 0.0
22 0.0
23 0.0
0 0.0
1 0.0
2 0.0
3 0.3594285714285715
4 0.3656
5 0.4076129032258065
6 0.448952380952381
7 0.4782047244094489
8 0.4633289142206207
9 0.4409411664601736
10 0.4152841703674289
11 0.39084677125085676
12 0.3768306339905643
13 0.37212537148716157
14 0.3666510210499326
15 0.3749762083415276
16 0.3823333854785774
17 0.43711420695085307
18 0.6001529411764707
19 0.6547960784313723
20 0.7061960784313724
21 0.8061529411764705
22 0.9409725490196079
23 1.0334078431372549
0 0.0
1 0.0
2 0.0
3 1.1352635983263595
4 0.8456923076923075
5 0.6106414342629483
6 0.6018142292490118
7 0.5928188976377952
8 0.497035294117647
9 0.4190196078431372
10 0.3784588235294119
11 0.0
12 0.0
