0 0.0
1 0.0298
2 0.0225
3 0.0157
4 0.0158
5 0.0255
6 0.0273
7 0.0265
8 0.013699999999999999
9 0.009800000000000001
10 0.006900000000000001
11 0.0055
12 0.0043
13 0.0034
14 0.0055
15 0.0066
16 0.0108
17 0.0217
18 0.033600000000000005
19 0.0303
20 0.028399999999999998
21 0.0297
22 0.030899999999999997
23 0.0264
0 0.0
1 0.0254
2 0.024300000000000002
3 0.0225
4 0.0216
5 0.0214
6 0.0221
7 0.0232
8 0.0251
9 0.0075
10 0.0029
11 0.0017
12 0.0018
13 0.0014
14 0.001
15 0.0011
16 0.0019
17 0.0070999999999999995
18 0.019899999999999998
19 0.0132
20 0.0258
21 0.0246
22 0.0189
23 0.009
0 0.0
1 0.0029
2 0.009800000000000001
3 0.0062
4 0.0040999999999999995
5 0.0045
6 0.0089
7 0.0121
8 0.0063
9 0.0025
10 0.0009
11 0.0005
12 0.0
13 0.0
14 0.0005
15 0.0017
16 0.0018
17 0.007
18 0.019899999999999998
19 0.0312
20 0.030699999999999998
21 0.0215
22 0.0116
23 0.0060999999999999995
0 0.0
1 0.0028
2 0.0057
3 0.0109
4 0.005
5 0.019600000000000003
6 0.0269
7 0.0229
8 0.0141
9 0.004
10 0.0026
11 0.0016
12 0.0025
13 0.0022
14 0.0026
15 0.0055
16 0.008199999999999999
17 0.0161
18 0.0221
19 0.0132
20 0.0123
21 0.0149
22 0.015300000000000001
23 0.0083
0 0.0
1 0.0092
2 0.0083
3 0.006
4 0.0094
5 0.0141
6 0.0209
7 0.019
8 0.0
9 0.0167
10 0.013099999999999999
11 0.004200000000000001
12 0.0
13 0.0
14 0.0021000000000000003
15 0.0043
16 0.0050999999999999995
17 0.0060999999999999995
18 0.0065
19 0.0046
20 0.005900000000000001
21 0.0048
22 0.0065
23 0.0111
0 0.0
1 0.0058
2 0.0038
3 0.004
4 0.0046
5 0.016399999999999998
6 0.019100000000000002
7 0.016
8 0.013300000000000001
9 0.0
10 0.0064
11 0.0037
12 0.0040999999999999995
13 0.0045
14 0.0054
15 0.0076
16 0.0094
17 0.0145
18 0.023899999999999998
19 0.0224
20 0.0241
21 0.0238
22 0.0247
23 0.0232
0 0.0
1 0.0261
2 0.024300000000000002
3 0.0222
4 0.018
5 0.0114
6 0.0166
7 0.0145
8 0.0
9 0.0031
10 0.0027
11 0.0
12 0.0
