0 0.0
1 0.0038
2 0.003
3 0.0029
4 0.0028
5 0.0033
6 0.0033
7 0.0040999999999999995
8 0.0033
9 0.0032
10 0.0028
11 0.0021000000000000003
12 0.0025
13 0.0025
14 0.0026
15 0.0026
16 0.0026
17 0.0027
18 0.0037
19 0.0037
20 0.0031
21 0.0048
22 0.006
23 0.0039
0 0.0
1 0.0040999999999999995
2 0.004200000000000001
3 0.0043
4 0.0046
5 0.0040999999999999995
6 0.004900000000000001
7 0.004900000000000001
8 0.0037
9 0.0026
10 0.0025
11 0.0025
12 0.0024
13 0.0023
14 0.0023
15 0.0023
16 0.0023
17 0.0023
18 0.0024
19 0.0023
20 0.0024
21 0.0025
22 0.0024
23 0.0023
0 0.0
1 0.0023
2 0.0023
3 0.0023
4 0.0023
5 0.0023
6 0.0022
7 0.0025
8 0.0024
9 0.0023
10 0.0023
11 0.0023
12 0.0023
13 0.0023
14 0.0023
15 0.0024
16 0.0023
17 0.0024
18 0.0024
19 0.0028
20 0.0037
21 0.0024
22 0.0023
23 0.0023
0 0.0
1 0.0022
2 0.0023
3 0.0023
4 0.0023
5 0.0024
6 0.0027
7 0.003
8 0.0029
9 0.0024
10 0.0023
11 0.0024
12 0.0025
13 0.0025
14 0.0025
15 0.0026
16 0.0026
17 0.0026
18 0.0026
19 0.0024
20 0.0024
21 0.0025
22 0.0023
23 0.0023
0 0.0
1 0.0023
2 0.0023
3 0.0023
4 0.0023
5 0.0023
6 0.0025
7 0.0027
8 0.0034
9 0.003
10 0.0029
11 0.0025
12 0.0
13 0.0
14 0.0024
15 0.0024
16 0.0023
17 0.0023
18 0.0023
19 0.0023
20 0.0023
21 0.0023
22 0.0022
23 0.0024
0 0.0
1 0.0027
2 0.0025
3 0.0024
4 0.0023
5 0.0026
6 0.0025
7 0.0026
8 0.0028
9 0.0025
10 0.0025
11 0.0025
12 0.0025
13 0.0024
14 0.0025
15 0.0024
16 0.0023
17 0.0025
18 0.0025
19 0.0025
20 0.0025
21 0.0027
22 0.0029
23 0.0031
0 0.0
1 0.0043
2 0.004200000000000001
3 0.0034
4 0.0027
5 0.0024
6 0.0066
7 0.003
8 0.0026
9 0.0024
10 0.0024
11 0.0
12 0.0
