0 0.0
1 0.734
2 0.413
3 0.246
4 0.276
5 0.405
6 0.439
7 0.816
8 0.318
9 0.255
10 0.212
11 0.136
12 0.116
13 0.124
14 0.191
15 0.211
16 0.245
17 0.526
18 1.405
19 1.422
20 0.906
21 2.308
22 3.009
23 1.38
0 0.0
1 1.137
2 1.174
3 1.281
4 1.561
5 1.177
6 1.416
7 1.366
8 0.966
9 0.192
10 0.099
11 0.102
12 0.133
13 0.113
14 0.105
15 0.103
16 0.108
17 0.201
18 0.419
19 0.284
20 0.547
21 0.594
22 0.409
23 0.194
0 0.0
1 0.101
2 0.178
3 0.106
4 0.076
5 0.087
6 0.112
7 0.24
8 0.157
9 0.111
10 0.097
11 0.094
12 0.104
13 0.107
14 0.107
15 0.125
16 0.125
17 0.196
18 0.408
19 0.89
20 1.194
21 0.412
22 0.283
23 0.146
0 0.0
1 0.08
2 0.088
3 0.1
4 0.086
5 0.145
6 0.4
7 0.61
8 0.491
9 0.172
10 0.146
11 0.127
12 0.174
13 0.153
14 0.16
15 0.217
16 0.23
17 0.386
18 0.457
19 0.246
20 0.262
21 0.414
22 0.239
23 0.12
0 0.0
1 0.099
2 0.085
3 0.07
4 0.085
5 0.105
6 0.29
7 0.425
8 0.0
9 0.0
10 0.337
11 0.392
12 0.389
13 0.379
14 0.36
15 0.368
16 0.375
17 0.363
18 0.353
19 0.0
20 0.0
21 0.0
22 0.0
23 0.0
0 0.0
1 0.382
2 0.383
3 0.342
4 0.371
5 0.447
6 0.489
7 0.507
8 0.476
9 0.394
10 0.363
11 0.341
12 0.349
13 0.366
14 0.361
15 0.398
16 0.423
17 0.52
18 0.738
19 0.708
20 0.756
21 0.904
22 1.073
23 1.123
0 0.0
1 1.62
2 1.388
3 0.897
4 0.575
5 0.385
6 0.595
7 0.586
8 0.402
9 0.346
10 0.342
11 0.0
12 0.0
