0 0.0
1 0.0
2 0.0
3 0.0
4 0.0
5 0.0
6 0.0
7 0.0
8 0.0
9 0.0
10 0.013557142857142856
11 0.016726666666666667
12 0.019603225806451612
13 0.0230047619047619
14 0.026529921259842527
15 0.028221568627450976
16 0.025446274509803923
17 0.0
18 0.0
19 0.0
20 0.0
21 0.0
22 0.0
23 0.0
0 0.0
1 0.0
2 0.0
3 0.0
4 0.0
5 0.0
6 0.0
7 0.0
8 0.0
9 0.0
10 0.0
11 0.024928571428571432
12 0.028273333333333334
13 0.030299999999999997
14 0.031620634920634924
15 0.03221496062992126
16 0.03210705882352941
17 0.028762285378942834
18 0.0
19 0.0
20 0.0
21 0.0
22 0.0
23 0.0
0 0.0
1 0.0
2 0.0
3 0.012893103448275862
4 0.014522950819672132
5 0.0150232
6 0.011925296442687746
7 0.0
8 0.0
9 0.0
10 0.022198326359832637
11 0.026621052631578945
12 0.029997211155378484
13 0.032000395256917
14 0.03370866141732283
15 0.03375450980392156
16 0.032995686035798916
17 0.029567768504691044
18 0.0
19 0.0
20 0.0
21 0.0
22 0.0
23 0.0
0 0.0
1 0.0
2 0.0
3 0.014150847457627118
4 0.01646585365853659
5 0.0
6 0.0
7 0.0
8 0.0
9 0.0
10 0.0
11 0.02983555555555556
12 0.029679999999999998
13 0.03025806451612903
14 0.029771428571428574
15 0.026560629921259838
16 0.022740552768286303
17 0.014647450980392156
18 0.0
19 0.0
20 0.0
21 0.0
22 0.0
23 0.0
0 0.0
1 0.0
2 0.0
3 0.010623175965665236
4 0.00868032786885246
5 0.0
6 0.0
7 0.0
8 0.0
9 0.0
10 0.0
11 0.01947244444444444
12 0.0
13 0.0
14 0.0
15 0.0
16 0.021980519480519475
17 0.018445267489711935
18 0.01570160642570281
19 0.01563174603174603
20 0.014557480314960628
21 0.015331764705882352
22 0.014830936039724877
23 0.013693496357832517
0 0.0
1 0.0
2 0.0
3 0.0049041841004184095
4 0.004366396761133603
5 0.0
6 0.0
7 0.0
8 0.0
9 0.0
10 0.0
11 0.018008444444444445
12 0.020966666666666668
13 0.023203225806451615
14 0.024319047619047615
15 0.02209212598425197
16 0.019385490196078433
17 0.012981960784313726
18 0.0
19 0.0
20 0.0
21 0.0
22 0.0
23 0.0
0 0.0
1 0.0
2 0.0
3 0.0
4 0.0
5 0.0
6 0.0
7 0.0
8 0.0
9 0.0
10 0.015828571428571428
11 0.0
12 0.0
