0 0.0
1 0.0
2 0.0
3 0.0
4 0.0
5 0.0
6 0.0
7 0.0
8 0.0
9 0.003345753701354301
10 0.0031695604051801187
11 0.0025981895716289316
12 0.0025495957327279152
13 0.00252354539400776
14 0.002559215187690632
15 0.0025783405396739927
16 0.0025785544355947255
17 0.0025950928359474365
18 0.0030974815554630345
19 0.003235030731849732
20 0.003200074402710829
21 0.003974647238755575
22 0.005026666666666666
23 0.004465882352941176
0 0.0
1 0.0
2 0.0
3 0.004260669456066946
4 0.004438866396761134
5 0.004265338645418326
6 0.00458300395256917
7 0.004744094488188976
8 0.004343831040248052
9 0.0034666595988300493
10 0.0029690831599644223
11 0.002735261484033723
12 0.0025564705882352933
13 0.0024247058823529417
14 0.0023572549019607843
15 0.0023541687551220424
16 0.0023724801815025284
17 0.002349097790583902
18 0.0023447354764365986
19 0.0023245564574047328
20 0.002327699938346202
21 0.0023607860542801235
22 0.0023723576608383045
23 0.0023665690479712396
0 0.0
1 0.0
2 0.0
3 0.002303765690376569
4 0.002301619433198381
5 0.002300398406374502
6 0.0022494071146245053
7 0.002375590551181102
8 0.0023372087517565874
9 0.002332743701545797
10 0.002328814457360301
11 0.002325356722477065
12 0.0023223139157798173
13 0.0023196362458862397
14 0.002328300985536008
15 0.002325158085024922
16 0.002313837435264347
17 0.002327699938346202
18 0.00234098483713298
19 0.0024565914664670995
20 0.0029899378637018113
21 0.0027675809657947592
22 0.0025906584381967424
23 0.002479816735385423
0 0.0
1 0.0
2 0.0
3 0.002293305439330544
4 0.002293927125506073
5 0.0023478087649402386
6 0.002526086956521739
7 0.002765354330708661
8 0.0026947430704177015
9 0.002614305354158247
10 0.0025409674381879897
11 0.0025112375334590906
12 0.002514940437348568
13 0.0025146168328155348
14 0.0025048812434619785
15 0.0025126917518494356
16 0.0024992718448469085
17 0.002524740714657092
18 0.0025486476970356564
19 0.0025372132588021446
20 0.002518084031450241
21 0.002516692952107915
22 0.0024738292397431
23 0.0024330024342185783
0 0.0
1 0.0
2 0.0
3 0.002302092050209205
4 0.0023008097165991906
5 0.0023
6 0.0024011857707509875
7 0.0025519685039370084
8 0.00279473085814719
9 0.002871528175784293
10 0.0028896425451132544
11 0.0027665493539571224
12 0.0
13 0.0
14 0.0
15 0.0
16 0.002353246753246753
17 0.0023238683127572014
18 0.002310441767068273
19 0.002304761904761905
20 0.00230236220472441
21 0.0023219040887216573
22 0.002292419801680077
23 0.0023013848182067377
0 0.0
1 0.0
2 0.0
3 0.0024623430962343097
4 0.002378542510121457
5 0.002491633466135458
6 0.0024964426877470357
7 0.0025488188976377953
8 0.0025810010963318785
9 0.0025571980344493814
10 0.0025469840997262775
11 0.002543263372115344
12 0.0025525963040588045
13 0.0025158161992663735
14 0.0025135567422283206
15 0.0024855872622659685
16 0.002439213945719876
17 0.0024440768300622857
18 0.002448550683657304
19 0.002452666628964719
20 0.0024564532986475415
21 0.0025147748438633833
22 0.0026199763738118534
23 0.0027790735583014315
0 0.0
1 0.0
2 0.0
3 0.0037066945606694553
4 0.0031874493927125506
5 0.0027868525896414345
6 0.004715810276679843
7 0.0038543307086614177
8 0.0032247058823529403
9 0.0028086274509803925
10 0.00260078431372549
11 0.0
12 0.0
