0 0.000733294176302254
1 0.0006763798869454551
2 0.000651622171075247
3 0.000298184434169516
4 0.000393515868842158
5 0.000565112451252911
6 0.00194699139683601
7 0.00665636426966442
8 0.0014694805091324502
9 0.00218261655477316
10 0.0107587462465026
11 0.0217255606626643
12 0.026230895808148698
13 0.0297934457504375
14 0.033102727105088804
15 0.0392836189292371
16 0.041298669343914705
17 0.041706175655709304
18 0.0385895491705309
19 0.015589631127107801
20 0.0011479147742665301
21 0.0014182576487113301
22 0.0
23 0.0023954759969676
0 0.0017850702436159101
1 0.00131524278497552
2 0.00131837307089015
3 0.0007395547481315
4 0.000620888454822574
5 0.000619465597588654
6 0.00036818901007838
7 0.00065475245698987
8 0.00038099472518366003
9 0.000729025604600494
10 0.0016994142381339301
11 0.008088896932775069
12 0.0272280341576798
13 0.0392164600677961
14 0.044439199830623
15 0.044221218102386405
16 0.0441756866709009
17 0.043494707198746804
18 0.0441819472427302
19 0.0386376417450375
20 0.0187102416125411
21 0.00408013896192886
22 0.0
23 0.00495718816091717
0 0.00994117247989214
1 0.0171692872282057
2 0.0213351286376767
3 0.026534533541867203
4 0.0207409434567917
5 0.0144265876241015
6 0.022256286410916603
7 0.023019791602638
8 0.0143901624789132
9 0.0112604457071828
10 0.014086524745194699
11 0.0323702402010668
12 0.038948678336372305
13 0.042050222534871305
14 0.0451153415881816
15 0.046319647950971404
16 0.047757018328677604
17 0.046894766844922005
18 0.045684769053196496
19 0.0388044006128529
20 0.020649311450927202
21 0.00814552665068511
22 0.0
23 0.00221648055694046
0 0.00155285994304017
1 0.00758378261473348
2 0.0115569691547317
3 0.033274039116052596
4 0.0190383524906831
5 0.0118526388879403
6 0.0142990996159423
7 0.00649387397355076
8 0.0007025604600495829
9 0.0
10 0.0
11 0.0
12 0.0
13 0.0
14 0.0
15 0.0
16 0.0
17 0.0
18 0.0
19 0.0
20 0.0
21 0.0
22 0.0
23 0.0
0 0.0
1 0.0
2 0.0
3 0.0
4 0.0
5 0.0
6 0.0
7 0.0
8 0.0
9 0.0
10 0.0
11 0.0
12 0.0
13 0.0
14 0.0
15 0.0
16 0.0
17 0.0
18 0.0
19 0.0
20 0.0
21 0.0
22 0.0
23 0.0
0 0.0
1 0.0
2 0.0
3 0.0
4 0.0
5 0.0
6 0.0
7 0.0
8 0.0
9 0.0
10 0.0
11 0.0
12 0.0
13 0.0
14 0.0
15 0.0
16 0.0
17 0.0
18 0.0
19 0.0
20 0.0
21 0.0
22 0.0
23 0.0
0 0.0
1 0.0
2 0.0
3 0.0
4 0.0
5 0.0
6 0.0
7 0.0
8 0.0
9 0.0
10 0.0
11 0.0
12 0.0
