0 0.0
1 0.0
2 0.0
3 0.0
4 0.0
5 0.0
6 0.0
7 0.0
8 0.0
9 0.002450667234113275
10 0.006624524630651912
11 0.014217057109851234
12 0.020274637988292724
13 0.02509135232681449
14 0.02915812939381097
15 0.03428484917066046
16 0.03786985570598324
17 0.03986551285555398
18 0.03921231392204477
19 0.02742383493659759
20 0.01423669253967935
21 0.0077718374704664655
22 0.0
23 0.0
0 0.0
1 0.0018617461744048168
2 0.001505812333320038
3 0.0010869960771406485
4 0.0008510583893727574
5 0.0007332336768608105
6 0.0005499955696131591
7 0.0005989608298897937
8 0.0004872246882848989
9 0.0006069757009909807
10 0.0011539421091060708
11 0.0046358299958124205
12 0.01598410295067328
13 0.02767596189054882
14 0.03614399460729287
15 0.0402680307972816
16 0.04230773067908285
17 0.0429850732165504
18 0.043666809313963044
19 0.0415786302600005
20 0.029944481766826552
21 0.016943415617111296
22 0.0
23 0.0
0 0.0
1 0.013478967087661825
2 0.017488024530270613
3 0.02205925299591595
4 0.0213989007614645
5 0.017919386191847585
6 0.02009634002730184
7 0.02159348268446349
8 0.018232952992930974
9 0.01461890993556986
10 0.014338504391573493
11 0.02336581485839701
12 0.031192948038325015
13 0.03667574927661928
14 0.040940367109218605
15 0.04367569352293487
16 0.04578178113335481
17 0.046408145207055544
18 0.04561777984576279
19 0.0439453438834052
20 0.03152328638551705
21 0.019767926722249737
22 0.0
23 0.0
0 0.0
1 0.005908324762136582
2 0.00875503836580721
3 0.02119889260846811
4 0.020106899151955418
5 0.015970817941155027
6 0.015131680899479619
7 0.010821164482430113
8 0.005760195217351631
9 0.0
10 0.0
11 0.0
12 0.0
13 0.0
14 0.0
15 0.0
16 0.0
17 0.0
18 0.0
19 0.0
20 0.0
21 0.0
22 0.0
23 0.0
0 0.0
1 0.0
2 0.0
3 0.0
4 0.0
5 0.0
6 0.0
7 0.0
8 0.0
9 0.0
10 0.0
11 0.0
12 0.0
13 0.0
14 0.0
15 0.0
16 0.0
17 0.0
18 0.0
19 0.0
20 0.0
21 0.0
22 0.0
23 0.0
0 0.0
1 0.0
2 0.0
3 0.0
4 0.0
5 0.0
6 0.0
7 0.0
8 0.0
9 0.0
10 0.0
11 0.0
12 0.0
13 0.0
14 0.0
15 0.0
16 0.0
17 0.0
18 0.0
19 0.0
20 0.0
21 0.0
22 0.0
23 0.0
0 0.0
1 0.0
2 0.0
3 0.0
4 0.0
5 0.0
6 0.0
7 0.0
8 0.0
9 0.0
10 0.0
11 0.0
12 0.0
