0 0.01
1 0.002
2 0.003
3 0.004
4 0.004
5 0.009
6 0.008
7 0.004
8 0.002
9 0.006
10 0.02
11 0.039
12 0.059
13 0.071
14 0.079
15 0.077
16 0.062
17 0.058
18 0.055
19 0.048
20 0.032
21 0.027
22 0.033
23 0.013
0 0.015
1 0.011
2 0.002
3 0.006
4 0.004
5 0.007
6 0.002
7 0.003
8 0.002
9 0.004
10 0.017
11 0.038
12 0.059
13 0.073
14 0.091
15 0.092
16 0.108
17 0.094
18 0.069
19 0.06
20 0.047
21 0.034
22 0.033
23 0.018
0 0.005
1 0.017
2 0.007
3 0.004
4 0.01
5 0.01
6 0.002
7 0.005
8 0.002
9 0.011
10 0.025
11 0.043
12 0.06
13 0.062
14 0.079
15 0.069
16 0.055
17 0.05
18 0.036
19 0.052
20 0.057
21 0.04
22 0.017
23 0.005
0 0.01
1 0.008
2 0.003
3 0.007
4 0.008
5 0.0
6 0.001
7 0.001
8 0.002
9 0.005
10 0.018
11 0.03
12 0.046
13 0.058
14 0.074
15 0.079
16 0.072
17 0.084
18 0.0
19 0.071
20 0.06
21 0.036
22 0.024
23 0.021
0 0.019
1 0.032
2 0.02
3 0.016
4 0.01
5 0.013
6 0.009
7 0.007
8 0.002
9 0.006
10 0.0
11 0.0
12 0.0
13 0.0
14 0.0
15 0.0
16 0.0
17 0.0
18 0.0
19 0.0
20 0.0
21 0.0
22 0.0
23 0.0
0 0.0
1 0.0
2 0.0
3 0.0
4 0.0
5 0.0
6 0.0
7 0.0
8 0.0
9 0.0
10 0.0
11 0.0
12 0.0
13 0.0
14 0.0
15 0.0
16 0.109
17 0.0
18 0.103
19 0.0
20 0.0
21 0.0
22 0.0
23 0.0
0 0.0
1 0.0
2 0.0
3 0.0
4 0.0
5 0.0
6 0.0
7 0.0
8 0.0
9 0.0
10 0.0
11 0.0
12 0.063
