0 72.0
1 65.0
2 79.0
3 67.0
4 56.0
5 53.0
6 48.0
7 51.0
8 51.0
9 118.0
10 102.0
11 78.0
12 73.0
13 67.0
14 53.0
15 38.0
16 70.0
17 77.0
18 61.0
19 47.0
20 41.0
21 129.0
22 19.0
23 0.0
0 39.0
1 19.0
2 21.0
3 29.0
4 20.0
5 16.0
6 12.0
7 29.0
8 37.0
9 40.0
10 65.0
11 52.0
12 57.0
13 38.0
14 21.0
15 42.0
16 41.0
17 49.0
18 52.0
19 52.0
20 52.0
21 38.0
22 43.0
23 45.0
0 60.0
1 66.0
2 50.0
3 47.0
4 42.0
5 26.0
6 25.0
7 49.0
8 29.0
9 57.0
10 47.0
11 61.0
12 47.0
13 36.0
14 45.0
15 41.0
16 17.0
17 11.0
18 16.0
19 40.0
20 132.0
21 99.0
22 77.0
23 1.0
0 32.0
1 25.0
2 33.0
3 20.0
4 17.0
5 0.0
6 27.0
7 32.0
8 42.0
9 62.0
10 74.0
11 63.0
12 54.0
13 29.0
14 23.0
15 41.0
16 17.0
17 24.0
18 0.0
19 61.0
20 45.0
21 7.0
22 62.0
23 86.0
0 79.0
1 66.0
2 49.0
3 45.0
4 49.0
5 46.0
6 32.0
7 37.0
8 41.0
9 138.0
10 116.0
11 0.0
12 0.0
13 0.0
14 0.0
15 0.0
16 0.0
17 0.0
18 0.0
19 0.0
20 0.0
21 0.0
22 0.0
23 0.0
0 0.0
1 0.0
2 0.0
3 0.0
4 0.0
5 0.0
6 0.0
7 0.0
8 0.0
9 0.0
10 0.0
11 0.0
12 0.0
13 0.0
14 0.0
15 0.0
16 85.0
17 73.0
18 88.0
19 169.0
20 104.0
21 122.0
22 106.0
23 83.0
0 59.0
1 66.0
2 62.0
3 56.0
4 55.0
5 57.0
6 52.0
7 69.0
8 91.0
9 124.0
10 0.0
11 0.0
12 0.0
