0 0.005
1 0.003
2 0.002
3 0.001
4 0.001
5 0.001
6 0.001
7 0.003
8 0.004
9 0.006
10 0.011
11 0.007
12 0.005
13 0.002
14 0.002
15 0.002
16 0.001
17 0.001
18 0.001
19 0.001
20 0.001
21 0.001
22 0.001
23 0.001
0 0.001
1 0.001
2 0.001
3 0.001
4 0.001
5 0.0
6 0.001
7 0.001
8 0.001
9 0.002
10 0.001
11 0.001
12 0.001
13 0.002
14 0.002
15 0.001
16 0.002
17 0.001
18 0.001
19 0.001
20 0.001
21 0.001
22 0.001
23 0.001
0 0.001
1 0.001
2 0.001
3 0.001
4 0.001
5 0.001
6 0.001
7 0.001
8 0.002
9 0.001
10 0.002
11 0.004
12 0.004
13 0.004
14 0.005
15 0.003
16 0.001
17 0.001
18 0.001
19 0.001
20 0.002
21 0.001
22 0.001
23 0.001
0 0.002
1 0.004
2 0.003
3 0.004
4 0.005
5 0.0
6 0.003
7 0.003
8 0.005
9 0.004
10 0.006
11 0.006
12 0.004
13 0.002
14 0.002
15 0.003
16 0.003
17 0.004
18 0.0
19 0.002
20 0.001
21 0.001
22 0.001
23 0.001
0 0.001
1 0.001
2 0.001
3 0.002
4 0.001
5 0.004
6 0.002
7 0.003
8 0.004
9 0.004
10 0.0
11 0.0
12 0.0
13 0.0
14 0.0
15 0.0
16 0.0
17 0.0
18 0.0
19 0.0
20 0.0
21 0.0
22 0.0
23 0.0
0 0.0
1 0.0
2 0.0
3 0.0
4 0.0
5 0.0
6 0.0
7 0.0
8 0.0
9 0.0
10 0.0
11 0.0
12 0.0
13 0.0
14 0.0
15 0.0
16 0.006
17 0.006
18 0.004
19 0.002
20 0.002
21 0.002
22 0.002
23 0.018
0 0.017
1 0.006
2 0.002
3 0.002
4 0.002
5 0.002
6 0.002
7 0.003
8 0.003
9 0.0
10 0.005
11 0.005
12 0.003
