0 0.7
1 1.3
2 0.8
3 0.8
4 0.8
5 0.7
6 0.7
7 0.8
8 2.6
9 1.8
10 0.9
11 0.6
12 0.6
13 0.5
14 0.4
15 0.4
16 0.3
17 0.3
18 0.3
19 0.3
20 0.6
21 0.7
22 0.5
23 0.9
0 0.8
1 0.7
2 1.1
3 0.8
4 0.7
5 0.5
6 0.8
7 0.9
8 1.0
9 1.4
10 0.8
11 0.7
12 0.5
13 0.4
14 0.5
15 0.4
16 0.5
17 0.4
18 0.3
19 0.4
20 0.4
21 0.5
22 0.4
23 0.8
0 1.1
1 0.8
2 0.9
3 0.8
4 0.6
5 0.5
6 0.9
7 0.7
8 1.6
9 0.9
10 0.8
11 0.6
12 0.7
13 0.6
14 0.5
15 0.3
16 0.3
17 0.3
18 0.3
19 0.5
20 0.7
21 0.9
22 0.8
23 0.4
0 0.3
1 0.4
2 0.5
3 0.4
4 0.3
5 0.0
6 0.6
7 0.8
8 1.3
9 1.3
10 0.8
11 0.6
12 0.4
13 0.6
14 0.8
15 0.6
16 0.4
17 0.3
18 0.0
19 0.3
20 0.3
21 0.6
22 0.9
23 0.8
0 0.7
1 0.5
2 0.5
3 0.5
4 0.5
5 0.4
6 0.6
7 0.7
8 2.6
9 2.0
10 0.0
11 0.0
12 0.0
13 0.0
14 0.0
15 0.0
16 0.0
17 0.0
18 0.0
19 0.0
20 0.0
21 0.0
22 0.0
23 0.0
0 0.0
1 0.0
2 0.0
3 0.0
4 0.0
5 0.0
6 0.0
7 0.0
8 0.0
9 0.0
10 0.0
11 0.0
12 0.0
13 0.0
14 0.0
15 0.0
16 0.7
17 0.7
18 0.6
19 0.6
20 0.8
21 1.1
22 0.9
23 0.9
0 0.8
1 0.7
2 0.6
3 0.6
4 0.6
5 0.5
6 1.1
7 1.5
8 1.8
9 0.0
10 1.0
11 0.9
12 0.5
