0 21.0
1 19.0
2 18.0
3 12.0
4 17.0
5 9.0
6 10.0
7 13.0
8 16.0
9 19.0
10 26.0
11 30.0
12 36.0
13 47.0
14 43.0
15 35.0
16 42.0
17 26.0
18 33.0
19 30.0
20 33.0
21 25.0
22 26.0
23 24.0
0 25.0
1 19.0
2 25.0
3 18.0
4 9.0
5 10.0
6 12.0
7 16.0
8 16.0
9 21.0
10 28.0
11 30.0
12 40.0
13 47.0
14 42.0
15 54.0
16 38.0
17 41.0
18 39.0
19 32.0
20 31.0
21 22.0
22 17.0
23 16.0
0 23.0
1 19.0
2 12.0
3 10.0
4 8.0
5 8.0
6 6.0
7 10.0
8 8.0
9 10.0
10 9.0
11 15.0
12 14.0
13 7.0
14 7.0
15 6.0
16 4.0
17 10.0
18 11.0
19 2.0
20 4.0
21 13.0
22 5.0
23 4.0
0 6.0
1 8.0
2 4.0
3 6.0
4 4.0
5 5.0
6 1.0
7 4.0
8 11.0
9 11.0
10 9.0
11 5.0
12 12.0
13 12.0
14 4.0
15 11.0
16 8.0
17 5.0
18 0.0
19 19.0
20 19.0
21 17.0
22 15.0
23 14.0
0 19.0
1 13.0
2 6.0
3 8.0
4 7.0
5 9.0
6 4.0
7 6.0
8 13.0
9 17.0
10 12.0
11 9.0
12 22.0
13 18.0
14 12.0
15 0.0
16 0.0
17 0.0
18 0.0
19 0.0
20 0.0
21 19.0
22 18.0
23 22.0
0 14.0
1 19.0
2 9.0
3 9.0
4 8.0
5 5.0
6 7.0
7 13.0
8 19.0
9 21.0
10 14.0
11 16.0
12 28.0
13 31.0
14 20.0
15 13.0
16 18.0
17 41.0
18 50.0
19 42.0
20 19.0
21 27.0
22 21.0
23 25.0
0 17.0
1 17.0
2 16.0
3 12.0
4 15.0
5 16.0
6 14.0
7 14.0
8 14.0
9 12.0
10 20.0
11 27.0
12 17.0
