0 0.0
1 0.0
2 0.0
3 0.0
4 0.0
5 0.0
6 0.0
7 0.0
8 0.0
9 0.004905882352941177
10 0.012486274509803922
11 0.025811764705882353
12 0.04251372549019608
13 0.056878431372549006
14 0.06807843137254901
15 0.07268235294117645
16 0.06745882352941177
17 0.0628313725490196
18 0.0589843137254902
19 0.05563600174684966
20 0.04270196078431373
21 0.034764705882352934
22 0.033792156862745094
23 0.023270588235294116
0 0.019043137254901962
1 0.014929411764705884
2 0.008360784313725491
3 0.007098039215686276
4 0.005494117647058823
5 0.006207843137254903
6 0.00404313725490196
7 0.003501960784313726
8 0.002725490196078432
9 0.0033490196078431378
10 0.010203921568627452
11 0.024164705882352942
12 0.04169019607843137
13 0.05747450980392156
14 0.07441176470588234
15 0.08338039215686273
16 0.09589803921568628
17 0.09512549019607842
18 0.08216470588235296
19 0.07261268826398427
20 0.059039215686274515
21 0.04644313725490196
22 0.0396078431372549
23 0.028658823529411764
0 0.01662745098039216
1 0.016662745098039215
2 0.011709803921568626
3 0.007745098039215686
4 0.008799999999999999
5 0.00935294117647059
6 0.005615686274509805
7 0.005282352941176471
8 0.0036352941176470595
9 0.007305882352941177
10 0.016188235294117646
11 0.029670588235294112
12 0.044933333333333325
13 0.053568627450980386
14 0.06643529411764705
15 0.06784313725490196
16 0.06152549019607843
17 0.055839215686274514
18 0.04594117647058823
19 0.04898823529411765
20 0.05298823529411764
21 0.04645098039215687
22 0.03160392156862746
23 0.018176470588235294
0 0.014
1 0.01091764705882353
2 0.006894117647058823
3 0.006858823529411765
4 0.007333333333333335
5 0.0
6 0.0
7 0.0
8 0.0019163179916317993
9 0.003502024291497976
10 0.010896414342629482
11 0.020569169960474306
12 0.03340944881889764
13 0.04575294117647058
14 0.06001960784313725
15 0.06966274509803921
16 0.07096862745098038
17 0.07763921568627451
18 0.0
19 0.0
20 0.0
21 0.049841004184100424
22 0.03640080971659919
23 0.028462151394422312
0 0.023588932806324108
1 0.02770866141732284
2 0.023839215686274513
3 0.019811764705882355
4 0.014807843137254905
5 0.013858823529411762
6 0.011399999999999999
7 0.009172549019607845
8 0.005552941176470589
9 0.005725490196078432
10 0.0
11 0.0
12 0.0
13 0.0
14 0.0
15 0.0
16 0.0
17 0.0
18 0.0
19 0.0
20 0.0
21 0.0
22 0.0
23 0.0
0 0.0
1 0.0
2 0.0
3 0.0
4 0.0
5 0.0
6 0.0
7 0.0
8 0.0
9 0.0
10 0.0
11 0.0
12 0.0
13 0.0
14 0.0
15 0.0
16 0.0
17 0.0
18 0.0
19 0.0
20 0.0
21 0.0
22 0.0
23 0.0
0 0.0
1 0.0
2 0.0
3 0.0
4 0.0
5 0.0
6 0.0
7 0.0
8 0.0
9 0.0
10 0.0
11 0.0
12 0.0
