0 0.03
1 0.036
2 0.031
3 0.028
4 0.025
5 0.017
6 0.019
7 0.022
8 0.025
9 0.027
10 0.023
11 0.019
12 0.015
13 0.014
14 0.008
15 0.008
16 0.006
17 0.006
18 0.006
19 0.007
20 0.018
21 0.021
22 0.013
23 0.029
0 0.024
1 0.022
2 0.029
3 0.021
4 0.018
5 0.013
6 0.016
7 0.019
8 0.018
9 0.02
10 0.017
11 0.016
12 0.012
13 0.01
14 0.012
15 0.01
16 0.01
17 0.011
18 0.008
19 0.01
20 0.012
21 0.018
22 0.016
23 0.028
0 0.037
1 0.021
2 0.028
3 0.023
4 0.017
5 0.016
6 0.019
7 0.017
8 0.02
9 0.019
10 0.018
11 0.016
12 0.021
13 0.018
14 0.013
15 0.008
16 0.006
17 0.006
18 0.006
19 0.015
20 0.02
21 0.03
22 0.031
23 0.021
0 0.015
1 0.016
2 0.02
3 0.015
4 0.013
5 0.0
6 0.017
7 0.019
8 0.018
9 0.021
10 0.018
11 0.015
12 0.013
13 0.019
14 0.028
15 0.021
16 0.013
17 0.008
18 0.0
19 0.006
20 0.008
21 0.021
22 0.035
23 0.032
0 0.027
1 0.014
2 0.017
3 0.014
4 0.016
5 0.013
6 0.018
7 0.018
8 0.027
9 0.032
10 0.0
11 0.0
12 0.0
13 0.0
14 0.0
15 0.0
16 0.0
17 0.0
18 0.0
19 0.0
20 0.0
21 0.0
22 0.0
23 0.0
0 0.0
1 0.0
2 0.0
3 0.0
4 0.0
5 0.0
6 0.0
7 0.0
8 0.0
9 0.0
10 0.0
11 0.0
12 0.0
13 0.0
14 0.0
15 0.0
16 0.019
17 0.016
18 0.015
19 0.015
20 0.028
21 0.03
22 0.035
23 0.037
0 0.034
1 0.028
2 0.024
3 0.023
4 0.025
5 0.019
6 0.023
7 0.024
8 0.025
9 0.0
10 0.027
11 0.024
12 0.013
