0 0.0
1 0.0
2 0.0
3 0.0
4 0.0
5 0.0
6 0.0
7 0.0
8 0.0
9 0.0
10 0.0
11 0.0
12 0.0
13 38.91330891330891
14 40.959706959706956
15 37.98266178266178
16 39.99438339438339
17 32.999267399267396
18 33.002442002442
19 31.503296703296705
20 32.253724053724056
21 28.89165724034449
22 27.538115553374734
23 25.727999268547855
0 25.370051841963324
1 22.15995115995116
2 23.57777777777778
3 20.786813186813188
4 14.88937728937729
5 12.442735042735043
6 12.218803418803418
7 14.107692307692307
8 15.051770451770452
9 18.025396825396825
10 23.012942612942613
11 26.50720390720391
12 33.255433455433455
13 40.131135531135534
14 41.06764346764347
15 47.538217338217336
16 42.77264957264957
17 41.89010989010989
18 40.44835164835165
19 36.226129426129425
20 33.61489621489621
21 27.80757020757021
22 22.402442002442
23 19.1995115995116
0 21.097680097680097
1 20.045421245421245
2 16.01904761904762
3 13.004151404151404
4 10.498412698412698
5 9.245177045177044
6 7.618559218559218
7 8.806593406593407
8 8.4004884004884
9 9.198778998778998
10 9.098412698412698
11 12.049084249084249
12 13.023443223443223
13 10.01025641025641
14 8.504517704517705
15 7.251770451770452
16 5.625396825396826
17 7.812942612942613
18 9.407081807081807
19 5.702564102564103
20 4.85079365079365
21 8.925763125763126
22 6.9623931623931625
23 5.47985347985348
0 5.738949938949939
1 6.869597069597069
2 5.434432234432235
3 5.717216117216117
4 4.858608058608058
5 4.928693528693529
6 2.9631257631257633
7 3.481807081807082
8 7.241758241758242
9 9.12063492063492
10 9.06080586080586
11 7.03052503052503
12 9.515995115995116
13 10.75848595848596
14 7.37924297924298
15 9.19023199023199
16 8.595604395604395
17 6.797802197802198
18 0.0
19 0.0
20 0.0
21 17.121906746548582
22 16.02747668263171
23 14.998759612999256
0 17.015998031011566
1 15.000245158126992
2 10.49155860044042
3 9.244194573453923
4 8.121426826288786
5 8.561309233023938
6 6.28009768009768
7 6.138461538461539
8 9.568498168498168
9 13.284249084249085
10 12.641758241758241
11 10.820268620268621
12 16.41050061050061
13 17.205860805860805
14 14.603663003663003
15 0.0
16 0.0
17 0.0
18 0.0
19 0.0
20 0.0
21 0.0
22 0.0
23 20.4182678919521
0 16.997658079625293
1 18.030738221214413
2 13.444444444444445
3 11.204724409448819
4 9.596078431372549
5 7.293542074363992
6 7.146627565982405
7 10.074743527112847
8 14.538461538461538
9 17.76947496947497
10 15.884249084249085
11 15.941391941391942
12 21.972405372405373
13 26.487667887667886
14 23.245177045177044
15 18.123076923076923
16 18.062759462759463
17 29.535775335775337
18 39.77313797313797
19 40.89010989010989
20 29.945054945054945
21 28.47326007326007
22 24.73748473748474
23 24.86984126984127
0 20.933577533577534
1 18.965079365079365
2 17.48205128205128
3 14.74090354090354
4 14.87008547008547
5 15.431990231990232
6 14.71159951159951
7 14.352380952380953
8 14.175579975579975
9 13.085958485958486
10 16.542857142857144
11 21.771672771672772
12 19.385836385836384
