0 0.0
1 0.0
2 0.0
3 0.0
4 0.0
5 0.0
6 0.0
7 0.0
8 0.0
9 0.00451764705882353
10 0.0077764705882352935
11 0.0074
12 0.006207843137254902
13 0.004105882352941176
14 0.0030549019607843137
15 0.0025254901960784317
16 0.0017568627450980394
17 0.0013686274509803924
18 0.0011647058823529414
19 0.0010705882352941177
20 0.0010274509803921568
21 0.001011764705882353
22 0.001003921568627451
23 0.001
0 0.001
1 0.001
2 0.001
3 0.001
4 0.001
5 0.0
6 0.0
7 0.0
8 0.001
9 0.0015182186234817814
10 0.0012549800796812752
11 0.0011264822134387353
12 0.0010629921259842521
13 0.0015333333333333334
14 0.0017686274509803924
15 0.0013843137254901962
16 0.0016941176470588238
17 0.0013450980392156866
18 0.0011725490196078433
19 0.0010862745098039217
20 0.0010431372549019608
21 0.001019607843137255
22 0.001007843137254902
23 0.001003921568627451
0 0.001
1 0.001
2 0.001
3 0.001
4 0.001
5 0.001
6 0.001
7 0.001
8 0.0015019607843137256
9 0.001250980392156863
10 0.001627450980392157
11 0.0028196078431372553
12 0.0034156862745098045
13 0.003713725490196079
14 0.0043647058823529416
15 0.0036862745098039215
16 0.002341176470588236
17 0.0016705882352941177
18 0.0013333333333333335
19 0.0011607843137254905
20 0.0015764705882352942
21 0.0012823529411764708
22 0.0011333333333333334
23 0.0010627450980392158
0 0.0015333333333333334
1 0.0027725490196078436
2 0.0028901960784313723
3 0.0034509803921568627
4 0.004231372549019607
5 0.0
6 0.0
7 0.0
8 0.004158995815899582
9 0.004076923076923076
10 0.005059760956175299
11 0.005537549407114625
12 0.004763779527559056
13 0.003376470588235294
14 0.002686274509803922
15 0.0028431372549019614
16 0.0029176470588235305
17 0.0034588235294117646
18 0.0
19 0.0
20 0.0
21 0.001288702928870293
22 0.0011376518218623483
23 0.0010637450199203187
0 0.0010276679841897233
1 0.0010078740157480315
2 0.001003921568627451
3 0.0015019607843137256
4 0.001250980392156863
5 0.0026313725490196083
6 0.0023176470588235298
7 0.002662745098039216
8 0.0033372549019607847
9 0.003674509803921569
10 0.0
11 0.0
12 0.0
13 0.0
14 0.0
15 0.0
16 0.0
17 0.0
18 0.0
19 0.0
20 0.0
21 0.0
22 0.0
23 0.0
0 0.0
1 0.0
2 0.0
3 0.0
4 0.0
5 0.0
6 0.0
7 0.0
8 0.0
9 0.0
10 0.0
11 0.0
12 0.0
13 0.0
14 0.0
15 0.0
16 0.0
17 0.0
18 0.004857142857142858
19 0.003333333333333333
20 0.0026451612903225807
21 0.002317460317460318
22 0.00215748031496063
23 0.010109803921568628
0 0.013576470588235294
1 0.009788235294117646
2 0.005890196078431374
3 0.0039450980392156864
4 0.0029725490196078432
5 0.002486274509803922
6 0.002243137254901961
7 0.0025921568627450984
8 0.002768627450980393
9 0.0
10 0.0
11 0.0
12 0.003790794979079498
