0 0.0
1 0.0
2 0.0
3 0.0
4 0.0
5 0.0
6 0.0
7 0.0
8 0.0
9 1.7443137254901964
10 1.322352941176471
11 0.9607843137254903
12 0.78
13 0.6396078431372548
14 0.5192156862745099
15 0.45882352941176463
16 0.3749019607843137
17 0.33450980392156865
18 0.316078431372549
19 0.3074509803921568
20 0.4537254901960784
21 0.5772549019607843
22 0.5388235294117647
23 0.720392156862745
0 0.7611764705882352
1 0.7313725490196079
2 0.9172549019607844
3 0.859607843137255
4 0.7799999999999999
5 0.6396078431372548
6 0.7203921568627453
7 0.8101960784313726
8 0.9054901960784312
9 1.1541176470588237
10 0.9764705882352942
11 0.8380392156862745
12 0.6686274509803921
13 0.5341176470588236
14 0.5164705882352942
15 0.4572549019607843
16 0.4776470588235294
17 0.43686274509803924
18 0.3674509803921569
19 0.3886800116647226
20 0.3925246833861023
21 0.4361981336443925
22 0.4210355565739043
23 0.6121568627450981
0 0.8572549019607842
1 0.8294117647058825
2 0.8658823529411767
3 0.8337254901960784
4 0.7172549019607845
5 0.6086274509803922
6 0.7552941176470587
7 0.7274509803921567
8 1.1647058823529415
9 1.0325490196078433
10 0.9160784313725489
11 0.7576470588235293
12 0.7290196078431374
13 0.6647058823529411
14 0.5815686274509804
15 0.44
16 0.36745098039215685
17 0.33254901960784305
18 0.3152941176470588
19 0.4074509803921569
20 0.5537254901960784
21 0.7274509803921568
22 0.764313725490196
23 0.5823529411764706
0 0.4411764705882352
1 0.4207843137254902
2 0.46078431372549017
3 0.4301960784313726
4 0.3643137254901961
5 0.0
6 0.0
7 0.0
8 1.0133891213389121
9 1.1631578947368424
10 0.9792828685258965
11 0.7885375494071147
12 0.5937007874015747
13 0.5968627450980392
14 0.6988235294117647
15 0.6490196078431373
16 0.5227450980392156
17 0.4094117647058823
18 0.0
19 0.0
20 0.0
21 0.46694560669456064
22 0.6906882591093118
23 0.7466135458167331
0 0.7237154150197629
1 0.6118110236220473
2 0.555686274509804
3 0.528235294117647
4 0.5216733383195686
5 0.4568627450980392
6 0.5278431372549021
7 0.5990410868769921
8 1.6105882352941177
9 1.808235294117647
10 0.0
11 0.0
12 0.0
13 0.0
14 0.0
15 0.0
16 0.0
17 0.0
18 0.0
19 0.0
20 0.0
21 0.0
22 0.0
23 0.0
0 0.0
1 0.0
2 0.0
3 0.0
4 0.0
5 0.0
6 0.0
7 0.0
8 0.0
9 0.0
10 0.0
11 0.0
12 0.0
13 0.0
14 0.0
15 0.0
16 0.0
17 0.0
18 0.6428571428571429
19 0.6199999999999999
20 0.7129032258064515
21 0.9095238095238095
22 0.904724409448819
23 0.8972947433309966
0 0.8534288333185654
1 0.7836884545373992
2 0.700193702474945
3 0.6546511104408791
4 0.6290917499644358
5 0.5703222348336799
6 0.8301960784313727
7 1.1662745098039216
8 1.485098039215686
9 0.0
10 0.0
11 0.0
12 0.7393305439330543
