0 0.0
1 0.0
2 0.0
3 0.0
4 0.0
5 0.0
6 0.0
7 0.0
8 0.0
9 0.0
10 0.0
11 0.0
12 0.0
13 73.17338217338218
14 63.08351648351648
15 50.538217338217336
16 60.27081807081807
17 68.63833943833944
18 64.82075702075701
19 55.90989010989011
20 48.45372405372405
21 88.72820512820513
22 53.853968253968254
23 0.0
0 0.0
1 0.0
2 25.04766866371451
3 27.08646332240988
4 23.480774001488463
5 19.703421117400936
6 15.83059573424859
7 22.425984829948618
8 29.719628452701052
9 34.851453701441486
10 49.935026868588174
11 50.96776556776557
12 53.98608058608058
13 45.99536019536019
14 33.497680097680096
15 37.75042735042735
16 39.37777777777778
17 44.19291819291819
18 48.101343101343105
19 50.05347985347986
20 51.02857142857143
21 44.514041514041516
22 43.754334554334555
23 44.37631257631258
0 52.18852258852259
1 59.0976800976801
2 54.299822013816744
3 51.205746447447765
4 47.300841981883615
5 36.19145299145299
6 30.592429792429794
7 39.7958485958486
8 34.395115995115994
9 45.6998778998779
10 46.35042735042735
11 53.67716727716728
12 50.336996336996336
13 43.16483516483517
14 44.081807081807085
15 42.54017094017094
16 29.767032967032968
17 20.38168498168498
18 18.18974358974359
19 29.093772893772893
20 80.55946275946276
21 89.78485958485959
22 83.3960927960928
23 42.190720390720394
0 37.0935286935287
1 31.045421245421245
2 32.021245421245425
3 26.008058608058608
4 21.504029304029306
5 0.0
6 0.0
7 0.0
8 35.95545715029956
9 49.393244265187796
10 61.891590176134955
11 62.45778981048486
12 58.215003677371904
13 43.57939809150967
14 33.27841603519922
15 37.143659907158565
16 27.069369809477283
17 25.534310134310136
18 0.0
19 0.0
20 0.0
21 25.562907007033083
22 44.36778421981346
23 65.51724137931035
0 72.31479202559684
1 69.14954645746506
2 59.05823342304869
3 52.02273282815938
4 50.514537014414856
5 48.25940400586224
6 40.12771672771673
7 38.56092796092796
8 39.77997557997558
9 88.90598290598291
10 102.45958485958487
11 0.0
12 0.0
13 0.0
14 0.0
15 0.0
16 0.0
17 0.0
18 0.0
19 0.0
20 0.0
21 0.0
22 0.0
23 0.0
0 0.0
1 0.0
2 0.0
3 0.0
4 0.0
5 0.0
6 0.0
7 0.0
8 0.0
9 0.0
10 0.0
11 0.0
12 0.0
13 0.0
14 0.0
15 0.0
16 0.0
17 0.0
18 83.28571428571429
19 129.0
20 116.09677419354838
21 119.0952380952381
22 112.49606299212599
23 97.69019607843137
0 78.30724070450098
1 72.14760508308895
2 67.07132388861748
3 61.53431013431013
4 58.263492063492066
5 57.62979242979243
6 54.81050061050061
7 61.89304029304029
8 76.44493284493285
9 100.22271062271062
10 0.0
11 0.0
12 0.0
