0 0.003411764
1 0.0033042220000000003
2 0.0032184460000000002
3 0.003203367
4 0.0032022829999999998
5 0.00317734
6 0.003185746
7 0.003236241
8 0.00339096
9 0.003179535
10 0.003181634
11 0.003097597
12 0.0032294109999999997
13 0.003359099
14 0.003458145
15 0.003615747
16 0.003683189
17 0.003787912
18 0.0037305619999999998
19 0.0036899899999999998
20 0.00369699
21 0.003570787
22 0.003587122
23 0.003349022
0 0.003305822
1 0.003321002
2 0.0031868020000000003
3 0.003234373
4 0.003177838
5 0.0031860620000000004
6 0.003217506
7 0.003504404
8 0.0033258429999999998
9 0.00321474
10 0.003351612
11 0.003799437
12 0.0037218209999999997
13 0.003753933
14 0.003794576
15 0.003911878000000001
16 0.003909481
17 0.003906751
18 0.004006623
19 0.003921478
20 0.0038048799999999996
21 0.0037445539999999998
22 0.003641531
23 0.003520009
0 0.0035768339999999997
1 0.003563206
2 0.003526446
3 0.003489755
4 0.003437637
5 0.003390517
6 0.0033597090000000002
7 0.003475623
8 0.003493986
9 0.003394781
10 0.003459659
11 0.003785441
12 0.003774519
13 0.0037804030000000003
14 0.003838994
15 0.00397662
16 0.004090817
17 0.004222966999999999
18 0.004399409
19 0.00406099
20 0.003951545
21 0.004029349
22 0.004415087
23 0.0045324960000000004
0 0.004375422
1 0.004146014
2 0.004348734999999999
3 0.004379939
4 0.004816569000000001
5 0.00456598
6 0.004373401000000001
7 0.004356273
8 0.00420923
9 0.004414805
10 0.004494278000000001
11 0.004620571
12 0.004600327
13 0.004610933
14 0.004483183
15 0.004643683
16 0.004784658000000001
17 0.004625644
18 0.004765012
19 0.0043477690000000005
20 0.004137732
21 0.004535405
22 0.005075199999999999
23 0.004534207
0 0.003946987
1 0.003726063
2 0.003911699
3 0.004064613
4 0.003730576
5 0.004042422
6 0.004572554
7 0.0055174709999999995
8 0.00513045
9 0.004172892
10 0.003991214
11 0.003911443
12 0.004107465
13 0.004141294
14 0.004323302
15 0.004554182
16 0.004755299
17 0.004693419
18 0.004759577
19 0.004384878
20 0.004296276
21 0.004447573
22 0.005210838
23 0.004641117
0 0.004328204
1 0.004085503
2 0.004015965
3 0.003966987
4 0.003886061
5 0.003946695
6 0.004092602
7 0.004446302
8 0.004618588
9 0.003844858
10 0.003935203
11 0.004106398000000001
12 0.004348178
13 0.004245308
14 0.004318018999999999
15 0.004490258
16 0.00449894
17 0.004525742
18 0.004596987
19 0.004357571
20 0.004085591
21 0.0041088719999999995
22 0.0047114669999999996
23 0.007367482
0 0.005492941
1 0.005550786
2 0.004595282
3 0.004322848
4 0.004028106
5 0.003813015
6 0.0038416139999999997
7 0.003971251
8 0.004030341
9 0.0037459449999999997
10 0.004066876
11 0.004214639
12 0.004264695
