0 39.76744
1 40.18996
2 35.19378
3 30.56389
4 31.44979
5 30.38161
6 33.31297
7 35.50444
8 35.61487
9 47.27345
10 41.75404
11 34.60279
12 27.76341
13 34.50234
14 47.01519
15 44.04137
16 44.28545
17 47.06807
18 53.19355
19 66.51463
20 67.71141
21 61.45291
22 37.44501
23 47.51843
0 39.94538
1 27.80473
2 25.03606
3 18.27476
4 21.53336
5 19.25376
6 22.28589
7 22.93048
8 31.76774
9 33.40705
10 28.44982
11 34.66257
12 35.37793
13 38.33446
14 41.24217
15 45.30659
16 48.92626
17 50.506
18 51.28822
19 52.47678
20 61.55474
21 76.40146
22 76.54015
23 65.65871
0 54.86255
1 62.11726
2 62.56819
3 42.55064
4 38.66413
5 37.8201
6 30.26821
7 30.73709
8 28.30081
9 32.50554
10 43.91404
11 38.14698
12 41.88657
13 36.64684
14 37.92522
15 39.16701
16 38.31272
17 41.68319
18 43.26104
19 51.58109
20 57.85057
21 58.18499
22 50.30351
23 72.9658
0 71.75208
1 63.987
2 51.27665
3 64.40778
4 59.26672
5 97.32057
6 56.05694
7 39.09452
8 48.75557
9 48.91099
10 71.52354
11 48.86168
12 50.41245
13 54.07462
14 57.52458
15 57.26584
16 44.56565
17 55.80306
18 43.14061
19 48.0817
20 55.36149
21 45.16348
22 90.03323
23 120.7091
0 71.64396
1 46.09744
2 28.57869
3 46.82306
4 61.76212
5 43.00831
6 42.33241
7 52.691
8 92.16094
9 77.01842
10 46.27608
11 43.86742
12 44.97163
13 51.43849
14 56.93776
15 58.12898
16 59.3189
17 56.64931
18 45.19229
19 59.91209
20 63.19369
21 70.00384
22 66.95806
23 78.69735
0 70.6578
1 62.51452
2 43.20778
3 40.51743
4 39.52002
5 42.65713
6 47.21089
7 52.72987
8 67.83992
9 77.89177
10 52.1085
11 52.19995
12 55.10612
13 61.22631
14 57.69193
15 62.98873
16 59.59478
17 62.62027
18 63.28309
19 72.53416
20 77.90216
21 77.49613
22 73.99853
23 70.81416
0 68.80607
1 58.08292
2 57.91289
3 54.94218
4 47.86137
5 51.79313
6 48.59774
7 53.70302
8 59.75915
9 62.90144
10 0.0
11 0.0
12 0.0
