0 0.02112657
1 0.02401832
2 0.02515999
3 0.02419761
4 0.02129914
5 0.01772789
6 0.01050447
7 0.01068862
8 0.008216982
9 0.01669965
10 0.02170222
11 0.0299571
12 0.0379856
13 0.05013725
14 0.05932963
15 0.05501121
16 0.0614673
17 0.06124482
18 0.041340879999999997
19 0.02328951
20 0.01672893
21 0.01531429
22 0.006349966
23 0.013680669999999999
0 0.01775628
1 0.02201689
2 0.022239909999999998
3 0.01926707
4 0.01674267
5 0.01249587
6 0.01108132
7 0.004967543
8 0.01510132
9 0.022309429999999998
10 0.028224930000000002
11 0.03719082
12 0.047226750000000005
13 0.056264449999999994
14 0.06387094
15 0.0697149
16 0.07537300000000001
17 0.07208661999999999
18 0.05159719
19 0.03517296
20 0.0395336
21 0.04119413
22 0.04216812
23 0.03392841
0 0.024077519999999998
1 0.02241119
2 0.02624073
3 0.02572902
4 0.024490369999999997
5 0.0234009
6 0.014858890000000001
7 0.009203835
8 0.01284573
9 0.022936710000000003
10 0.02819774
11 0.04167982
12 0.04570434
13 0.04751731
14 0.05314626
15 0.06256853999999999
16 0.06718532999999999
17 0.06910841000000001
18 0.05752608
19 0.03885776
20 0.04146996
21 0.04571204
22 0.0214755
23 0.01398021
0 0.01891506
1 0.022539840000000002
2 0.02155618
3 0.02144572
4 0.01974302
5 0.01675281
6 0.01137444
7 0.005628045
8 0.012593410000000001
9 0.02057788
10 0.03551886
11 0.0464514
12 0.06208421
13 0.07434972999999999
14 0.07851172
15 0.07691029
16 0.07541122
17 0.06110165
18 0.03687809
19 0.029174040000000002
20 0.03226444
21 0.03378201
22 0.03378685
23 0.03309049
0 0.03380992
1 0.03488098
2 0.033816769999999996
3 0.02963084
4 0.02773022
5 0.02435911
6 0.008578609000000001
7 0.004698029
8 0.008294959000000001
9 0.022238749999999998
10 0.032288870000000004
11 0.04682069
12 0.06298312
13 0.07859808
14 0.08678678
15 0.08751645999999999
16 0.07805817000000001
17 0.06608958
18 0.04777937
19 0.03767423
20 0.048056800000000004
21 0.04678425
22 0.0360391
23 0.0267193
0 0.02451528
1 0.03055811
2 0.03403556
3 0.03524131
4 0.03433061
5 0.03368249
6 0.01886457
7 0.0067445199999999995
8 0.010653000000000001
9 0.026791830000000003
10 0.04129446
11 0.050236159999999995
12 0.06421550999999999
13 0.07070363
14 0.07840322999999999
15 0.08098349
16 0.08072544999999999
17 0.07677231999999999
18 0.06736835000000001
19 0.04584375
20 0.0505259
21 0.05411668
22 0.05584105
23 0.04022129000000001
0 0.03920114
1 0.03223768
2 0.03303127
3 0.030836040000000002
4 0.02977574
5 0.02874958
6 0.02384139
7 0.02083392
8 0.02217982
9 0.03241095
10 0.0
11 0.0
12 0.0
