0 0.1394952
1 0.09142017
2 0.04853658
3 0.04386654
4 0.05620999
5 0.0824038
6 0.2036987
7 0.3397074
8 0.5112029
9 0.239643
10 0.1870802
11 0.1157733
12 0.1190614
13 0.1730302
14 0.1714949
15 0.2211205
16 0.1958496
17 0.2465343
18 0.5544915
19 0.6099583
20 0.6355296
21 0.3744822
22 0.4949196
23 0.3133592
0 0.1501933
1 0.06694347
2 0.03793144
3 0.0954109
4 0.0932447
5 0.1201064
6 0.1287349
7 0.3154622
8 0.2121217
9 0.09047811
10 0.1642501
11 0.1550346
12 0.1518441
13 0.1656216
14 0.1823677
15 0.2044444
16 0.2258193
17 0.239923
18 0.3503791
19 0.5231146
20 0.4573413
21 0.4408859
22 0.3854791
23 0.310721
0 0.2688047
1 0.2877047
2 0.1743842
3 0.1573205
4 0.1586238
5 0.1265663
6 0.1656012
7 0.2675518
8 0.247882
9 0.1121042
10 0.1194253
11 0.10065
12 0.1051288
13 0.1050303
14 0.09412871
15 0.158452
16 0.1623622
17 0.1794904
18 0.2842824
19 0.446323
20 0.3951
21 0.2774475
22 0.2295421
23 0.2403412
0 0.2568777
1 0.1924131
2 0.1969746
3 0.1773121
4 0.2664773
5 0.1825271
6 0.2404481
7 0.5396473
8 0.4342755
9 0.4359577
10 0.2130249
11 0.1796126
12 0.1958093
13 0.165727
14 0.1867223
15 0.1620198
16 0.1411768
17 0.1117234
18 0.4112388
19 0.4499241
20 0.2206896
21 0.2497247
22 0.3409283
23 0.1687258
0 0.05238354
1 0.0
2 0.07954876
3 0.1438154
4 0.04361758
5 0.07360419
6 0.2808942
7 0.7552367
8 0.8760816
9 0.4077546
10 0.2484801
11 0.236245
12 0.1901515
13 0.2061287
14 0.2085936
15 0.1988066
16 0.1671543
17 0.1668663
18 0.4129851
19 0.5271651
20 0.3710473
21 0.3243077
22 0.2944381
23 0.2513101
0 0.1744187
1 0.07730927
2 0.01107339
3 0.0
4 0.0
5 0.05275959
6 0.2543282
7 0.6659982
8 0.739001
9 0.2771969
10 0.1933258
11 0.1817136
12 0.1679908
13 0.1720602
14 0.1896634
15 0.2094622
16 0.2185401
17 0.2287571
18 0.3203964
19 0.5114695
20 0.4080603
21 0.3057632
22 0.2538934
23 0.315399
0 0.2290921
1 0.1606443
2 0.1131189
3 0.09005997
4 0.1008204
5 0.09130796
6 0.1494065
7 0.2828867
8 0.3446347
9 0.174702
10 0.1880475
11 0.2506258
12 0.2568409
