0 19.97543
1 21.90209
2 25.26885
3 11.14637
4 16.58963
5 20.59307
6 20.98438
7 12.3992
8 18.29281
9 16.90118
10 19.88653
11 22.13142
12 11.48316
13 10.5672
14 15.18692
15 17.485
16 23.2118
17 29.28014
18 28.80285
19 33.97455
20 37.24558
21 23.04551
22 15.65813
23 16.77564
0 20.11805
1 11.16713
2 12.45037
3 12.28969
4 10.62642
5 7.735763
6 10.20822
7 9.136936
8 10.03305
9 11.24761
10 11.2927
11 9.170296
12 14.4532
13 12.37123
14 12.50679
15 22.53967
16 16.36553
17 18.69057
18 28.39617
19 24.35925
20 26.04549
21 30.08224
22 42.52766
23 43.48547
0 36.19881
1 36.13744
2 38.51247
3 20.26994
4 18.58544
5 25.59998
6 19.54004
7 17.1672
8 16.37006
9 17.28586
10 13.16517
11 19.02936
12 9.710267
13 12.15529
14 15.02529
15 20.04746
16 16.48736
17 14.50426
18 16.73166
19 28.31293
20 32.79608
21 33.433
22 20.75994
23 34.35788
0 39.65918
1 42.90194
2 32.41929
3 43.52485
4 42.14106
5 78.64247
6 32.17252
7 19.70824
8 21.40458
9 20.53414
10 18.38572
11 13.19713
12 17.63292
13 23.22149
14 18.73049
15 21.60741
16 21.01705
17 20.04737
18 12.34558
19 23.71157
20 20.64229
21 18.62272
22 50.50714
23 76.90485
0 51.84708
1 30.32931
2 10.33736
3 31.83503
4 43.79467
5 20.94752
6 22.84477
7 29.49763
8 56.80408
9 39.34072
10 22.3774
11 14.48894
12 17.4406
13 24.14745
14 22.52837
15 23.1595
16 29.96148
17 24.62801
18 22.52298
19 23.6316
20 30.70084
21 38.79225
22 34.13264
23 36.99727
0 28.61729
1 27.59353
2 12.8598
3 13.91009
4 14.19785
5 18.38297
6 14.6006
7 19.80548
8 32.47207
9 30.10675
10 20.85552
11 25.67156
12 23.05833
13 26.45903
14 32.95647
15 21.92823
16 27.09743
17 25.2284
18 30.28723
19 25.59155
20 34.56475
21 38.22825
22 28.43666
23 34.42297
0 31.85723
1 35.04411
2 24.82418
3 25.82857
4 27.50935
5 22.89673
6 26.45786
7 24.27233
8 24.88213
9 30.98989
10 0.0
11 0.0
12 0.0
