0 0.01411243
1 0.008705704000000002
2 0.004404908
3 0.003908048
4 0.0053624200000000006
5 0.009964287
6 0.01645194
7 0.01977
8 0.02355608
9 0.01381503
10 0.01017939
11 0.006517439000000001
12 0.00744871
13 0.008533545
14 0.008102254
15 0.0104245
16 0.007733665
17 0.01163888
18 0.02806502
19 0.03313602
20 0.03294415999999999
21 0.019728390000000002
22 0.02726889
23 0.017759920000000002
0 0.010165269999999999
1 0.004690611
2 0.003345924
3 0.005755549
4 0.006853764
5 0.00982445
6 0.01401497
7 0.01985615
8 0.01174921
9 0.006844686
10 0.008707654
11 0.008427428
12 0.006927739
13 0.006743366
14 0.006238207
15 0.007144007
16 0.007049289
17 0.009057876999999999
18 0.02176714
19 0.02766153
20 0.02223039
21 0.019066109999999997
22 0.01320757
23 0.01229828
0 0.01341913
1 0.01123274
2 0.009054399
3 0.008142432
4 0.007098653
5 0.007352414
6 0.01469698
7 0.01977076
8 0.01623552
9 0.007651692
10 0.008680976
11 0.005243982
12 0.0046797209999999995
13 0.005403098
14 0.004221907
15 0.005550309999999999
16 0.006129089999999999
17 0.006932173
18 0.0164551
19 0.02369895
20 0.01911159
21 0.01210059
22 0.0145906
23 0.0140067
0 0.01207327
1 0.01048281
2 0.008047811
3 0.00776932
4 0.01039204
5 0.012165760000000001
6 0.01987395
7 0.027683700000000002
8 0.02153503
9 0.02540797
10 0.01316404
11 0.01122288
12 0.009909038
13 0.0076858560000000005
14 0.008502522
15 0.007834723
16 0.008550511
17 0.008320840000000001
18 0.030433830000000002
19 0.02876683
20 0.01894089
21 0.01443204
22 0.01290192
23 0.008076338
0 0.0044521280000000005
1 0.0026563859999999997
2 0.0039526430000000005
3 0.005944794
4 0.005745505
5 0.009781988
6 0.02964734
7 0.03679815
8 0.03474184
9 0.02223533
10 0.01457677
11 0.01288095
12 0.01058163
13 0.009768039999999999
14 0.00865835
15 0.008835786
16 0.009275486000000001
17 0.013310230000000001
18 0.031472270000000004
19 0.031709720000000004
20 0.01934427
21 0.01524152
22 0.017937830000000002
23 0.0202225
0 0.01837933
1 0.0105986
2 0.006627339
3 0.0050084280000000005
4 0.006609296
5 0.01081968
6 0.02885781
7 0.0424214
8 0.03454358
9 0.01631337
10 0.01003353
11 0.007610075
12 0.006793467
13 0.006779651
14 0.006935520999999999
15 0.0077801780000000004
16 0.00854068
17 0.01112101
18 0.01856372
19 0.027292300000000002
20 0.0199306
21 0.01312458
22 0.009284328
23 0.01586755
0 0.01088919
1 0.008228918
2 0.006299286
3 0.005755619
4 0.005431699
5 0.006599916999999999
6 0.01361746
7 0.019264589999999998
8 0.02005752
9 0.010967900000000001
10 0.0
11 0.0
12 0.0
