0 0.0
1 0.0
2 0.0
3 0.0
4 0.0
5 0.0
6 0.0
7 0.0
8 0.0
9 0.0
10 0.0
11 0.0
12 0.0
13 13.227814454212453
14 14.20613622222222
15 15.846342058608057
16 19.529879597069602
17 24.406070490842488
18 26.605414881562883
19 30.29261679365079
20 33.771412532356536
21 28.409211489621487
22 22.033154456654465
23 19.40374328693529
0 19.761950964590962
1 15.46461373382173
2 13.957157733821735
3 13.122789518925517
4 11.87306808302808
5 9.801784970451768
6 10.002732078632478
7 9.566801363614166
8 9.796603028571425
9 10.520665989255193
10 10.906149975091575
11 10.037294374114774
12 12.106738979879598
13 12.229976361814453
14 12.358645981942868
15 17.474797411965813
16 16.920864452014655
17 17.807054809279606
18 23.103833155555556
19 23.733400224175824
20 24.891400232967033
21 27.48911982710623
22 35.012203705982905
23 39.25302673992673
0 37.72857351159951
1 36.93590861294262
2 37.7273646031746
3 28.998375167277164
4 23.79217863492064
5 24.69692295726496
6 22.11740014407814
7 19.641421921855923
8 18.00455958974359
9 17.64364735531136
10 15.400823514041514
11 17.212105663003662
12 13.457952077167278
13 12.803692815140415
14 13.91162362002442
15 16.979514645177044
16 16.733181146764345
17 15.617365784615385
18 16.174169988766792
19 22.244910889377298
20 27.522501063736264
21 30.479722099633697
22 25.62075837216117
23 29.991190800244205
0 34.82884216605618
1 38.86914525274726
2 35.64634143589744
3 39.58846231013431
4 40.86789347496948
5 59.76301302075703
6 45.96965184126983
7 32.83789528693529
8 27.11984673992674
9 23.825418417582416
10 21.10527931623931
11 17.14862092796093
12 17.38808105494505
13 20.30238254212454
14 19.514764866910866
15 20.558411311355314
16 20.785151411477415
17 20.40910623687423
18 16.62322659912197
19 19.977167563725125
20 20.295844703641468
21 19.49347929848169
22 34.9987851843712
23 55.959596312576316
0 53.9075157094017
1 42.11928072039072
2 26.22729555799756
3 29.03241157264957
4 36.41632193650792
5 28.68203087667887
6 25.764682390720395
7 27.631862673992675
8 42.222386695970705
9 40.78408301831503
10 31.577306864468866
11 23.025502442002445
12 20.228850185592183
13 22.18739528693529
14 22.359371167277164
15 22.7583763003663
16 26.35823911599512
17 25.49357394627595
18 24.00823768253968
19 23.819202598290595
20 27.256834090354086
21 33.024475076923075
22 33.579992854700855
23 35.29137969719171
0 32.07836794549152
1 30.199574004268797
2 21.31623723076923
3 17.612034261294266
4 15.903017389499393
5 17.14223117460317
6 15.870448263736263
7 17.83749696214896
8 25.154999748473756
9 27.62981437362637
10 24.24104604884005
11 24.95492015384615
12 24.00594632722833
13 25.232349641025642
14 29.096863626373622
15 25.513525829059827
16 26.30705295482295
17 25.768562305250313
18 27.640888274654788
19 26.8218086032104
20 29.898486931564594
21 33.92944235455692
22 31.394927016266866
23 32.690785405534804
0 32.340135061518836
1 33.49772501764838
2 29.795034654621038
3 28.70450189560666
4 28.286259282169794
5 25.943155554558754
6 26.146298480351597
7 25.39360939263329
8 25.180185032750547
9 27.31133906882219
10 0.0
11 0.0
12 0.0
