0 0.0
1 0.0
2 0.0
3 0.0
4 0.0
5 0.0
6 0.0
7 0.0
8 0.0
9 0.0
10 0.0
11 0.0
12 0.0
13 34.11144273138696
14 39.445125880556965
15 41.351404715382735
16 42.57123725612994
17 44.43872201446216
18 48.91886218146444
19 57.85021775091573
20 62.78473286691087
21 62.120552747252745
22 49.782255240537246
23 48.65191962148962
0 44.44382263154269
1 36.05161583638584
2 30.541154263736264
3 24.40481102564102
4 22.966307479853484
5 21.106637609279606
6 21.69248997557998
7 22.30616335775336
8 27.032562952380953
9 30.216382073260068
10 29.332002722832723
11 31.995716659340665
12 33.56635854376218
13 36.011648503052506
14 38.62888801953602
15 41.971039599511585
16 45.45199447619048
17 47.98281314041515
18 49.63905775824177
19 50.723879702097726
20 56.311770239316246
21 66.36186474236874
22 71.4568792063492
23 68.56157923565324
0 61.72351702718114
1 62.11007067633506
2 62.44167829045119
3 53.56486892887078
4 45.654163105184985
5 41.673412517704506
6 35.96824471306471
7 33.350012937728934
8 30.821351159951156
9 31.658085882783887
10 37.782079289377286
11 37.96117045909646
12 39.92228586080587
13 38.28145298901099
14 37.96311228629192
15 38.38494037716099
16 38.35861850064149
17 39.54772514867523
18 40.891792556516585
19 46.018257439266364
20 51.11892687970231
21 52.91481027988071
22 51.95744630167685
23 62.819868860604586
0 67.26973639569782
1 65.5156585547783
2 58.734162402815286
3 61.43395692847845
4 60.501799875631164
5 78.84512593406595
6 67.52652365271109
7 53.27203306227106
8 51.01269103052502
9 49.960708158730164
10 60.74471504761904
11 54.8002544078144
12 52.60374663247864
13 53.33797301343101
14 55.43203937973138
15 56.34806765811966
16 50.455063826617824
17 53.11588045456007
18 48.58889031156063
19 48.73887864991382
20 51.37304459127862
21 48.90542566239392
22 69.24331782661781
23 94.98498149206351
0 83.3170631159951
1 64.70627754334555
2 46.63894947496948
3 46.729729672771676
4 54.24802452747254
5 48.62660502319902
6 45.47940883028084
7 49.08576721123321
8 70.62784682295481
9 73.82702290354092
10 60.046208698412705
11 51.947431970695966
12 48.45627429059828
13 49.94803428815629
14 53.44635978998779
15 55.789050349206356
16 57.55367685714286
17 57.103158996337
18 51.14807368986568
19 55.53096354090353
20 58.699937960492214
21 62.56933732411353
22 64.23631286157324
23 70.8938658935148
0 70.77403598932696
1 67.26365457456666
2 56.37664386275564
3 48.222533245848794
4 43.708570472146484
5 43.183347424922246
6 45.188608220398876
7 48.941899906600035
8 58.350359027173724
9 68.07952794198285
10 60.12688524753075
11 56.218906328123126
12 55.66848530438726
13 58.406246568881066
14 58.05643051142199
15 60.48944702395106
16 59.975047032068375
17 60.952379050727096
18 61.58909130078114
19 65.2651651021903
20 69.47705999250046
21 72.13114087680057
22 72.78940641309913
23 71.84249395452476
0 70.8624831614788
1 67.52425580917817
2 65.07679650281824
3 61.61936067826625
4 55.208660787248846
5 53.879446361131556
6 51.82627798007092
7 52.52892789349861
8 55.28720671335247
9 57.9109323382885
10 0.0
11 0.0
12 0.0
