0 0.0
1 0.0
2 0.0
3 0.0
4 0.0
5 0.0
6 0.0
7 0.0
8 0.0
9 0.3080056690980392
10 0.24781458870588238
11 0.181934938
12 0.15062140705882351
13 0.16200350235294114
14 0.16668605647058823
15 0.19367075490196078
16 0.1941418376470588
17 0.2203515811764706
18 0.38814195490196074
19 0.5000191176470589
20 0.5687870415686275
21 0.47202962470588233
22 0.48410877843137257
23 0.39891484941176475
0 0.2744645525490196
1 0.17035187239215682
2 0.10312879333333334
3 0.09826093019607844
4 0.09468951137254902
5 0.10689917960784313
6 0.1170990305882353
7 0.21628473882352944
8 0.2143246476470588
9 0.1524475251764706
10 0.15859649623529415
11 0.15693245733333333
12 0.1545031794509804
13 0.16015163521568626
14 0.1713648299607843
15 0.1876869330196078
16 0.2067799745490196
17 0.214629852400476
18 0.2873767670588235
19 0.4059674090196079
20 0.43225336862745095
21 0.4371093682352941
22 0.4116924917647059
23 0.36141513137254905
0 0.3151942007843137
1 0.3030030125182713
2 0.23761858196078428
3 0.19675229764705884
4 0.17710232823529412
5 0.1512180011764706
6 0.1579784674509804
7 0.2126804882352941
8 0.23024021921568627
9 0.17082789490196082
10 0.1450188349019608
11 0.12272329882352942
12 0.11382115725490195
13 0.10938350117647058
14 0.10161596345098041
15 0.12982006054901962
16 0.14124151305137866
17 0.1613353984322253
18 0.22388397521568626
19 0.3357812778039216
20 0.3660092098823529
21 0.322066427882353
22 0.27606978039215685
23 0.25836605725490197
0 0.25780720313725497
1 0.22513549019607845
2 0.21088385333333332
3 0.1935705043137255
4 0.22522081749753142
5 0.20938258830486625
6 0.21992315824380695
7 0.3820240623529413
8 0.40849762
9 0.42270519843137255
10 0.3178965203921569
11 0.24875907098039216
12 0.22214562078431369
13 0.19390336901960786
14 0.19020748980392155
15 0.17537319882352942
16 0.15770029607843136
17 0.13565714361359504
18 0.2730461019607843
19 0.36201512352941173
20 0.29140114666666667
21 0.2707276247058824
22 0.3061303270588234
23 0.2374412125490196
0 0.14473827184313726
1 0.0
2 0.0
3 0.0
4 0.08099727606694562
5 0.07682448769230772
6 0.1803658074900398
7 0.47123258316205535
8 0.6760754913385826
9 0.54138892627451
10 0.3952657510588236
11 0.3159366100392157
12 0.25333137643137255
13 0.22998989019607846
14 0.21914997921568624
15 0.20788725019607845
16 0.1861307215686274
17 0.1839258058155999
18 0.2948281992156863
19 0.4115670811764706
20 0.39166188823529413
21 0.35821651764705886
22 0.326495631372549
23 0.2890058137254902
0 0.23172650078431373
1 0.15434228337254904
2 0.08191977450980394
3 0.0
4 0.0
5 0.0
6 0.0
7 0.44842602632034634
8 0.6020498958436215
9 0.43611088718875507
10 0.3136348061904762
11 0.24715482826771656
12 0.20741759054901962
13 0.1899728180392157
14 0.1896913152941177
15 0.19868158901960786
16 0.20418668115288574
17 0.20719139483553517
18 0.2665864503809083
19 0.3911246933333334
20 0.40006322117647064
21 0.35317537333333326
22 0.3036603278431372
23 0.3097373831372549
0 0.26943543176470586
1 0.21490631137254904
2 0.16360617921568624
3 0.12600678141176472
4 0.11281115952941177
5 0.10163905929411762
6 0.12531790337254903
7 0.20403855207843138
8 0.27456318015686276
9 0.22466015419607843
10 0.2065007459215686
11 0.22887810792156862
12 0.24316542650980394
