0 0.0
1 0.0
2 0.0
3 0.0
4 0.0
5 0.0
6 0.0
7 0.0
8 0.0
9 0.0032274331072763155
10 0.003221152291420694
11 0.003202270397097565
12 0.0032068274138944354
13 0.003234801304151323
14 0.0032787759173125786
15 0.0033544579355516834
16 0.003426717212933091
17 0.0035300847553030906
18 0.003591627276118346
19 0.0036245493436884192
20 0.0036545751759202876
21 0.003659072775861893
22 0.0036659328598441726
23 0.0036059618463245885
0 0.003540444343377508
1 0.003487730765451128
2 0.0034049739684060038
3 0.0033538604276912402
4 0.0033056181395701135
5 0.0032651424444987793
6 0.003241235943212271
7 0.0032734974602147736
8 0.0032799471106695756
9 0.003265528740932633
10 0.003286488701149889
11 0.0034054884920736578
12 0.0034842549770923363
13 0.0035539100036281776
14 0.003622582951011511
15 0.003701965966126429
16 0.0037662648906828153
17 0.003813353851020754
18 0.0038643602017956386
19 0.0038792130468001894
20 0.0038807677847680594
21 0.0038711439257398707
22 0.003836253725309221
23 0.0037651937922600263
0 0.0037200893673995494
1 0.003678079619050285
2 0.003632950693185576
3 0.003590333039893145
4 0.003547338934114181
5 0.0035071359633742764
6 0.003473171414525863
7 0.00346917730364258
8 0.0034631774532339937
9 0.0034437221583826353
10 0.0034377717977384934
11 0.0034980975800790823
12 0.0035529056110384307
13 0.003605943422781544
14 0.0036671161160442165
15 0.0037510385784617238
16 0.0038470311125079907
17 0.003957437353930061
18 0.004058333690352595
19 0.0040749772692100054
20 0.004067699224920604
21 0.004077100362783174
22 0.0041546544120882
23 0.004241185855250508
0 0.004276666245746343
1 0.004254978726702024
2 0.004263742082971793
3 0.004299115558741577
4 0.004433618734979672
5 0.004476747651864691
6 0.004459856081415566
7 0.004434850805069943
8 0.004393458131864758
9 0.004414751309031233
10 0.004434241134703296
11 0.004473380073827862
12 0.004468261600792484
13 0.004484573410705992
14 0.004493267390391983
15 0.004530727341403164
16 0.004596318921760309
17 0.004614976220105095
18 0.0046494013122713035
19 0.004603612672453098
20 0.004509313735578326
21 0.00450819279372633
22 0.004628784460378523
23 0.004606409908844085
0 0.004433929984884595
1 0.004211336557053834
2 0.004110772623356333
3 0.0040915629560366925
4 0.003985624178406952
5 0.0039886415509171325
6 0.004100596089475641
7 0.004614971605347898
8 0.004799710560185618
9 0.004602535453620933
10 0.004405728357939726
11 0.0042433827165139736
12 0.004228706895250947
13 0.004205223766522098
14 0.0042346502937290085
15 0.004295424003494305
16 0.004351492321255507
17 0.0044366558667187335
18 0.004530613819393971
19 0.004514721187520298
20 0.004496378652325183
21 0.004514833794581998
22 0.004667926997921695
23 0.004667364390164413
0 0.004587484786895964
1 0.004454782244608185
2 0.00432565502547813
3 0.004223198689035178
4 0.00411833571183865
5 0.004061225755843908
6 0.004062174122040891
7 0.004107998786902418
8 0.0042092823748744535
9 0.004140409329234659
10 0.0041019757320978605
11 0.004109718644529315
12 0.004172876937251511
13 0.0042000091342016274
14 0.004231100580741754
15 0.0042767237245628885
16 0.0042968159890712605
17 0.004363249363080943
18 0.004427430787637058
19 0.0044340452466201784
20 0.004380942036525012
21 0.004341001093975011
22 0.004408457982142552
23 0.005752306883789348
0 0.005640766305445075
1 0.0056048043771836946
2 0.005155099457974971
3 0.004784228257760356
4 0.004436133794464143
5 0.00411398687892644
6 0.003980408256935314
7 0.004071468651629359
8 0.004034705973966431
9 0.003961071385775675
10 0.003960962727247449
11 0.003983433845408387
12 0.004035326392278486
