0 0.0
1 0.0
2 0.0
3 0.0
4 0.0
5 0.0
6 0.0
7 0.0
8 0.0
9 0.013624016854901961
10 0.017656338486274507
11 0.02381801236078432
12 0.030934524729411765
13 0.04059943512941177
14 0.05006026817254903
15 0.0526226461254902
16 0.057149385450980396
17 0.05928444619607843
18 0.050351170274509804
19 0.036807266431372554
20 0.026726418470588233
21 0.020952073921568625
22 0.013547138266666665
23 0.013532863858823529
0 0.015558864047058822
1 0.01871095951372549
2 0.020437981874509806
3 0.0198446388
4 0.01829368134117647
5 0.015389249356862745
6 0.013244561843137253
7 0.00908896785882353
8 0.012089938125490198
9 0.01720025767058823
10 0.022724329168627454
11 0.02999271919215686
12 0.03866950730196078
13 0.047552799396078434
14 0.05581537875686274
15 0.06289209498039215
16 0.06925072725490199
17 0.07076627596078432
18 0.06122756094117647
19 0.048196303882352944
20 0.04384986733333334
21 0.042492449019607845
22 0.042287729960784316
23 0.03803790039215687
0 0.03095713082352941
1 0.02658675760784314
2 0.026626993203211918
3 0.026177920920041047
4 0.025342102770509228
5 0.024379187292756007
6 0.019516100901960782
7 0.014311488392156861
8 0.013556586078431373
9 0.018247678470588235
10 0.02322654650980392
11 0.03248445933333335
12 0.03913599568627451
13 0.04337393992156862
14 0.04833517323529412
15 0.05555649329411764
16 0.06147745988235294
17 0.06538346768627452
18 0.06124175659979392
19 0.051531496978869516
20 0.04710858200994226
21 0.04648930310398544
22 0.03355599576470588
23 0.023672831647058825
0 0.021199298235294123
1 0.021778258196078426
2 0.021596689882352943
3 0.021487063686274514
4 0.020572439999999997
5 0.019031905344008067
6 0.015011564793307345
7 0.01028281325490196
8 0.011425716235294118
9 0.0159979511372549
10 0.02578578337254902
11 0.036167622431372545
12 0.049208938156862746
13 0.061892269215686274
14 0.07033363633333332
15 0.0737617322745098
16 0.07470964831372548
17 0.06798510752941177
18 0.052434263921568636
19 0.04077027478431373
20 0.03645888725490195
21 0.03504090407843137
22 0.03432618121568628
23 0.03362241443137255
0 0.03363459603921569
1 0.03370584567842445
2 0.0335092972914213
3 0.032924160936109455
4 0.031590340503728206
5 0.028833865955847957
6 0.017761858360784314
7 0.011174272188235293
8 0.009684586258823532
9 0.01593687944313725
10 0.024109878839215688
11 0.03549899000784314
12 0.04931017833725491
13 0.06406048009019608
14 0.07557697940000001
15 0.08170910878039216
16 0.08002043
17 0.07314098701960785
18 0.06156050826418198
19 0.04906445678431373
20 0.04853136109803921
21 0.04759542549019608
22 0.04171775749019607
23 0.034099318627450984
0 0.029202313254901958
1 0.029883710399442435
2 0.03188655156425936
3 0.033524451461395426
4 0.03384381563613711
5 0.03325958190533309
6 0.026755955977971445
7 0.01647633215686274
8 0.0135374851372549
9 0.020157272705882356
10 0.030740099490196075
11 0.0405175314117647
12 0.05242511854901959
13 0.06163696474509804
14 0.07013683984313726
15 0.07570573152941175
16 0.07835298772549018
17 0.07760896437473921
18 0.07333806965441407
19 0.06123000378730054
20 0.056522051337858245
21 0.05540162267359894
22 0.05548795427948935
23 0.04757958419607843
0 0.043471087837107965
1 0.03768598811764707
2 0.03636475985252201
3 0.03362449870799578
4 0.031642895787180166
5 0.030096337848617982
6 0.027682236637017705
7 0.0241198328804299
8 0.02392568015467378
9 0.027060652033400003
10 0.0
11 0.0
12 0.0
