0 3.8351
1 2.9278
2 5.3141
3 7.9405
4 1.8769
5 4.6695
6 5.1588
7 0.0
8 0.0
9 0.0
10 1.2771
11 6.8054
12 24.259
13 6.289
14 18.892
15 29.958
16 12.938
17 3.7784
18 23.296
19 10.432
20 6.0586
21 16.8
22 9.0399
23 1.053
0 4.5742
1 7.0125
2 7.0782
3 1.1582
4 5.3237
5 1.0047
6 16.385
7 35.36
8 22.416
9 2.4827
10 1.6308
11 0.94076
12 4.1237
13 10.242
14 6.1201
15 2.6153
16 6.4122
17 6.8476
18 16.003
19 11.086
20 12.555
21 8.8727
22 7.034
23 2.2505
0 1.5706
1 2.6453
2 6.5563
3 3.8738
4 6.7952
5 7.1269
6 6.5735
7 6.999
8 2.5578
9 8.4781
10 0.94076
11 0.92424
12 4.0657
13 11.009
14 9.4999
15 5.2118
16 3.7768
17 8.3016
18 25.285
19 17.548
20 13.44
21 6.677
22 3.2924
23 3.5221
0 2.2098
1 7.5617
2 4.7331
3 3.6997
4 1.8817
5 3.8328
6 3.4768
7 0.92525
8 6.1828
9 2.0277
10 2.0146
11 0.92681
12 1.6711
13 4.8275
14 1.0425
15 1.9735
16 10.398
17 2.7665
18 27.785
19 15.648
20 9.2104
21 7.8619
22 3.6325
23 5.5134
0 2.39
1 9.5702
2 4.7168
3 2.4457
4 1.7928
5 1.3966
6 3.6893
7 4.6585
8 4.7558
9 7.6441
10 6.5905
11 3.5785
12 13.505
13 2.1571
14 2.7839
15 4.3109
16 1.4891
17 12.14
18 16.559
19 13.396
20 15.221
21 7.5064
22 9.199
23 11.06
0 10.447
1 13.26
2 17.151
3 35.187
4 10.719
5 4.387
6 4.501
7 3.373
8 1.246
9 19.603
10 0.0
11 14.552
12 6.776
13 6.8109
14 3.2353
15 5.6736
16 1.4793
17 8.6323
18 25.541
19 15.261
20 11.903
21 15.123
22 11.014
23 10.11
0 8.6491
1 8.9848
2 15.288
3 10.109
4 4.5355
5 11.475
6 2.5893
7 5.9566
8 4.8941
9 3.652
10 0.9605
11 0.92719
12 1.4674
