0 0.0005935399999999999
1 0.00048779
2 0.00063557
3 0.00071333
4 0.00053869
5 0.00056839
6 0.0006986
7 0.0008201500000000001
8 0.0010341
9 0.0012523999999999999
10 0.0011217999999999998
11 0.0014154
12 0.0013897
13 0.0
14 0.0
15 0.0
16 0.0
17 0.005203999999999999
18 0.0010347
19 0.00077615
20 0.0007017999999999999
21 0.00064721
22 0.00056966
23 0.00041477
0 0.00051413
1 0.00052266
2 0.00059033
3 0.0006478899999999999
4 0.0005918200000000001
5 0.00060085
6 0.0005996
7 0.00064563
8 0.00065268
9 0.0007616000000000001
10 0.00069245
11 0.00072981
12 0.0009250199999999999
13 0.0009576599999999999
14 0.0010332
15 0.00088551
16 0.00076945
17 0.000864
18 0.00073287
19 0.0007100499999999999
20 0.00050144
21 0.0005481899999999999
22 0.0005669199999999999
23 0.00062283
0 0.00054909
1 0.00060892
2 0.0005250599999999999
3 0.00059212
4 0.00051262
5 0.00064523
6 0.0006403100000000001
7 0.00057226
8 0.0006934
9 0.00065691
10 0.00074701
11 0.00061703
12 0.00090334
13 0.00092203
14 0.0008489
15 0.00070484
16 0.0007577
17 0.0005864
18 0.00049916
19 0.00044552999999999997
20 0.0004672
21 0.00033494000000000004
22 0.00039989
23 0.00035937
0 0.00038047
1 0.00041094000000000005
2 0.00042637
3 0.00042392
4 0.00029861
5 0.00034162
6 0.00052421
7 0.00045819
8 0.0005114
9 0.00063846
10 0.00068368
11 0.003886
12 0.0064165
13 0.0033315000000000003
14 0.0026242
15 0.0032432
16 0.0026002
17 0.00095073
18 0.00062016
19 0.0005902500000000001
20 0.0005302799999999999
21 0.00038647
22 0.00041399000000000004
23 0.00043203
0 0.00045541
1 0.00044315
2 0.00041816
3 0.00052538
4 0.00044248
5 0.00054801
6 0.00060463
7 0.0008540900000000001
8 0.00055661
9 0.00089163
10 0.0007313199999999999
11 0.0
12 0.0
13 0.0
14 0.0
15 0.0
16 0.0
17 0.0
18 0.0
19 0.0
20 0.0
21 0.0
22 0.0
23 0.0
0 0.0
1 0.0
2 0.0
3 0.0
4 0.0
5 0.0
6 0.0
7 0.0
8 0.0
9 0.0
10 0.0
11 0.0
12 0.0
13 0.0
14 0.0
15 0.0
16 0.0
17 0.0
18 0.0
19 0.0
20 0.0
21 0.0
22 0.0
23 0.0
0 0.0
1 0.0
2 0.0
3 0.0
4 0.0
5 0.0
6 0.0
7 0.0
8 0.0
9 0.0
10 0.0
11 0.0
12 0.0
