0 0.0099526
1 0.012298
2 0.012635
3 0.012933
4 0.013000999999999999
5 0.011191000000000001
6 0.010234
7 0.005090099999999999
8 0.0016324
9 0.0024062999999999997
10 0.0030678
11 0.0039783
12 0.0042343
13 0.0
14 0.0
15 0.0
16 0.0
17 0.0079481
18 0.01087
19 0.01277
20 0.010589000000000001
21 0.0042176
22 0.0056394999999999995
23 0.0078856
0 0.0068265
1 0.0067978
2 0.0049605
3 0.0086877
4 0.0075617
5 0.0082309
6 0.0077729999999999995
7 0.0051424
8 0.0054896
9 0.00425
10 0.0055781
11 0.0055518
12 0.006058099999999999
13 0.0069486999999999995
14 0.0074643
15 0.0058809
16 0.0047892
17 0.0054651
18 0.0067928
19 0.0073084
20 0.005788199999999999
21 0.0059098
22 0.0050566000000000005
23 0.0055108
0 0.0057004
1 0.0059384
2 0.0066573000000000005
3 0.0051182
4 0.0031282000000000003
5 0.0022019
6 0.0018783
7 0.0016458
8 0.0016161
9 0.001891
10 0.0028929
11 0.003673
12 0.0038193000000000003
13 0.006623
14 0.0066408
15 0.0083992
16 0.0084299
17 0.0091646
18 0.010244999999999999
19 0.0054167
20 0.004851200000000001
21 0.0073887
22 0.0086323
23 0.0079795
0 0.0076841999999999995
1 0.0078195
2 0.0073275
3 0.0063969
4 0.0069311
5 0.0077237
6 0.0080624
7 0.0075030999999999995
8 0.0078217
9 0.0072693
10 0.0072648999999999995
11 0.012558
12 0.0044643
13 0.0012663
14 0.0012730999999999999
15 0.0023342000000000003
16 0.0045313
17 0.0072654
18 0.0083622
19 0.0085773
20 0.0082522
21 0.008353999999999999
22 0.0093704
23 0.0088264
0 0.008179
1 0.00684
2 0.0060152
3 0.0068715
4 0.0076508
5 0.007803
6 0.0075137
7 0.006567
8 0.0050829000000000004
9 0.0044558
10 0.005649899999999999
11 0.0067159
12 0.007808600000000001
13 0.01253
14 0.0051513999999999996
15 0.0050298999999999995
16 0.0054544
17 0.0067689000000000004
18 0.008283500000000001
19 0.0093954
20 0.0086823
21 0.0075334
22 0.0083472
23 0.009511200000000001
0 0.009345000000000001
1 0.0062976
2 0.0035128
3 0.0040358
4 0.0050561
5 0.0059157
6 0.0049235
7 0.0048882000000000005
8 0.004525400000000001
9 0.0059247
10 0.0057373
11 0.0058172
12 0.0046592000000000005
13 0.0041494
14 0.0046332000000000005
15 0.0054001
16 0.0060888999999999995
17 0.0064805
18 0.009585000000000002
19 0.0097358
20 0.010269
21 0.009497299999999998
22 0.0080901
23 0.0077809
0 0.0090837
1 0.0074249
2 0.0065659
3 0.0054671
4 0.0048209
5 0.0035302
6 0.005814199999999999
7 0.0047351
8 0.0029471
9 0.0031006999999999996
10 0.0037381000000000003
11 0.0045905
12 0.0042648
