0 0.32406
1 0.21597
2 0.2252
3 0.21732
4 0.20723
5 0.24214
6 0.1596
7 0.31499
8 0.80562
9 1.1169
10 1.0977
11 0.9584
12 0.85485
13 0.0
14 4.1238
15 0.5034
16 6.343
17 0.88392
18 0.19427
19 0.14353
20 0.24997
21 0.70375
22 0.59902
23 0.38336
0 0.42532
1 0.44361
2 0.52854
3 0.41887
4 0.43701
5 0.48744
6 0.47295
7 0.81859
8 0.50146
9 0.70192
10 0.65247
11 0.68583
12 0.88496
13 0.98774
14 0.84464
15 0.68968
16 0.63882
17 0.63772
18 0.57182
19 0.57293
20 0.62886
21 0.65495
22 0.61499
23 0.62697
0 0.54161
1 0.63585
2 0.65136
3 0.67441
4 0.63275
5 0.60553
6 0.65346
7 0.64644
8 0.81265
9 1.0034
10 0.76262
11 0.66402
12 0.86254
13 0.83624
14 0.81834
15 0.72169
16 0.77948
17 0.71935
18 0.69815
19 0.75265
20 0.88408
21 0.61151
22 0.49619
23 0.52598
0 0.59668
1 0.5846
2 0.58582
3 0.64954
4 0.63124
5 0.63344
6 0.60342
7 0.66567
8 0.65299
9 0.7426
10 0.74947
11 0.76562
12 6.4281
13 0.11161
14 0.059093
15 9.1075
16 0.0
17 0.81661
18 0.81743
19 0.76421
20 0.81112
21 0.81855
22 0.77457
23 0.78101
0 0.72032
1 0.74428
2 0.7287
3 0.6827
4 0.69036
5 0.65349
6 0.67431
7 0.61676
8 0.74848
9 1.0318
10 0.85234
11 0.81604
12 0.8337
13 0.99449
14 0.93205
15 0.97369
16 0.9326
17 0.89504
18 0.83937
19 0.87111
20 0.87691
21 0.93685
22 0.98442
23 0.97168
0 1.0106
1 1.0293
2 1.1561
3 1.1093
4 1.0493
5 1.0181
6 1.0427
7 1.0078
8 1.0769
9 1.2323
10 1.2134
11 1.1849
12 0.96077
13 0.90338
14 0.87865
15 0.82726
16 0.85494
17 0.9479
18 0.87816
19 0.95579
20 0.96512
21 1.0071
22 1.0048
23 1.0176
0 0.9833
1 1.1051
2 1.068
3 1.0601
4 1.0708
5 1.0215
6 0.96001
7 0.94365
8 1.1284
9 1.2107
10 1.1834
11 1.0954
12 1.1206
