0 16.6
1 8.563
2 11.81
3 15.391
4 8.4597
5 18.259
6 6.946
7 22.39
8 72.518
9 139.76
10 51.513
11 28.55
12 37.135
13 32.4
14 28.35
15 24.105
16 23.354
17 9.8102
18 23.208
19 3.7425
20 20.265
21 24.922
22 26.552
23 7.0277
0 17.155
1 15.672
2 21.631
3 2.7479
4 7.6067
5 6.3568
6 17.662
7 38.677
8 27.908
9 17.231
10 2.4568
11 2.8003
12 16.644
13 28.59
14 27.642
15 10.678
16 10.929
17 19.155
18 22.178
19 9.3761
20 20.942
21 15.835
22 12.413
23 2.6449
0 2.9439
1 4.4193
2 6.5841
3 12.273
4 15.668
5 24.422
6 18.385
7 12.29
8 7.4285
9 28.773
10 1.6192
11 0.14686
12 9.6835
13 27.89
14 16.296
15 12.344
16 39.174
17 58.777
18 41.747
19 54.235
20 38.531
21 24.812
22 8.6729
23 9.0554
0 2.6038
1 5.9745
2 7.5335
3 3.3492
4 6.6241
5 1.9512
6 1.1771
7 3.4968
8 16.199
9 15.041
10 20.021
11 4.4887
12 7.0836
13 10.454
14 3.9301
15 11.854
16 16.736
17 11.6
18 25.881
19 15.656
20 26.515
21 19.053
22 10.569
23 9.5615
0 9.5139
1 10.828
2 13.823
3 4.9527
4 3.4202
5 2.8113
6 2.8159
7 7.0345
8 11.074
9 39.377
10 15.312
11 1.4988
12 6.3389
13 4.3544
14 6.5901
15 11.799
16 5.3071
17 14.28
18 10.943
19 19.158
20 41.558
21 25.742
22 25.775
23 23.037
0 13.863
1 23.405
2 23.025
3 40.954
4 8.7846
5 6.9695
6 10.477
7 16.189
8 15.588
9 19.912
10 7.9966
11 8.3812
12 15.934
13 13.265
14 1.7016
15 7.6825
16 17.268
17 12.553
18 19.472
19 18.673
20 19.012
21 19.086
22 23.489
23 20.334
0 13.29
1 13.444
2 21.456
3 10.677
4 4.4901
5 22.038
6 11.419
7 10.164
8 31.311
9 59.821
10 3.439
11 5.3988
12 14.662
