0 0.0
1 0.0
2 0.0
3 0.0
4 0.0
5 0.0
6 0.0
7 0.0
8 0.0
9 0.0036044713725490196
10 0.0033173764705882354
11 0.00363028
12 0.003915100392156863
13 0.0
14 0.0
15 0.0
16 0.0
17 0.0
18 0.0
19 0.011505837777777776
20 0.011032006666666669
21 0.007514893548387097
22 0.006562312698412698
23 0.0072291661417322834
0 0.007027043529411765
1 0.0069101662745098035
2 0.005923745882352939
3 0.007297718431372549
4 0.007423773333333335
5 0.007735036868255849
6 0.007761782333678867
7 0.006624566750971317
8 0.006131089388671174
9 0.005108584705882352
10 0.005344553333333334
11 0.00544524738967856
12 0.005737962264078625
13 0.0062737474111430255
14 0.006765264816182969
15 0.0063879888773325216
16 0.005696144727060249
17 0.005683749296996388
18 0.006094090066356114
19 0.0065478969723352905
20 0.006272772048156449
21 0.006131678377965779
22 0.0057338819139217375
23 0.0056524950950280865
0 0.005702688684151744
1 0.005783396794207561
2 0.0060503421625951416
3 0.005729894072149547
4 0.004390948235294117
5 0.0032891537254901957
6 0.002577494901960785
7 0.002104069019607843
8 0.0018520760784313725
9 0.0018636019607843135
10 0.002370869803921569
11 0.0030191011764705887
12 0.00342055568627451
13 0.005030446666666668
14 0.00584496156862745
15 0.007135322745098039
16 0.007795971764705883
17 0.008494547843137254
18 0.00938418980392157
19 0.007403863921568627
20 0.006129555294117647
21 0.006760629019607844
22 0.007700369411764707
23 0.007839111764705883
0 0.007760193725490196
1 0.007787209411764706
2 0.007560484006261089
3 0.00705512813746343
4 0.007211005829452608
5 0.007352449990905868
6 0.007500918301576064
7 0.007483033490507689
8 0.0075582859795627795
9 0.007477412468665452
10 0.007431103124775673
11 0.009732069845893799
12 0.007217107843137255
13 0.004229042352941176
14 0.002737758823529412
15 0.00252584431372549
16 0.0035221203921568627
17 0.005393752549019607
18 0.006880127843137254
19 0.007720908627450981
20 0.007993981568627451
21 0.008187888235294115
22 0.008795021176470586
23 0.008823440392156863
0 0.00852104948333834
1 0.008065829676672479
2 0.007217556172760668
3 0.007075510446135947
4 0.007275106834205757
5 0.0074582681350231
6 0.007444074779869932
7 0.007144777483319708
8 0.006373002989686189
9 0.005445218968541194
10 0.005531227674827975
11 0.006038645255252646
12 0.006799479447320942
13 0.00974715019607843
14 0.007444643137254901
15 0.006234257647058822
16 0.0058450572549019605
17 0.0063115141176470595
18 0.007302670980392158
19 0.008354289411764707
20 0.008520007843137254
21 0.008010854565731265
22 0.00817722255295134
23 0.008758854357829967
0 0.008858285628649385
1 0.008028773670579428
2 0.00559833411764706
3 0.004806558039215686
4 0.0049242188235294115
5 0.005416787450980392
6 0.005163430588235296
7 0.005016750588235294
8 0.004789543182690704
9 0.005258435185886836
10 0.00539096476406546
11 0.005491723572391898
12 0.005282813869923355
13 0.004900710550626554
14 0.004815208253626592
15 0.0049998915183923015
16 0.005369341467908989
17 0.005797582012261951
18 0.007810498823529414
19 0.00878083294117647
20 0.009535916078431374
21 0.009527094117647055
22 0.00883372425916832
23 0.008433711063546458
0 0.008730701571734478
1 0.00841824658128322
2 0.007625276587623717
3 0.006471322340646816
4 0.005610993000927219
5 0.004548198823529413
6 0.005176736862745099
7 0.004949946274509803
8 0.003936490588235294
9 0.0035101164705882344
10 0.003622623043442156
11 0.0040980109454840305
12 0.004179057845935565
