0 0.0
1 0.0
2 0.0
3 0.0
4 0.0
5 0.0
6 0.0
7 0.0
8 0.0
9 0.0
10 0.0
11 0.0
12 0.0
13 10.767499328338932
14 14.945682626161185
15 22.558638450111413
16 17.716561568723872
17 10.723463954913008
18 17.022714481409004
19 13.72413597262952
20 9.889495603321933
21 13.345591575091573
22 11.193693626373626
23 6.122644444444444
0 5.3460187057387065
1 6.179347692307694
2 6.627331379731379
3 3.8892492307692303
4 4.605544908424906
5 2.804783785103785
6 9.594048058608058
7 22.480067741147742
8 22.450031111111112
9 12.46461741147741
10 7.0468040537240535
11 3.993768322344322
12 4.058679155067154
13 7.150733899877899
14 6.635299965811967
15 4.625477894993896
16 5.518971853479854
17 6.183999345543343
18 11.09345303052503
19 11.086762656898658
20 11.8196772991453
21 10.34696886935287
22 8.691144166056164
23 5.470982002442003
0 3.520479267399267
1 3.081962075702077
2 4.819184297924299
3 4.346645811965811
4 5.570969670329672
5 6.348968937728937
6 6.460083125763127
7 6.729042539682539
8 4.64220061050061
9 6.560102124542125
10 3.749687076923077
11 2.336801601953602
12 3.2015554529914527
13 7.106298935286935
14 8.303458881562884
15 6.757792810744812
16 5.266927858363857
17 6.78440736019536
18 16.03698835653236
19 16.793782212454214
20 15.118219824175824
21 10.897389997557996
22 7.095182134310134
23 5.308958266178267
0 3.7591525274725277
1 5.660005347985347
2 5.195970647130648
3 4.447650695970696
4 3.1644439560439563
5 3.4980763369963372
6 3.484775384615385
7 2.202983052503052
8 4.1920054212454225
9 3.1092850305250304
10 2.5617864957264955
11 1.7439813626373624
12 1.707474905982906
13 3.2671536068376064
14 2.15437618070818
15 2.063727321123321
16 6.231903501831502
17 4.499071555555556
18 16.145003811965815
19 15.898299555555557
20 12.554719448107445
21 10.209022080586083
22 6.9209585860805864
23 6.2177393162393155
0 4.303957435897436
1 6.937657802197802
2 5.827677533577532
3 4.136746422466423
4 2.9637225152625146
5 2.179993992673993
6 2.9317049084249085
7 3.793760634920635
8 4.274236410256409
9 5.959141611721612
10 6.275181978021978
11 4.9266047374847375
12 9.217159511599515
13 5.686224615384616
14 4.2348263003663
15 4.273090891330892
16 2.881058363858364
17 7.511840952380952
18 12.036991868131869
19 12.717562783882784
20 13.970559194139192
21 10.738462783882783
22 9.969049890109893
23 10.515438437118439
0 10.480845836385834
1 11.871778583638587
2 14.513143516483515
3 24.853841733821735
4 17.78754783882784
5 11.086327277167278
6 7.792191355311355
7 5.581371868131868
8 3.411979584859585
9 11.508966788766791
10 0.0
11 0.0
12 0.0
13 8.14596202135973
14 5.609652886312074
15 5.638473282064004
16 3.5413708589712036
17 6.097340475606766
18 15.84077401517005
19 15.552056514299682
20 13.727938578060103
21 14.425092525647287
22 12.71912976800977
23 11.414022515262516
0 10.031789963369961
1 9.508560415140416
2 12.399751843711845
3 11.254917484737486
4 7.895581904761905
5 9.685638046398045
6 6.134666617826617
7 6.044497240537241
8 5.468442832722832
9 4.558820805860807
10 2.7584328693528697
11 1.8416902124542125
12 1.65366821978022
