0 0.0
1 0.0
2 0.0
3 0.0
4 0.0
5 0.0
6 0.0
7 0.0
8 0.0
9 0.8258119215686274
10 0.9634667450980391
11 0.9623864705882353
12 0.9098880784313725
13 0.0
14 0.0
15 0.0
16 4.142543514644351
17 2.459988906882591
18 1.3072762549800798
19 0.7191929249011857
20 0.4824670866141732
21 0.593542431372549
22 0.5893698823529413
23 0.486129568627451
0 0.44412149019607844
1 0.44300239215686277
2 0.48642662745098036
3 0.4531881960784314
4 0.4474587250886221
5 0.46304555063410807
6 0.4622606265479071
7 0.6406877978933547
8 0.5728780087081256
9 0.6364852413195853
10 0.6445764164459478
11 0.6635921960818697
12 0.7680262211029484
13 0.8830806666666666
14 0.8637173104702126
15 0.7777546742909252
16 0.7356597003455232
17 0.7001255600018818
18 0.6381070875275638
19 0.6100547109247602
20 0.6165953672437369
21 0.6308721899242653
22 0.6227031874014075
23 0.6197064819512719
0 0.6020441627992539
1 0.6078037318053385
2 0.6191939049149677
3 0.6346976022632812
4 0.6344743565424805
5 0.6267388102126383
6 0.633585462735827
7 0.6369188213936509
8 0.690059010429768
9 0.8295954526426637
10 0.8038281862370152
11 0.7483174184418747
12 0.7952407078159556
13 0.8105627089521195
14 0.8151235170558803
15 0.7841232786500786
16 0.7821243420962971
17 0.7634670597080179
18 0.7463456022755051
19 0.7541332187700893
20 0.7808749140729219
21 0.7298569090205598
22 0.6191662900845027
23 0.5774269714434379
0 0.5850767149399347
1 0.5842796684500838
2 0.5844654149493219
3 0.6125670330401191
4 0.6039192442297776
5 0.6115679845618449
6 0.6112005338599888
7 0.624366601519616
8 0.6316078273591785
9 0.6642528610141875
10 0.6863873791550689
11 0.7090845234652486
12 3.5976000000000004
13 1.8535818039215688
14 0.9552700941176471
15 5.047937654901961
16 0.0
17 0.0
18 0.0
19 1.071186661087866
20 0.9255713198380568
21 0.8726161474103586
22 0.8246195256916996
23 0.786338188976378
0 0.7811143884007044
1 0.7718196866106638
2 0.7606655049793155
3 0.7410912563500016
4 0.7265444245620697
5 0.7063123227278814
6 0.6959106210511623
7 0.673758595404745
8 0.6878897138137958
9 0.830390138738026
10 0.840043491696268
11 0.8312768274605048
12 0.8332068987002225
13 0.9003555313711242
14 0.9148224076052878
15 0.9272766961765071
16 0.9295298362554186
17 0.9157473612736556
18 0.9014402041486881
19 0.8998234329866952
20 0.8989236267767885
21 0.9021825463473007
22 0.9170802190382943
23 0.9250104418224538
0 0.9450826999192401
1 0.9683268283543585
2 1.0306511273629275
3 1.0558942590921057
4 1.0539881213488287
5 1.049682076882
6 1.0516509433288446
7 1.048119522935634
8 1.0560659691639267
9 1.0958377022895258
10 1.1198666386051148
11 1.1351599026847043
12 1.099052381437304
13 1.042953916141539
14 0.9894334953683928
15 0.9256131411623864
16 0.8992451206268742
17 0.9121346430886018
18 0.8969438264479515
19 0.9032549559628922
20 0.9124499597648602
21 0.9367978806794192
22 0.9548314461559116
23 0.9727298257800264
0 0.9796614464964971
1 1.0150467319141754
2 1.0262219548019265
3 1.0365368599625693
4 1.0466596968478834
5 1.0449138050214868
6 1.0314076226475752
7 1.0137068137143144
8 1.0383963700060068
9 1.079484234269567
10 1.1064191579367413
11 1.1052163745990786
12 1.1103417050297915
