0 0.0027462
1 0.00055249
2 0.00021145
3 0.00039665
4 2.1479999999999998e-5
5 0.0011453
6 0.0014979
7 0.0072435
8 0.01325
9 0.012910999999999999
10 0.015292
11 0.015549
12 0.022732
13 0.021695
14 0.018216999999999997
15 0.0074538
16 0.0
17 0.0066641
18 0.0075696
19 0.0071033
20 0.0032066
21 0.0098249
22 0.0048312
23 0.0010248
0 0.0015673
1 0.0025667
2 0.0054147
3 0.00040136
4 0.0017481
5 0.0001681
6 0.0
7 0.0020258
8 0.0025046
9 0.0044667000000000005
10 0.002545
11 0.0028596
12 0.0059402
13 0.012247
14 0.010452
15 0.005267699999999999
16 0.010638
17 0.010656
18 0.0056403
19 0.0005151
20 0.0012937
21 0.00090267
22 0.0012871999999999998
23 0.0014275
0 0.0006450599999999999
1 0.0012411000000000002
2 0.0
3 0.00062849
4 0.0020179
5 0.0029918999999999996
6 0.0031555
7 0.0032132000000000003
8 0.0037168
9 0.0039265
10 0.0020363000000000004
11 0.00081572
12 0.011019
13 0.012499
14 0.0095991
15 0.0076209
16 0.0089662
17 0.0084656
18 0.0038583
19 0.0072219
20 0.0065246
21 0.0012785
22 0.00030738
23 0.00060219
0 0.0010837000000000002
1 0.0
2 0.0
3 0.0
4 0.0
5 0.0
6 0.0
7 0.00043351
8 0.0014135
9 0.0024793
10 0.0015343
11 0.0014222999999999998
12 0.0
13 0.0
14 0.0
15 0.0
16 0.0
17 0.0014447000000000002
18 0.0005209500000000001
19 0.0009247600000000001
20 0.00057109
21 0.00027131
22 0.0
23 0.00035315000000000005
0 0.0005332000000000001
1 0.0012694000000000002
2 0.0014242999999999999
3 0.00079284
4 6.5761e-5
5 0.00027184999999999997
6 0.0015667
7 0.0014163
8 0.0037924
9 0.004965600000000001
10 0.005788700000000001
11 0.003299
12 0.010005
13 0.0
14 0.0
15 0.0
16 0.0
17 0.0
18 0.0
19 0.0
20 0.0
21 0.0
22 0.0
23 0.0
0 0.0
1 0.0
2 0.0
3 0.0
4 0.0
5 0.0
6 0.0
7 0.0
8 0.0
9 0.0
10 0.0
11 0.0
12 0.0
13 0.0
14 0.0
15 0.0
16 0.0
17 0.0
18 0.0
19 0.0
20 0.0
21 0.0
22 0.0
23 0.0
0 0.0
1 0.0
2 0.0
3 0.0
4 0.0
5 0.0
6 0.0
7 0.0
8 0.0
9 0.0
10 0.0
11 0.0
12 0.0
