0 0.0
1 0.0
2 0.0
3 0.0
4 0.0
5 0.0
6 0.0
7 0.0
8 0.0
9 0.0
10 0.0
11 0.0
12 0.0
13 38.03831960927961
14 33.19617934065934
15 28.651653650793648
16 26.00464542124542
17 17.906391111111112
18 20.55918114774115
19 12.148563711843714
20 16.200401758241753
21 20.54717914529915
22 23.54654183150183
23 15.284493040293038
0 16.217306959706956
1 15.942610989010989
2 18.7859851037851
3 10.764334847374847
4 9.183594676434675
5 7.769775677655677
6 12.715210671550672
7 25.700370842490837
8 26.805118632478635
9 22.017120244200242
10 12.234018095238095
11 7.516642881562881
12 12.080259047619048
13 20.33670681318681
14 23.99008735042735
15 17.335011941391947
16 14.132411623931626
17 16.645268473748473
18 19.412185641025637
19 14.390565177045177
20 17.665432039072037
21 16.750045567765568
22 14.582738437118438
23 8.613800244200245
0 5.777177338217338
1 5.095287423687424
2 5.8371225396825395
3 9.055256019536019
4 12.36220664224664
5 18.392746422466416
6 18.388410085470092
7 15.339560830280835
8 11.382380415140416
9 20.07926993894994
10 10.847917045177043
11 5.497083511599511
12 7.5911146617826635
13 17.743423106227105
14 17.020897377289373
15 14.682457357753355
16 26.931098764346764
17 42.85824413186814
18 42.305474568986575
19 48.27535877411477
20 43.40697700610501
21 34.10900486446886
22 21.39181368986569
23 15.22469457875458
0 8.913382857142857
1 7.441265543345543
2 7.4863128693528695
3 5.416658168498169
4 6.016404737484738
5 3.976863931623932
6 2.5720283760683764
7 3.0282190476190474
8 9.610882783882783
9 12.324748351648354
10 16.174259780219774
11 10.330922295482296
12 8.707808131868134
13 9.581451013431014
14 6.75533553113553
15 9.305706202686201
16 13.022087765567766
17 12.312222002442008
18 19.09962735042735
19 17.379298315018314
20 21.948408742368745
21 20.501194236874237
22 15.53394302808303
23 12.548340903540904
0 11.03141719169719
1 10.929754261294258
2 12.377585054945058
3 8.664299877899877
4 6.040624078144078
5 4.424888937728938
6 3.6175782173382176
7 5.324986422466422
8 8.197607863247864
9 23.789785494505498
10 19.551471868131873
11 10.524151477411479
12 8.43113807081807
13 6.391978608058608
14 6.490156166056167
15 9.145414017094017
16 7.226487399267399
17 10.75464402930403
18 10.849814334554337
19 15.005387448107449
20 28.285415824175825
21 27.012043076923078
22 26.39479907203907
23 24.718529352869353
0 19.291683369963366
1 21.350667765567767
2 22.18984058608058
3 31.575480122100124
4 20.180464664224672
5 13.574089719169722
6 12.025487960927961
7 14.106881465201464
8 14.844269792429795
9 17.37742305250305
10 12.68484078144078
11 10.531230915750914
12 13.23286832722833
13 13.24769606837607
14 7.472044444444444
15 7.573209768009767
16 12.421640708180707
17 12.4880021001221
18 15.98109934065934
19 17.32735296703296
20 18.170094554334554
21 18.627946422466422
22 21.060364835164837
23 20.698641855921853
0 16.993998095238094
1 15.219020903540905
2 18.339922466422465
3 14.508826862026861
4 9.497903247863247
5 15.769109743589745
6 13.593071599511598
7 11.87749684981685
8 21.595750134310137
9 40.71334881562881
10 22.0737263003663
11 13.734439560439558
12 14.198387301587301
