0 0.0
1 0.0
2 0.0
3 0.0
4 0.0
5 0.0
6 0.0
7 0.0
8 0.0
9 0.0010693180784313724
10 0.001096512431372549
11 0.0012573328235294114
12 0.0013251850588235294
13 0.0
14 0.0
15 0.0
16 0.0
17 0.0
18 0.0
19 0.0014821586666666664
20 0.00106616
21 0.0008499277419354837
22 0.0007075695238095238
23 0.0005600170078740158
0 0.0005369835294117646
1 0.0005206426666666666
2 0.0005532944434481701
3 0.000590543828694877
4 0.000586624085466189
5 0.0005912584882269748
6 0.0005945726396066459
7 0.0006052375556069734
8 0.0006198813734481474
9 0.000661137340496539
10 0.000671408093395453
11 0.0006872276919054653
12 0.0007839366835673744
13 0.0008555595926237303
14 0.0009262886613296069
15 0.0009121927165896198
16 0.000862783409144944
17 0.0008646175906439943
18 0.000827584712322398
19 0.000788384229961272
20 0.0006259806274509804
21 0.000586282431372549
22 0.0005850573609810253
23 0.0006008478741711084
0 0.0005779229589163175
1 0.0005896049129201171
2 0.0005668341264260789
3 0.0005701034427007496
4 0.000560115590905937
5 0.000580413594477205
6 0.0005955695508920516
7 0.0005888179440159849
8 0.0006212401063470403
9 0.0006317655401558458
10 0.0006749805190709447
11 0.000657201572554432
12 0.0007521105441476862
13 0.0008206685504002254
14 0.0008331595920637251
15 0.0007862539834654938
16 0.0007776999859614022
17 0.0007064813350038416
18 0.0005994800028121005
19 0.0005162501960784314
20 0.0004908699215686275
21 0.0004117538039215687
22 0.00040494149019607847
23 0.0003814783529411765
0 0.00038358939710810604
1 0.0003950901359133212
2 0.00040316797968725966
3 0.000408583796521274
4 0.0003730035758812382
5 0.00036372259386167644
6 0.00042804813001574534
7 0.00044149681591539416
8 0.00047221217585006044
9 0.0005596216862745098
10 0.0006221553725490198
11 0.0022608660784313723
12 0.004350678901960784
13 0.003846951960784314
14 0.003239693607843138
15 0.0032469076078431376
16 0.0029276494901960787
17 0.0019398020392156865
18 0.0012798564705882355
19 0.000928590980392157
20 0.0007178938823529412
21 0.0005464073725490196
22 0.0004758649411764707
23 0.00044843537254901964
0 0.0004477172156862745
1 0.0004473844421649702
2 0.0004357959462850566
3 0.00046102112653494056
4 0.0004536375457265972
5 0.00048072944390260505
6 0.0005263525212892489
7 0.0007053067843137255
8 0.0006311568235294117
9 0.0007622727843137257
10 0.0007474104313725489
11 0.0
12 0.0
13 0.0
14 0.0
15 0.0
16 0.0
17 0.0
18 0.0
19 0.0
20 0.0
21 0.0
22 0.0
23 0.0
0 0.0
1 0.0
2 0.0
3 0.0
4 0.0
5 0.0
6 0.0
7 0.0
8 0.0
9 0.0
10 0.0
11 0.0
12 0.0
13 0.0
14 0.0
15 0.0
16 0.0
17 0.0
18 0.0
19 0.0
20 0.0
21 0.0
22 0.0
23 0.0
0 0.0
1 0.0
2 0.0
3 0.0
4 0.0
5 0.0
6 0.0
7 0.0
8 0.0
9 0.0
10 0.0
11 0.0
12 0.0
