0 0.0
1 0.0032225
2 0.0019192
3 0.0015797
4 0.001293
5 0.0016688
6 0.0020171
7 0.0032236
8 0.0037662
9 0.0040951
10 0.0028853
11 0.0025894
12 0.0012851
13 0.0014365
14 0.0026154
15 0.0020571
16 0.001956
17 0.002125
18 0.0020464
19 0.0027215
20 0.0031205
21 0.0028216
22 0.00305
23 0.0035377
0 0.0
1 0.011694
2 0.0047762
3 0.002783
4 0.0021534
5 0.0022401
6 0.001962
7 0.0019838
8 0.0026625
9 0.0038995
10 0.0020526
11 0.0025116
12 0.0023187
13 0.0022895
14 0.0026591
15 0.0034494
16 0.002241
17 0.0017643
18 0.0018113
19 0.0019594
20 0.0015972
21 0.0016208
22 0.0021779
23 0.002035
0 0.0
1 0.0019422
2 0.0024853
3 0.0030099
4 0.0034351
5 0.0032611
6 0.002793
7 0.0027289
8 0.0028213
9 0.0043651
10 0.0031919
11 0.0019857
12 0.0018551
13 0.0019766
14 0.001935
15 0.0020463
16 0.002306
17 0.0021993
18 0.0020169
19 0.0019391
20 0.0018372
21 0.0016546
22 0.001826
23 0.0020427
0 0.0
1 0.0017637
2 0.0017196
3 0.0013677
4 0.001077
5 0.0011497
6 0.0012034
7 0.0019481
8 0.0030672
9 0.0041948
10 0.0017863
11 0.0012177
12 0.0012384
13 0.0014021
14 0.0012052
15 0.001176
16 0.0014154
17 0.001876
18 0.0026569
19 0.0023909
20 0.0021984
21 0.0023426
22 0.0020622
23 0.0023005
0 0.0
1 0.0017123
2 0.0017391
3 0.0012283
4 0.0012602
5 0.0018306
6 0.0015625
7 0.0017578
8 0.0026707
9 0.0040538
10 0.0041898
11 0.0040701
12 0.0030152
13 0.0019571
14 0.0012909
15 0.0011611
16 0.0014577
17 0.001842
18 0.0020374
19 0.0019591
20 0.0015003
21 0.001379
22 0.0016213
23 0.0020758
0 0.0
1 0.0022826
2 0.0027192
3 0.0028599
4 0.0021495
5 0.0030579
6 0.0034865
7 0.0036053
8 0.0053208
9 0.0057889
10 0.0046732
11 0.0042069
12 0.0033724
13 0.0032117
14 0.0026452
15 0.0026431
16 0.0029575
17 0.0029568
18 0.0029715
19 0.0028576
20 0.0028977
21 0.0024714
22 0.0026832
23 0.0030277
0 0.0
1 0.0086929
2 0.0080789
3 0.0055668
4 0.0061128
5 0.0039222
6 0.0027954
7 0.0026975
8 0.0034682
9 0.0036938
10 0.0045676
11 0.0033365
12 0.0031154
