0 13.0
1 20.0
2 37.0
3 17.0
4 17.0
5 31.0
6 40.0
7 37.0
8 40.0
9 45.0
10 41.0
11 28.0
12 27.0
13 12.0
14 12.0
15 22.0
16 15.0
17 16.0
18 18.0
19 21.0
20 18.0
21 29.0
22 27.0
23 24.0
0 24.0
1 10.0
2 37.0
3 33.0
4 33.0
5 50.0
6 40.0
7 43.0
8 55.0
9 75.0
10 44.0
11 21.0
12 16.0
13 10.0
14 22.0
15 21.0
16 17.0
17 21.0
18 19.0
19 16.0
20 10.0
21 13.0
22 19.0
23 23.0
0 23.0
1 0.0
2 32.0
3 25.0
4 31.0
5 23.0
6 24.0
7 29.0
8 50.0
9 53.0
10 28.0
11 26.0
12 26.0
13 48.0
14 15.0
15 14.0
16 17.0
17 14.0
18 16.0
19 16.0
20 21.0
21 16.0
22 66.0
23 23.0
0 23.0
1 20.0
2 21.0
3 22.0
4 22.0
5 29.0
6 19.0
7 34.0
8 33.0
9 39.0
10 27.0
11 21.0
12 23.0
13 22.0
14 11.0
15 15.0
16 15.0
17 12.0
18 12.0
19 12.0
20 19.0
21 29.0
22 14.0
23 9.0
0 9.0
1 7.0
2 11.0
3 13.0
4 9.0
5 13.0
6 14.0
7 20.0
8 31.0
9 54.0
10 30.0
11 15.0
12 14.0
13 11.0
14 18.0
15 29.0
16 15.0
17 15.0
18 21.0
19 14.0
20 27.0
21 26.0
22 13.0
23 14.0
0 14.0
1 19.0
2 10.0
3 11.0
4 8.0
5 14.0
6 24.0
7 24.0
8 28.0
9 24.0
10 28.0
11 15.0
12 12.0
13 13.0
14 17.0
15 11.0
16 8.0
17 10.0
18 7.0
19 23.0
20 21.0
21 24.0
22 15.0
23 19.0
0 19.0
1 0.0
2 18.0
3 11.0
4 14.0
5 19.0
6 20.0
7 36.0
8 45.0
9 36.0
10 33.0
11 26.0
12 14.0
