0 91.821
1 72.746
2 55.551
3 26.701
4 16.546
5 20.34
6 27.219
7 44.413
8 73.167
9 102.63
10 82.264
11 78.474
12 41.233
13 21.949
14 13.456
15 11.761
16 11.275
17 13.806
18 32.635
19 41.645
20 70.273
21 112.41
22 124.31
23 133.9
0 134.7
1 118.23
2 75.825
3 67.192
4 21.592
5 31.017
6 33.209
7 32.185
8 40.066
9 61.388
10 57.648
11 64.385
12 49.815
13 20.834
14 36.812
15 88.339
16 83.026
17 48.833
18 46.626
19 56.409
20 47.26
21 45.159
22 76.15
23 59.058
0 15.049
1 10.585
2 58.489
3 61.954
4 63.582
5 58.822
6 53.765
7 32.441
8 31.905
9 43.948
10 34.279
11 30.152
12 32.411
13 34.607
14 41.66
15 32.832
16 26.858
17 19.194
18 20.106
19 40.396
20 49.893
21 31.1
22 33.226
23 54.574
0 67.537
1 65.739
2 34.159
3 29.772
4 18.315
5 22.855
6 20.662
7 39.029
8 40.285
9 62.742
10 76.119
11 28.513
12 27.809
13 47.002
14 52.264
15 44.29
16 38.876
17 24.334
18 48.316
19 67.208
20 70.433
21 68.027
22 49.714
23 71.928
0 79.545
1 59.616
2 22.716
3 29.729
4 4.405
5 50.369
6 43.377
7 61.691
8 85.355
9 121.79
10 119.56
11 93.689
12 64.722
13 70.187
14 58.911
15 67.658
16 35.584
17 37.845
18 50.418
19 69.172
20 55.088
21 66.054
22 41.29
23 89.635
0 76.985
1 61.339
2 46.64
3 16.307
4 24.585
5 37.527
6 38.173
7 52.26
8 86.738
9 145.07
10 93.544
11 74.112
12 83.095
13 42.88
14 22.741
15 15.613
16 36.796
17 28.122
18 40.192
19 41.882
20 44.131
21 44.472
22 28.557
23 47.736
0 59.404
1 49.75
2 48.658
3 38.57
4 19.014
5 22.567
6 30.85
7 54.212
8 74.758
9 115.66
10 121.46
11 56.349
12 41.056
