0 0.0029506
1 0.0026918
2 0.0029388
3 0.0065666
4 0.0095241
5 0.0063716
6 0.0025025
7 0.0025304
8 0.0028142
9 0.0051274
10 0.01579
11 0.027309
12 0.029518
13 0.03709
14 0.044454
15 0.043132
16 0.044871
17 0.046666
18 0.04412
19 0.039259
20 0.014868
21 0.0090121
22 0.0028878
23 0.0029586
0 0.0027813
1 0.0022099
2 0.0023275
3 0.0023035
4 0.0024999
5 0.0047225
6 0.0031248
7 0.0024703
8 0.0025331
9 0.0038797
10 0.018593
11 0.025746
12 0.036432
13 0.050529
14 0.068179
15 0.08506
16 0.068041
17 0.055665
18 0.044398
19 0.038028
20 0.021555
21 0.012652
22 0.0052279
23 0.0073441
0 0.0042664
1 0.0024088
2 0.0023578
3 0.0026019
4 0.0024787
5 0.002406
6 0.0023177
7 0.0022978
8 0.0024974
9 0.0052208
10 0.01651
11 0.027262
12 0.036387
13 0.048252
14 0.051462
15 0.054265
16 0.058888
17 0.05603
18 0.044812
19 0.033961
20 0.0226
21 0.015267
22 0.0080549
23 0.0031415
0 0.0026832
1 0.0025986
2 0.0024444
3 0.002462
4 0.0052098
5 0.0044816
6 0.0031343
7 0.0024463
8 0.0026199
9 0.0038312
10 0.01515
11 0.022561
12 0.02851
13 0.034092
14 0.039043
15 0.048247
16 0.059631
17 0.075281
18 0.075605
19 0.039468
20 0.0096156
21 0.0034965
22 0.0040228
23 0.0028942
0 0.0025271
1 0.0021384
2 0.0095403
3 0.014324
4 0.0055548
5 0.0028132
6 0.0023889
7 0.0028298
8 0.0030096
9 0.0040954
10 0.013022
11 0.028477
12 0.042053
13 0.059312
14 0.056018
15 0.056709
16 0.068516
17 0.071127
18 0.075391
19 0.053191
20 0.016209
21 0.011405
22 0.0071972
23 0.0041044
0 0.0051926
1 0.006166
2 0.0056851
3 0.012946
4 0.0093299
5 0.0044941
6 0.0036175
7 0.0036905
8 0.0029231
9 0.0039932
10 0.017351
11 0.032452
12 0.045575
13 0.054101
14 0.0521
15 0.051038
16 0.062042
17 0.073616
18 0.060339
19 0.041975
20 0.023865
21 0.016721
22 0.014162
23 0.0038138
0 0.0040623
1 0.0080078
2 0.015404
3 0.012271
4 0.02079
5 0.022909
6 0.0099044
7 0.0026179
8 0.0025746
9 0.0052894
10 0.01959
11 0.034299
12 0.045679
