0 2.1808
1 1.7003
2 0.90025
3 0.59851
4 0.43098
5 0.52104
6 0.82734
7 1.4161
8 2.2303
9 1.7451
10 0.70535
11 0.35843
12 0.30935
13 0.29434
14 0.26507
15 0.25418
16 0.26802
17 0.2708
18 0.26846
19 0.44798
20 1.1034
21 1.8136
22 2.631
23 3.0521
0 3.7709
1 1.607
2 1.1746
3 1.1436
4 0.8492
5 0.50146
6 0.57288
7 0.61887
8 1.0645
9 1.7993
10 0.39221
11 0.46362
12 0.30441
13 0.37794
14 0.5474
15 0.59825
16 0.46127
17 0.36659
18 0.31898
19 0.29514
20 0.38785
21 0.74573
22 1.1513
23 0.73119
0 0.83544
1 1.4075
2 1.6561
3 1.7438
4 1.427
5 1.546
6 1.3705
7 1.0724
8 1.6526
9 1.6914
10 0.85626
11 0.49934
12 0.54414
13 0.61087
14 0.53401
15 0.49581
16 0.41069
17 0.39539
18 0.44347
19 0.50281
20 0.70031
21 0.63124
22 1.0391
23 1.4949
0 1.5763
1 1.5349
2 1.2813
3 0.78505
4 0.43094
5 0.39908
6 0.48957
7 1.4242
8 2.9649
9 3.6568
10 0.70905
11 0.43435
12 0.41104
13 0.35683
14 0.35731
15 0.33498
16 0.31746
17 0.45645
18 0.52356
19 0.54604
20 1.1716
21 1.4108
22 1.3228
23 2.0028
0 1.4345
1 1.0073
2 0.54539
3 0.45621
4 0.56571
5 0.69921
6 0.87182
7 1.2673
8 3.0451
9 3.2751
10 1.336
11 0.99331
12 0.909
13 0.69649
14 0.50842
15 0.42252
16 0.39102
17 0.46089
18 0.45082
19 0.54651
20 0.98199
21 0.84946
22 0.89852
23 0.77675
0 0.73197
1 0.86682
2 0.72669
3 0.54726
4 0.54627
5 0.65238
6 0.67906
7 0.92757
8 2.9729
9 2.7296
10 1.0584
11 1.1365
12 0.93629
13 0.63734
14 0.529
15 0.47288
16 0.44713
17 0.48794
18 0.54658
19 0.62477
20 0.83283
21 0.79065
22 0.76909
23 1.0065
0 0.78736
1 0.6863
2 0.56609
3 0.57587
4 0.48215
5 0.47011
6 0.69454
7 1.3731
8 2.9679
9 2.2722
10 1.0365
11 0.68467
12 0.63665
