0 0.0
1 0.0
2 0.0
3 0.0
4 0.0
5 0.0
6 0.0
7 0.0
8 0.0
9 0.0036244682352941176
10 0.0032567784313725485
11 0.002925069019607843
12 0.0021050690196078433
13 0.0017703290196078429
14 0.002194037647058823
15 0.0021232815686274514
16 0.0020360913725490193
17 0.002076682745098039
18 0.002059896470588235
19 0.0023909572549019615
20 0.002759327450980392
21 0.0027113479599781376
22 0.002841684715242983
23 0.003186904612404293
0 0.0
1 0.0
2 0.0
3 0.004541314225941423
4 0.0033067287449392714
5 0.0027637569721115536
6 0.0023575592885375493
7 0.0021668850393700787
8 0.0024156643137254906
9 0.0031422988235294117
10 0.002592778538331552
11 0.0025518881887203783
12 0.0024363653370877694
13 0.0023634952557936933
14 0.002511154313460415
15 0.0029586998644073165
16 0.0026175959090140076
17 0.0021941448577218908
18 0.0020065628207860953
19 0.00198225330524346
20 0.0017857525490196078
21 0.0017019650980392154
22 0.001938989019607843
23 0.001929145833402279
0 0.0
1 0.0
2 0.0
3 0.002662373221757322
4 0.003064970850202429
5 0.0031678657370517926
6 0.0029801667984189727
7 0.0028554047244094484
8 0.0028496760701851765
9 0.003514308968886775
10 0.0033564995778648326
11 0.002691120392156863
12 0.0022700121568627455
13 0.002120787450980392
14 0.00202621137254902
15 0.0020349172549019613
16 0.002169448235294118
17 0.002167141206642912
18 0.002076324081282016
19 0.0020475538285660193
20 0.0020041135730837862
21 0.0018856559349921744
22 0.0018664777053047509
23 0.00191618022312245
0 0.0
1 0.0
2 0.0
3 0.0015495832635983263
4 0.0013040995951417002
5 0.0012246637450199203
6 0.001212717391304348
7 0.0015816700787401577
8 0.002327347843137255
9 0.003265840784313726
10 0.002526201176470588
11 0.0018716564705882352
12 0.0015553447058823527
13 0.0014792172549019612
14 0.001342212156862745
15 0.001257592156862745
16 0.0013332572549019607
17 0.0015291843113595049
18 0.002130198039215686
19 0.002262849411764705
20 0.0022325070588235297
21 0.002289397647058824
22 0.0021774792156862744
23 0.0022401363138810347
0 0.0
1 0.0
2 0.0
3 0.0014931163179916318
4 0.001370987044534413
5 0.0016034358565737053
6 0.0015818185770750989
7 0.0016690874015748032
8 0.0021718576470588238
9 0.00311742
10 0.0036584152941176464
11 0.003869829803921569
12 0.003445956078431373
13 0.002701776078431372
14 0.001995805490196079
15 0.0015772827450980392
16 0.0015151129411764706
17 0.0016742196078431372
18 0.0018515894117647057
19 0.0019012054901960782
20 0.0017073391926948917
21 0.001563320610588124
22 0.0015898568553067117
23 0.0017752934339424556
0 0.0
1 0.0
2 0.0
3 0.002679870711297071
4 0.0024074105263157896
5 0.002741182868525896
6 0.003120473517786561
7 0.0033668519685039373
8 0.004347657254901962
9 0.005075153725490197
10 0.004878008235294118
11 0.004545095294117648
12 0.003998977739123208
13 0.0036681327244804138
14 0.0031143125490196086
15 0.002876819607843137
16 0.0029125258823529407
17 0.002942095327400782
18 0.002952017926811142
19 0.00291562838908601
20 0.0028939063601220692
21 0.002785665471760831
22 0.0027703196300676316
23 0.002831734521184479
0 0.0
1 0.0
2 0.0
3 0.006487730962343096
4 0.006300702024291498
5 0.005095388844621514
6 0.003936525296442688
7 0.0033139236220472443
8 0.00339136431372549
9 0.0035327799999999997
10 0.004043305098039216
11 0.003685529411764706
12 0.003437779029194606
