0 0.0
1 0.0
2 0.0
3 0.0
4 0.0
5 0.0
6 0.0
7 0.0
8 0.0
9 0.004166941176470588
10 0.010003669019607843
11 0.018697005882352943
12 0.024146706666666663
13 0.030678585490196076
14 0.0376485505882353
15 0.04046988627450981
16 0.04275290745098038
17 0.044790901960784314
18 0.04417223965285672
19 0.042302825983283596
20 0.02835949019607843
21 0.018630740392156866
22 0.010677767843137256
23 0.006739412549019609
0 0.004677827450980393
1 0.003356694901960784
2 0.0027601513725490196
3 0.002459363921568628
4 0.0024553807843137256
5 0.003580529411764706
6 0.0033531294117647055
7 0.002910757254901961
8 0.002721441960784313
9 0.003303845098039216
10 0.010980315686274509
11 0.018409123529411767
12 0.027487095294117643
13 0.039097864313725486
14 0.05376598941176472
15 0.06957493529411765
16 0.06893641450980391
17 0.06240224705882353
18 0.05345072156862745
19 0.04576344313725491
20 0.03363005098039215
21 0.023066756862745095
22 0.014023894901960784
23 0.010531613333333334
0 0.007273958431372549
1 0.004736955294117646
2 0.003464945882352941
3 0.0029639600000000003
4 0.0026839254901960784
5 0.002524872549019608
6 0.0024155799999999996
7 0.002356937228311515
8 0.0024161546239581206
9 0.0038252282352941175
10 0.010195363529411763
11 0.018777034901960785
12 0.02764850431372549
13 0.038040146274509815
14 0.04484743450980392
15 0.049658113725490186
16 0.054383626666666664
17 0.05530643921568628
18 0.0501147137254902
19 0.043525313887426656
20 0.03229846274509804
21 0.023718054901960786
22 0.015801365490196076
23 0.009371190588235294
0 0.005916989803921569
1 0.004153027450980393
2 0.00321564
3 0.0027770572549019605
4 0.003959330196078431
5 0.004199317254901961
6 0.003657160392156863
7 0.00305036705882353
8 0.0028350094117647064
9 0.0033355215686274513
10 0.009267673725490195
11 0.01595374666666667
12 0.02227756
13 0.02824283960784314
14 0.03371332901960785
15 0.041069969803921566
16 0.05046227137254903
17 0.06301173333333333
18 0.06942690588235294
19 0.05448060392156863
20 0.03201105411764706
21 0.017693785882352944
22 0.010789625882352943
23 0.006752985882352942
0 0.004528074509803921
1 0.003189820392156863
2 0.00623552156862745
3 0.010230458823529413
4 0.007884667058823529
5 0.005347593725490196
6 0.003865043137254902
7 0.0033472952941176475
8 0.0031793937254901957
9 0.0036412341176470585
10 0.008338443921568626
11 0.018435472941176465
12 0.030315801568627454
13 0.044924682745098025
14 0.05057649647058825
15 0.053748393725490194
16 0.06126064078431373
17 0.06632525490196078
18 0.07098041960784311
19 0.06261591755442543
20 0.03912090980392158
21 0.025169019607843134
22 0.016087382745098036
23 0.009992745098039215
0 0.007468509019607843
1 0.0066898800000000005
2 0.006050811764705882
3 0.00941949411764706
4 0.009361208627450981
5 0.006914103529411765
6 0.005258782745098039
7 0.004473829803921569
8 0.0036940149019607845
9 0.0038393470588235293
10 0.010618047843137255
11 0.02157327098039216
12 0.03364520431372549
13 0.043970370588235295
14 0.048130249019607836
15 0.049676962745098044
16 0.05597540078431372
17 0.06493221568627452
18 0.06271989803921568
19 0.053508163328203864
20 0.038072992156862745
21 0.027323701960784312
22 0.020668462745098037
23 0.012148534901960783
0 0.007991731764705882
1 0.007871122352941178
2 0.011549453333333333
3 0.011851983529411763
4 0.016314962352941175
5 0.01962411450980392
6 0.014755909019607842
7 0.008684559607843137
8 0.005626662745098038
9 0.005452701176470589
10 0.012529558431372548
11 0.023457471372549013
12 0.034617037647058826
