0 0.0
1 0.0
2 0.0
3 0.0
4 0.0
5 0.0
6 0.0
7 0.0
8 0.0
9 1.6966829411764708
10 1.2006343137254902
11 0.7790614117647059
12 0.5439672156862746
13 0.41870909803921574
14 0.34078705882352933
15 0.2952052549019608
16 0.27776501960784306
17 0.271391725490196
18 0.27263752975572386
19 0.34724118373187673
20 0.7326070588235293
21 1.2760824705882352
22 1.9581803137254903
23 2.510626274509804
0 3.1476315294117647
1 2.379935764705882
2 1.77904462745098
3 1.4626862745098042
4 1.1554447058823527
5 0.8258795294117646
6 0.6953442352941176
7 0.6523360784313725
8 0.8531113725490195
9 1.3265827450980392
10 0.8578622745098039
11 0.6594078431372549
12 0.48084070588235295
13 0.42914815686274516
14 0.4882241176470588
15 0.5431966274509804
16 0.5010505098039215
17 0.4319764518399948
18 0.3763140863653489
19 0.33466560784313726
20 0.36142141176470594
21 0.554296862745098
22 0.8539825490196079
23 0.7928469411764707
0 0.8148771372549021
1 1.113229568627451
2 1.3872865882352938
3 1.5683838039215687
4 1.499729450980392
5 1.524433882352941
6 1.4478967450980393
7 1.2608174117647057
8 1.4480088497352448
9 1.54400262007242
10 1.2142677647058824
11 0.8543637647058824
12 0.6975207843137254
13 0.6523618039215687
14 0.591545725490196
15 0.542547294117647
16 0.4741835294117647
17 0.432245568627451
18 0.4486776862313422
19 0.4678113744114165
20 0.5698919826415386
21 0.5966958784477493
22 0.8247276470588236
23 1.1617728235294116
0 1.3713219215686272
1 1.455345294117647
2 1.3699654509803922
3 1.078061137254902
4 0.7539723921568628
5 0.5760709803921569
6 0.5317429803921568
7 0.977832862745098
8 1.9740891764705883
9 2.819605176470588
10 1.7632055294117646
11 1.098090117647059
12 0.7545260392156862
13 0.5555951764705881
14 0.4561932549019608
15 0.39345090196078436
16 0.3502643921568627
17 0.39708200000000005
18 0.44219162696431613
19 0.4886699285109851
20 0.8389001176470589
21 1.1269166666666663
22 1.2267514509803923
23 1.6180459607843136
0 1.5284632549019612
1 1.2689617254901964
2 0.9072186666666668
3 0.6815381960784315
4 0.6224360784313726
5 0.6594277647058824
6 0.7647396078431373
7 1.0145776470588235
8 2.032996862745098
9 2.6584950980392152
10 1.9987977647058823
11 1.497107019607843
12 1.2037266274509806
13 0.9501029803921571
14 0.7285489411764706
15 0.5738780392156861
16 0.47724494117647054
17 0.4635494117647059
18 0.45544905882352943
19 0.5001034509803922
20 0.7411898431372549
21 0.7956248627450979
22 0.8478373333333332
23 0.8129882352941177
0 0.7731476470588234
1 0.8207797647058823
2 0.7785635545975484
3 0.6761999397520024
4 0.6305359559286997
5 0.6376300005823924
6 0.6528200132630769
7 0.7661468076758818
8 1.886051294117647
9 2.3114781568627447
10 1.6855894901960784
11 1.4122001176470589
12 1.1750098039215686
13 0.906145411764706
14 0.7172784705882352
15 0.59418768627451
16 0.5157063529411765
17 0.49742776470588235
18 0.5210003137254903
19 0.5718817647058825
20 0.6903755572351677
21 0.737308134521887
22 0.7527997931790699
23 0.883479725490196
0 0.836086980392157
1 0.7668934865094487
2 0.6803010402522688
3 0.634389166717424
4 0.5502755686274511
5 0.5095642745098039
6 0.6019059607843138
7 0.9882218039215687
8 1.9823364705882351
9 2.1303778431372553
10 1.5843612941176473
11 1.134728980392157
12 0.8859924313725491
