0 0.0
1 0.0
2 0.0
3 0.0
4 0.0
5 0.0
6 0.0
7 0.0
8 0.0
9 0.0
10 0.0
11 0.0
12 0.0
13 21.388766788766787
14 16.691330891330892
15 19.346275946275945
16 17.172893772893772
17 16.584615384615386
18 17.28962148962149
19 19.142857142857142
20 18.56874236874237
21 23.782417582417583
22 25.389499389499388
23 24.694261294261295
0 24.346764346764346
1 17.173137973137973
2 27.08962148962149
3 30.046153846153846
4 31.525274725274727
5 40.766788766788764
6 40.38608058608059
7 41.6957264957265
8 48.352380952380955
9 61.68180708180708
10 52.84297924297924
11 36.92112332112332
12 26.459584859584858
13 18.22979242979243
14 20.113064713064713
15 20.555067155067157
16 18.775579975579976
17 19.884249084249085
18 19.439560439560438
19 17.716483516483517
20 13.852747252747253
21 13.418803418803419
22 16.206349206349206
23 19.603418803418805
0 21.3025641025641
1 0.0
2 0.0
3 0.0
4 28.889554571502995
5 25.850012603982858
6 24.910940213346564
7 26.973172532611372
8 38.53665113998529
9 45.78737460239785
10 36.88609142019066
11 31.440752504275594
12 28.72007816316561
13 38.36239316239316
14 26.67912087912088
15 20.338217338217337
16 18.66739926739927
17 16.33260073260073
18 16.165323565323565
19 16.08107448107448
20 18.53699633699634
21 17.263980463980463
22 41.63663003663004
23 32.31794871794872
0 27.65860805860806
1 23.825885225885227
2 22.413675213675212
3 22.207814407814407
4 22.104517704517704
5 25.554090354090356
6 22.277411477411476
7 28.14090354090354
8 30.571916971916973
9 34.788766788766786
10 30.88962148962149
11 25.944566544566545
12 24.47228327228327
13 23.236385836385836
14 17.116971916971917
15 16.057631257631257
16 15.527960927960928
17 13.761904761904763
18 12.88009768009768
19 12.437362637362638
20 15.716971916971916
21 22.357264957264956
22 18.177045177045176
23 13.587057387057387
0 11.291819291819293
1 9.144078144078144
2 10.072039072039072
3 11.535775335775336
4 10.267155067155068
5 11.633699633699633
6 12.817094017094018
7 16.409523809523808
8 23.706227106227107
9 38.85616605616605
10 34.43003663003663
11 24.715750915750917
12 19.358485958485957
13 15.179731379731379
14 16.590720390720392
15 22.797313797313798
16 18.8993894993895
17 16.94993894993895
18 18.975824175824176
19 16.487179487179485
20 21.743101343101344
21 23.86813186813187
22 18.43199023199023
23 16.215873015873015
0 15.107936507936508
1 17.054945054945055
2 13.526495726495726
3 12.261050061050062
4 10.12967032967033
5 12.064713064713064
6 18.032722832722833
7 21.017582417582418
8 24.50891330891331
9 24.254212454212453
10 26.12893772893773
11 20.564590964590966
12 16.28205128205128
13 14.64029304029304
14 15.821001221001222
15 13.41050061050061
16 10.705250305250305
17 10.352136752136753
18 8.673992673992673
19 15.836874236874237
20 18.417582417582416
21 21.208791208791208
22 18.102808302808302
23 18.551892551892553
0 18.776800976800978
1 0.0
2 0.0
3 0.0
4 14.05261786923678
5 16.607259894126543
6 18.332175638799306
7 27.23726310607925
8 36.15641088502084
9 36.079520430633714
10 34.540454656563185
11 30.26899584656731
12 22.13190034196385
