0 0.023998
1 0.023276
2 0.023217
3 0.018332
4 0.013621
5 0.016542
6 0.021075
7 0.021911
8 0.021161
9 0.038144
10 0.014991
11 0.007543
12 0.0055574
13 0.005869
14 0.0040711
15 0.0047256
16 0.0039471
17 0.0040875
18 0.0051787
19 0.013555
20 0.035169
21 0.04787
22 0.051987
23 0.048723
0 0.041107
1 0.030071
2 0.02437
3 0.02395
4 0.022165
5 0.018255
6 0.018981
7 0.020475
8 0.027219
9 0.03351
10 0.012508
11 0.015562
12 0.0097307
13 0.010286
14 0.016905
15 0.023056
16 0.014332
17 0.011999
18 0.011037
19 0.013056
20 0.015228
21 0.019312
22 0.023203
23 0.020412
0 0.023327
1 0.022906
2 0.022048
3 0.021729
4 0.021118
5 0.019683
6 0.018662
7 0.018728
8 0.01841
9 0.022752
10 0.013949
11 0.006407
12 0.0071581
13 0.0081288
14 0.007257
15 0.0066725
16 0.0058161
17 0.0067238
18 0.0070633
19 0.0089098
20 0.015275
21 0.015106
22 0.019088
23 0.021895
0 0.020211
1 0.018881
2 0.017008
3 0.016317
4 0.013414
5 0.013474
6 0.014754
7 0.015764
8 0.015137
9 0.021574
10 0.011253
11 0.0084244
12 0.0078164
13 0.0062796
14 0.0053567
15 0.0058582
16 0.008051
17 0.013121
18 0.015099
19 0.016523
20 0.032882
21 0.03361
22 0.025189
23 0.026469
0 0.02663
1 0.025116
2 0.016411
3 0.01255
4 0.019396
5 0.020712
6 0.021334
7 0.020855
8 0.027915
9 0.026796
10 0.025976
11 0.026224
12 0.023812
13 0.01453
14 0.0088692
15 0.0072304
16 0.0069694
17 0.0076155
18 0.0095359
19 0.015906
20 0.028289
21 0.025204
22 0.027263
23 0.028595
0 0.023207
1 0.021187
2 0.020612
3 0.01342
4 0.012935
5 0.018868
6 0.021779
7 0.023694
8 0.041114
9 0.028935
10 0.018898
11 0.02313
12 0.019919
13 0.010198
14 0.0069923
15 0.0068182
16 0.0079205
17 0.0089633
18 0.010968
19 0.012609
20 0.01974
21 0.019171
22 0.020173
23 0.0314
0 0.030333
1 0.023393
2 0.01549
3 0.016766
4 0.011036
5 0.010227
6 0.019626
7 0.025578
8 0.025573
9 0.027742
10 0.018302
11 0.010911
12 0.01154
