0 0.0
1 0.0
2 0.0
3 0.0
4 0.0
5 0.0
6 0.0
7 0.0
8 0.0
9 0.0
10 0.0
11 0.0
12 0.0
13 41.12974871794871
14 27.287734554334552
15 19.5225431013431
16 15.398127960927964
17 14.601266178266176
18 23.618794383394388
19 32.63155921855922
20 51.45192625152626
21 81.93215726495724
22 103.12621245421244
23 118.51987374847376
0 126.62134920634922
1 122.43743052503049
2 99.13883052503053
3 83.17218339438341
4 52.38335140415141
5 41.70227716727717
6 37.455708669108674
7 34.81919926739926
8 37.43891135531136
9 49.40722588522588
10 53.51947350427349
11 58.94374896214896
12 54.36901001221002
13 37.589612942612945
14 37.196042979242975
15 62.770103540903555
16 72.90555286935286
17 60.87145177045177
18 53.7503641025641
19 55.0826398046398
20 51.17219829059829
21 48.16361758241757
22 62.159067887667895
23 60.607883516483525
0 37.82419682539684
1 24.203347008547016
2 41.348820268620265
3 51.64818852258851
4 57.61272014652014
5 58.218579731379734
6 55.99266153846155
7 44.213904273504276
8 38.057577289377285
9 41.00264078144077
10 37.63570793650795
11 33.89032454212455
12 33.15278217338217
13 33.882824175824176
14 37.76935726495726
15 35.29712283272284
16 31.073077411477417
17 25.128700122100124
18 22.613240293040295
19 31.50559145299145
20 40.70149206349206
21 35.89917728937729
22 34.56246007326008
23 44.571211965811976
0 56.05839487179488
1 60.90249865689866
2 47.529833455433455
3 38.65054310134311
4 28.481728449328454
5 25.668811233211233
6 23.165473504273496
7 31.097069841269843
8 35.68986178266177
9 49.21979438339438
10 62.674634432234434
11 45.59063516483517
12 36.694966788766784
13 41.84619560439561
14 47.057308424908435
15 45.67542686202685
16 42.27822393162393
17 33.306292551892554
18 40.81452283272283
19 54.014702075702075
20 62.22753211233212
21 65.12791135531135
22 57.417731623931616
23 64.6781667887668
0 72.11790036630035
1 65.86849035409037
2 44.28863736263737
3 37.00704078144077
4 20.701811477411475
5 35.53858461538461
6 39.457189255189256
7 50.57342100122101
8 67.9660324786325
9 94.8845807081807
10 107.23081855921858
11 100.46256630036629
12 82.59047326007325
13 76.39002735042735
14 67.6549330891331
15 67.6610976800977
16 51.62635579975581
17 44.734148717948734
18 47.57693406593406
19 58.37538046398046
20 56.72799462759463
21 61.38419194139194
22 51.32753919413919
23 70.4807746031746
0 73.73438461538461
1 67.53561196581198
2 57.0863076923077
3 36.69038388278388
4 30.636348962148958
5 34.08163565323567
6 36.125822710622714
7 44.19084639804639
8 65.46828766788767
9 105.27879169719169
10 99.41777606837609
11 86.76299267399268
12 84.92974236874237
13 63.90261733821734
14 43.3188905982906
15 29.465860561660563
16 33.13242124542125
17 30.62606227106227
18 35.40927765567766
19 38.64437167277168
20 41.38248351648351
21 42.91495873015873
22 35.728044444444436
23 41.728801709401715
0 50.563508180708176
1 50.15759291819291
2 49.410960927960936
3 43.99328351648352
4 31.501470573870574
5 27.033557020757016
6 28.940637851037852
7 41.57782442002442
8 58.171651770451774
9 86.92451794871792
10 104.20360244200243
11 80.27735286935285
12 60.66443614163613
