0 0.0026919
1 0.0026931
2 0.002705
3 0.0026694
4 0.0026589
5 0.0026671999999999998
6 0.0027134
7 0.0026684
8 0.0027267000000000003
9 0.0026907999999999997
10 0.0026015
11 0.0026774
12 0.0026246
13 0.0026102
14 0.0026012
15 0.0027715
16 0.0026103
17 0.0027273999999999996
18 0.0027172
19 0.0025849000000000002
20 0.0026022
21 0.0026238
22 0.0026705
23 0.0026034
0 0.0026659
1 0.0026829
2 0.0027136
3 0.0026501999999999997
4 0.0026677
5 0.0026863
6 0.0026493000000000003
7 0.0028134
8 0.0026782
9 0.0026552
10 0.0026799
11 0.0027080999999999997
12 0.0027225
13 0.0027965
14 0.0027170999999999996
15 0.0026866
16 0.002644
17 0.0026145
18 0.0025844
19 0.002644
20 0.0026655000000000003
21 0.0026378
22 0.0026312
23 0.0026982
0 0.0026363
1 0.002669
2 0.0026769
3 0.0027010000000000003
4 0.0027354
5 0.0027424
6 0.002709
7 0.0027286000000000003
8 0.0027264
9 0.0027292
10 0.0027582
11 0.002734
12 0.0026474000000000003
13 0.0027229999999999997
14 0.0026503
15 0.0027067000000000003
16 0.0026782
17 0.0026209
18 0.0026484
19 0.0027046
20 0.0026306
21 0.0026059
22 0.0026747999999999997
23 0.0026897
0 0.0026654
1 0.0026067
2 0.0026791000000000002
3 0.0026793
4 0.0026623999999999997
5 0.0027115
6 0.0026915
7 0.0026041
8 0.0027406
9 0.0027385
10 0.0026209
11 0.0026849
12 0.002695
13 0.0026681
14 0.0026831
15 0.0026002
16 0.002663
17 0.0026785999999999997
18 0.002637
19 0.0026242
20 0.0027305000000000003
21 0.0027863000000000002
22 0.0027323
23 0.0026328999999999997
0 0.0026837
1 0.0027853
2 0.0027734
3 0.0027448999999999998
4 0.0028426999999999997
5 0.0026747999999999997
6 0.0027836
7 0.0027204
8 0.0028267
9 0.0027522000000000002
10 0.0027159
11 0.0027218
12 0.0027606
13 0.002805
14 0.0028554
15 0.0027301
16 0.0027325
17 0.0028339
18 0.0026817000000000004
19 0.0026766999999999997
20 0.0027658
21 0.0027088999999999998
22 0.0026848
23 0.0028229
0 0.0026985
1 0.0026707000000000002
2 0.0027523
3 0.0027189000000000002
4 0.0027408000000000003
5 0.0027559
6 0.002796
7 0.0027491
8 0.0027904
9 0.0028229
10 0.0027191999999999997
11 0.0027938
12 0.0027382
13 0.0027905
14 0.0027709
15 0.0027298
16 0.0028043
17 0.0027128
18 0.0027394
19 0.0026999
20 0.0027466
21 0.0027073
22 0.002812
23 0.0027432
0 0.0027549000000000002
1 0.0027111
2 0.0028112
3 0.002842
4 0.0027892999999999998
5 0.0028236
6 0.002762
7 0.0027496
8 0.0027971
9 0.0027730999999999997
10 0.0027936999999999997
11 0.0027889
12 0.0027186
