0 0.022396999999999997
1 0.023152000000000002
2 0.025227
3 0.029094000000000002
4 0.029656
5 0.030996
6 0.02935
7 0.024644
8 0.022405
9 0.023719
10 0.026026
11 0.030242
12 0.031002
13 0.030256
14 0.027449
15 0.034303
16 0.044938000000000006
17 0.042679
18 0.039781
19 0.040456000000000006
20 0.045041
21 0.058438000000000004
22 0.060777
23 0.052654000000000006
0 0.044933
1 0.061770000000000005
2 0.071148
3 0.076016
4 0.079571
5 0.083261
6 0.088005
7 0.088527
8 0.087008
9 0.089964
10 0.088218
11 0.087051
12 0.075473
13 0.061946
14 0.04846
15 0.051753999999999994
16 0.045043999999999994
17 0.047334
18 0.035439
19 0.050723
20 0.041745
21 0.050988
22 0.045799
23 0.054025
0 0.061128999999999996
1 0.061031
2 0.061468
3 0.063364
4 0.065199
5 0.06768500000000001
6 0.0699
7 0.07093300000000001
8 0.071764
9 0.070267
10 0.067858
11 0.060991
12 0.048637
13 0.047782
14 0.052046
15 0.047122
16 0.050406999999999993
17 0.046644
18 0.045418
19 0.028978
20 0.036703
21 0.036712
22 0.051558
23 0.043757
0 0.061613999999999995
1 0.055915999999999993
2 0.061960999999999995
3 0.059382
4 0.057349
5 0.056392000000000005
6 0.06624
7 0.071919
8 0.073867
9 0.0
10 0.06765399999999999
11 0.063119
12 0.059363
13 0.051837
14 0.048697000000000004
15 0.049393
16 0.047841
17 0.048048
18 0.039267
19 0.037517
20 0.043819000000000004
21 0.038931
22 0.04406
23 0.039144
0 0.053968
1 0.043855
2 0.05307
3 0.051238
4 0.051147
5 0.048445999999999996
6 0.053958
7 0.045591
8 0.052164999999999996
9 0.061988
10 0.071338
11 0.05783
12 0.055409
13 0.051636
14 0.0425
15 0.04009
16 0.034099
17 0.038469
18 0.025955
19 0.015537
20 0.027044000000000002
21 0.019507
22 0.035823
23 0.040686
0 0.034771
1 0.039509
2 0.029776
3 0.051738
4 0.023451
5 0.037052
6 0.023121
7 0.033180999999999995
8 0.048845999999999994
9 0.040680999999999995
10 0.069679
11 0.057553
12 0.045781999999999996
13 0.049631999999999996
14 0.041303
15 0.039082
16 0.022054999999999998
17 0.013563
18 0.018961
19 0.021214
20 0.021507000000000002
21 0.047445999999999995
22 0.03549
23 0.028659
0 0.036175
1 0.060485
2 0.034201
3 0.039903
4 0.063286
5 0.03915999999999999
6 0.036978000000000004
7 0.046352
8 0.050489
9 0.048331000000000006
10 0.044774
11 0.051713999999999996
12 0.031192
