0 35.014
1 20.504
2 19.746
3 21.06
4 20.821
5 25.064
6 26.935
7 23.127
8 27.063
9 36.151
10 43.191
11 33.688
12 17.183
13 13.283
14 11.898
15 9.1322
16 15.229
17 14.062
18 8.8639
19 9.3251
20 16.614
21 24.257
22 25.277
23 25.387
0 22.58
1 22.053
2 22.315
3 22.691
4 24.841
5 26.064
6 29.389
7 24.788
8 15.643
9 19.349
10 34.12
11 63.286
12 72.509
13 59.449
14 39.783
15 25.459
16 21.519
17 19.963
18 15.001
19 16.773
20 28.508
21 43.424
22 67.136
23 77.504
0 53.275
1 29.821
2 25.685
3 24.189
4 24.757
5 22.248
6 22.133
7 21.075
8 16.796
9 19.188
10 22.431
11 21.515
12 18.205
13 17.697
14 16.145
15 13.607
16 10.717
17 9.4267
18 9.1275
19 11.26
20 14.61
21 26.02
22 37.003
23 44.561
0 51.904
1 49.858
2 36.153
3 23.833
4 21.203
5 22.868
6 25.71
7 19.807
8 17.767
9 0.0
10 47.577
11 37.348
12 38.307
13 45.143
14 42.07
15 34.346
16 32.877
17 28.509
18 21.246
19 26.315
20 39.365
21 64.628
22 86.575
23 79.818
0 54.863
1 36.402
2 28.49
3 25.825
4 22.095
5 17.721
6 19.709
7 29.274
8 41.769
9 59.034
10 69.112
11 51.617
12 24.553
13 17.634
14 18.493
15 15.986
16 12.981
17 13.734
18 14.771
19 18.658
20 25.74
21 28.375
22 35.977
23 42.099
0 38.668
1 32.178
2 36.528
3 52.163
4 51.825
5 28.732
6 14.235
7 14.686
8 18.278
9 33.424
10 34.497
11 20.375
12 14.124
13 15.061
14 17.379
15 16.361
16 14.983
17 16.256
18 19.145
19 25.289
20 32.609
21 40.907
22 52.619
23 66.595
0 61.793
1 46.183
2 31.838
3 23.548
4 22.876
5 20.37
6 15.134
7 11.477
8 14.783
9 23.167
10 19.89
11 12.797
12 10.907
