0 0.011208000000000001
1 0.010953
2 0.01039
3 0.0095184
4 0.009229699999999999
5 0.0087111
6 0.010365000000000001
7 0.014945
8 0.018345
9 0.020007999999999998
10 0.020523
11 0.0174
12 0.015061999999999999
13 0.010298
14 0.010002
15 0.010711
16 0.010263999999999999
17 0.009788999999999999
18 0.0098646
19 0.01131
20 0.014825
21 0.015083000000000001
22 0.012323
23 0.012417999999999998
0 0.013774
1 0.013165
2 0.011470000000000001
3 0.01112
4 0.010799
5 0.0098817
6 0.009381500000000001
7 0.009449899999999999
8 0.010306
9 0.011345000000000001
10 0.012464000000000001
11 0.012897
12 0.013882
13 0.013964
14 0.013248
15 0.012525
16 0.012271
17 0.011439
18 0.01166
19 0.013013
20 0.015727
21 0.016989999999999998
22 0.019139
23 0.018189
0 0.015902
1 0.014026
2 0.012271
3 0.011654999999999999
4 0.011064000000000001
5 0.011345000000000001
6 0.011175000000000001
7 0.010951
8 0.011522000000000001
9 0.011561
10 0.011673
11 0.011210000000000001
12 0.011551
13 0.011074
14 0.01042
15 0.010194000000000002
16 0.009864000000000001
17 0.0095131
18 0.0099407
19 0.010308999999999999
20 0.014093999999999999
21 0.015585000000000002
22 0.015006
23 0.015598
0 0.015538999999999999
1 0.013214
2 0.011757
3 0.010682
4 0.009982900000000001
5 0.011654999999999999
6 0.010665
7 0.010679000000000001
8 0.013696
9 0.0
10 0.016918
11 0.015452
12 0.019411
13 0.018831
14 0.017853
15 0.015157
16 0.014185
17 0.014119
18 0.013961
19 0.015692
20 0.018077000000000003
21 0.019796
22 0.019844
23 0.017255
0 0.014022
1 0.011809
2 0.010379
3 0.010055
4 0.0096568
5 0.0098356
6 0.011167
7 0.012851000000000001
8 0.015586000000000001
9 0.019579999999999997
10 0.023149999999999997
11 0.017515
12 0.015764
13 0.013897
14 0.013199
15 0.012785999999999999
16 0.012205
17 0.011571999999999999
18 0.011366
19 0.012228999999999999
20 0.013904
21 0.015144999999999999
22 0.015248
23 0.015352000000000001
0 0.014027
1 0.011398
2 0.010144
3 0.0098169
4 0.0095947
5 0.009177300000000001
6 0.0095495
7 0.009695800000000001
8 0.011403
9 0.013545999999999999
10 0.01281
11 0.012237999999999999
12 0.011713
13 0.011375
14 0.011724
15 0.01208
16 0.011621000000000001
17 0.010907
18 0.012
19 0.012213
20 0.016048
21 0.016411000000000002
22 0.017457999999999998
23 0.019172
0 0.018421
1 0.015260999999999999
2 0.012513
3 0.011099
4 0.010282
5 0.0097398
6 0.009432600000000001
7 0.00975
8 0.011543
9 0.013195
10 0.012693
11 0.012103999999999998
12 0.011971
