0 0.0
1 0.0
2 0.0
3 0.0
4 0.0
5 0.0
6 0.0
7 0.0
8 0.0
9 0.0
10 0.0
11 0.0
12 0.0
13 19.775378266178265
14 15.835730891330893
15 12.482509059829061
16 13.855071746031744
17 13.957192527472525
18 11.40833978021978
19 10.365034676434679
20 13.488241514041512
21 18.8711684981685
22 22.071896947496942
23 23.728434920634925
0 23.15487643467643
1 22.605009035409036
2 22.461276434676442
3 22.57779374847375
4 23.710570500610498
5 24.888750695970696
6 27.14138146520147
7 25.88604283547792
8 21.12122677670807
9 20.291122399303454
10 27.099197802197803
11 45.19722637362638
12 58.85920952380953
13 59.15867081807081
14 49.472968253968254
15 37.4663221001221
16 29.492255433455437
17 24.726882783882782
18 19.862184615384617
19 18.31661367521367
20 23.41387765567766
21 33.42187838827837
22 50.28297045177046
23 63.89522124542124
0 58.58276214896215
1 44.19826349206349
2 34.93991037851038
3 29.56430012210012
4 27.161045421245422
5 24.704801709401718
6 23.41977167277167
7 22.247911111111108
8 19.520525518925517
9 19.35130354090354
10 20.885693284493286
11 21.19351037851038
12 19.842381389905025
13 19.235535481124742
14 18.13599163587084
15 15.814916603773147
16 13.112536752136753
17 11.268052893772897
18 10.19618847374847
19 10.726895824175825
20 12.668181001221
21 19.344924688644692
22 28.175741587301587
23 36.37118471306471
0 44.14170700854701
1 47.00378036630037
2 41.580833162393155
3 32.70816517704518
4 26.95686293040293
5 24.91407264957265
6 25.314061050061046
7 22.561574114774114
8 20.16467252747253
9 0.0
10 0.0
11 0.0
12 38.07607814535036
13 41.722956138139644
14 41.89996700570578
15 38.09452990401182
16 35.476962981122824
17 31.986851969659902
18 26.610629430457102
19 26.463537503054
20 32.91848216902785
21 48.77711282051281
22 67.68081807081809
23 73.75459462759464
0 64.3108188034188
1 50.35534212454211
2 39.42101294261294
3 32.62196605616606
4 27.357166544566542
5 22.537766056166063
6 21.12319536019536
7 25.19895897435898
8 33.48427301587301
9 46.258453479853465
10 57.68309450549451
11 54.6466039072039
12 39.596101098901094
13 28.61275897435897
14 23.551658852258857
15 19.767628083028086
16 16.37320122100122
17 15.053113797313799
18 14.91145396825397
19 16.78343076923077
20 21.25975824175824
21 24.81363565323565
22 30.391272039072035
23 36.24397387057388
0 37.45771037851037
1 34.819631013431014
2 35.67601758241758
3 43.923926007325996
4 47.87920586080586
5 38.307434188034186
6 26.271151648351648
7 20.47809084249084
8 19.377134310134306
9 26.401183638583646
10 30.44891111111111
11 25.409303052503052
12 19.7636547008547
13 17.410237362637364
14 17.39228058608058
15 16.872268864468865
16 15.923136019536022
17 16.08804468864469
18 17.61712185592185
19 21.454355555555555
20 27.033427594627597
21 33.971127472527485
22 43.29727643467643
23 54.95178168498169
0 58.37821123321123
1 52.28440561660562
2 42.062968253968265
3 32.80636166056166
4 27.842144566544565
5 24.1065746031746
6 19.61979755799756
7 15.546712332112333
8 15.162679609279607
9 19.162673748473754
10 19.522340659340657
11 16.153101587301588
12 13.523837606837608
