0 0.0
1 0.0
2 0.0
3 0.0
4 0.0
5 0.0
6 0.0
7 0.0
8 0.0
9 0.02543819051505263
10 0.025618944066937606
11 0.026925915457489385
12 0.0280863981452104
13 0.028671541609313136
14 0.028290144846565373
15 0.030618487260574763
16 0.03782220564238721
17 0.03950285211454393
18 0.039447900364857846
19 0.03991878349484987
20 0.042030170245857354
21 0.050631431372549024
22 0.054549763455078754
23 0.05290175645945765
0 0.050148812572391364
1 0.0544892989445522
2 0.06219796411074216
3 0.06781514279057145
4 0.07342944701866813
5 0.0783283359251438
6 0.08340512161062347
7 0.08603205750496146
8 0.08471161347267088
9 0.08574236349372352
10 0.08647004300336918
11 0.08699910859312299
12 0.08508293464223722
13 0.07661347015728653
14 0.06139174247287063
15 0.05682436198273177
16 0.05036074816162326
17 0.04889577708236323
18 0.041994121568627446
19 0.0462873294117647
20 0.04422373023756994
21 0.04660097349002023
22 0.04630554882144827
23 0.049023239265268
0 0.05457461771183929
1 0.057362372629388134
2 0.05801219671452082
3 0.06017443753605955
4 0.06171753899224151
5 0.06408508775022963
6 0.06535146705158813
7 0.06634474852908083
8 0.06783483234598246
9 0.06867381573101641
10 0.0688412111566854
11 0.06762363365294748
12 0.06054757873780454
13 0.05584926952017754
14 0.05433858978597238
15 0.05146394250148861
16 0.05096290956342198
17 0.049334796442775886
18 0.04809387108249451
19 0.03890602750102797
20 0.037880289886078534
21 0.03731674164988512
22 0.04357385691633736
23 0.04363924197755878
0 0.052828643137254896
1 0.054390501960784314
2 0.058208188235294125
3 0.05802488802664719
4 0.0578782795060666
5 0.057311628977903026
6 0.06057191458154417
7 0.06335126819922099
8 0.0664455417693612
9 0.0
10 0.0
11 0.0
12 0.062219631799163164
13 0.05685095546558704
14 0.052674059760956175
15 0.05097604347826087
16 0.04935111811023622
17 0.05033526973508579
18 0.04538553693884817
19 0.04232494688000022
20 0.0433420192626019
21 0.042112202026499956
22 0.04244161664660342
23 0.041413024092170916
0 0.04516292515830865
1 0.04469049703131342
2 0.04748753974798176
3 0.0486338092733231
4 0.04949562394206907
5 0.04940164767974986
6 0.050878729466899045
7 0.0498110353410517
8 0.050172680983534376
9 0.05379414732606126
10 0.0608995628817455
11 0.05985980926898472
12 0.058297471817299315
13 0.05592619721847277
14 0.050253479796622896
15 0.04546277480104913
16 0.03919946666666666
17 0.03878811764705883
18 0.0322825725490196
19 0.023826858823529407
20 0.025379811764705888
21 0.02238040784313726
22 0.029088611764705886
23 0.03488847450980392
0 0.03483105490196079
1 0.03717206666666667
2 0.033481525490196076
3 0.04268074509803922
4 0.0330588274509804
5 0.03508981568627452
6 0.02908050196078432
7 0.031116035294117644
8 0.0400086156862745
9 0.04034710588235294
10 0.05509129411764706
11 0.05633354901960784
12 0.051101560784313715
13 0.05039144705882353
14 0.045882874509803925
15 0.04329205820185368
16 0.0322219725490196
17 0.022839313725490196
18 0.02080070980392157
19 0.020936101960784312
20 0.021173952941176476
21 0.03430569019607842
22 0.03488644705882353
23 0.0317522862745098
0 0.0339913294117647
1 0.04733016862745097
2 0.04079546666666667
3 0.04038587843137254
4 0.051917858823529416
5 0.04552268235294117
6 0.041253258823529405
7 0.04385729218640893
8 0.04695330520715219
9 0.04754553102612759
10 0.04632343466069189
11 0.04863191639633007
12 0.041433012177840504
