0 0.0
1 0.0
2 0.0
3 0.0
4 0.0
5 0.0
6 0.0
7 0.0
8 0.0
9 0.0026878975794497936
10 0.002673884007719825
11 0.0026748501294740243
12 0.002669092761928414
13 0.002660655276061429
14 0.002646631183588572
15 0.002662767018285599
16 0.0026487199475434143
17 0.002656957741721071
18 0.0026714174890319652
19 0.0026576242266952996
20 0.002651872325046725
21 0.002651208871866349
22 0.002658757981344094
23 0.002640463015282284
0 0.0026472099757075982
1 0.0026446659778796076
2 0.00264755190821161
3 0.002653841899567926
4 0.0026611445838790786
5 0.002668619873716221
6 0.0026656461861766807
7 0.0026943667997975985
8 0.0026945859509461675
9 0.0026896714964646643
10 0.002685917502093344
11 0.0026926818691380182
12 0.0026995987132767117
13 0.002715662685179973
14 0.0027221153379879547
15 0.0027077647009155475
16 0.002701155641822985
17 0.0026917242732439374
18 0.0026745831254294697
19 0.002666735765318626
20 0.0026617265324315876
21 0.002647232983760014
22 0.002638048551038798
23 0.0026417316651084896
0 0.0026407135883840063
1 0.002647491008903617
2 0.0026578542325664998
3 0.0026653108553178666
4 0.0026756790596114957
5 0.0026893450579572667
6 0.0026980772851679623
7 0.0027024269963750337
8 0.002712238298746927
9 0.002719262152817908
10 0.0027292238762981055
11 0.0027330474310144643
12 0.002720691491021492
13 0.00271877666321794
14 0.002709951447598847
15 0.0027075545634794584
16 0.0027013874943782436
17 0.0026862444878864074
18 0.002673973049439761
19 0.0026722352603512542
20 0.0026689126875990787
21 0.0026542824116232316
22 0.0026576184680286233
23 0.002657019812954919
0 0.0026559770076224915
1 0.0026526825902354837
2 0.0026568812476945795
3 0.002654872825449294
4 0.0026585455973306884
5 0.0026717468323570834
6 0.0026742513941207407
7 0.0026626166654515667
8 0.0026739243691986953
9 0.002690142597631951
10 0.0026809524880434697
11 0.0026817015345054424
12 0.0026855798426370496
13 0.0026804278653346425
14 0.0026797323039080933
15 0.002675283428835231
16 0.0026670845867798653
17 0.002661766720315187
18 0.0026626027455765263
19 0.002654815322037525
20 0.002661507849131727
21 0.0026809425133365347
22 0.0026888225980082592
23 0.0026877459893551374
0 0.0026894678856807827
1 0.002705132144173298
2 0.002722001056758752
3 0.002734678157838539
4 0.0027528243303140644
5 0.0027373458114408576
6 0.002745231622890521
7 0.0027510917385383327
8 0.0027690175999166237
9 0.0027649086872115897
10 0.0027566017541245298
11 0.002752371903610988
12 0.0027450832925336554
13 0.002760837413997985
14 0.002772608520751635
15 0.002771493246329673
16 0.002760251067836291
17 0.0027719473340640202
18 0.002763848522448908
19 0.0027541824619039955
20 0.0027553902086105944
21 0.002743597288494885
22 0.002724461465122536
23 0.002738818489011787
0 0.0027333224728469654
1 0.002714195371867586
2 0.0027230716726368144
3 0.002726924398432818
4 0.002725256850599569
5 0.0027314504669275694
6 0.0027456756198584622
7 0.00273814205022919
8 0.0027497784699152257
9 0.0027679617591466906
10 0.0027626837499372158
11 0.0027717063575105204
12 0.002770201875325486
13 0.0027745887435761526
14 0.002771811779958682
15 0.0027682373855963754
16 0.0027710249542389582
17 0.0027573202505498428
18 0.0027589041305162657
19 0.002746702251050275
20 0.0027475803133930436
21 0.002737346033579934
22 0.00274447627387842
23 0.0027458141497517805
0 0.0027410566197249102
1 0.0027396862178732614
2 0.002749978341177007
3 0.0027688385596463185
4 0.002774071781527212
5 0.002787968245789913
6 0.0027817464911674477
7 0.0027809091393602215
8 0.0027858965501736787
9 0.0027921141817268003
10 0.0027902859567425498
11 0.00278455821713911
12 0.0027746471175612536
