0 13.033898
1 13.896552
2 11.033898
3 12.0
4 12.169492
5 16.864407
6 13.169492
7 17.864407
8 13.932203
9 12.271186
10 19.830508
11 15.033898
12 15.830508
13 11.0
14 11.067797
15 13.0
16 13.0
17 12.932203
18 11.0
19 11.101695
20 14.169492
21 18.830508
22 14.0
23 13.932203
0 11.932203
1 10.241379
2 16.864407
3 12.966102
4 12.0
5 12.033898
6 12.898305
7 10.033898
8 11.101695
9 13.966102
10 13.169492
11 17.830508
12 13.135593
13 16.932203
14 15.067797
15 16.932203
16 15.169492
17 19.898305
18 16.898305
19 14.237288
20 21.271186
21 28.694915
22 0.0
23 0.0
0 0.0
1 0.0
2 0.0
3 0.0
4 0.0
5 0.0
6 0.0
7 0.0
8 0.0
9 0.0
10 0.0
11 0.0
12 0.0
13 0.0
14 0.0
15 0.0
16 0.0
17 0.0
18 0.0
19 0.0
20 0.0
21 0.0
22 0.0
23 0.0
0 0.0
1 0.0
2 0.0
3 0.0
4 0.0
5 0.0
6 0.0
7 0.0
8 0.0
9 0.0
10 0.0
11 0.0
12 0.0
13 0.0
14 0.0
15 0.0
16 0.0
17 0.0
18 11.966102
19 11.067797
20 13.20339
21 18.966102
22 0.0
23 12.79661
0 6.898305
1 4.137931
2 8.033898
3 9.101695
4 11.932203
5 10.033898
6 10.898305
7 7.932203
8 0.0
9 0.0
10 0.0
11 12.033898
12 13.033898
13 14.0
14 13.864407
15 9.966102
16 9.237288
17 16.067797
18 18.20339
19 23.79661
20 18.033898
21 19.067797
22 20.762712
23 13.830508
0 9.033898
1 9.965517
2 9.0
3 9.169492
4 13.864407
5 9.966102
6 9.067797
7 10.932203
8 9.033898
9 10.338983
10 0.0
11 0.0
12 0.0
13 19.79661
14 13.864407
15 10.067797
16 11.932203
17 10.0
18 10.271186
19 17.932203
20 16.135593
21 19.864407
22 16.101695
23 18.898305
0 15.898305
1 12.931034
2 11.40678
3 0.0
4 17.79661
5 12.237288
6 18.898305
7 15.898305
8 13.101695
9 16.169492
10 20.932203
11 18.966102
12 18.135593
