0 0.0
1 0.0
2 0.0
3 0.0
4 0.0
5 0.0
6 0.0
7 0.0
8 0.0
9 0.0
10 0.0
11 0.0
12 0.0
13 13.673355054447255
14 12.51311513511754
15 12.730302747348468
16 12.850712801728914
17 12.885513139027923
18 12.0450752631548
19 11.622431162672136
20 12.756724886515519
21 15.463856000170875
22 14.734995450386101
23 14.400436469635357
0 13.3714787455609
1 11.896737963397197
2 14.164404949511741
3 13.617814609753303
4 12.879577734214505
5 12.493564575129877
6 12.678758531691807
7 11.440146661932031
8 11.281288803461981
9 12.442120244721437
10 12.736060869502861
11 14.992704783330423
12 14.181190903267826
13 15.387058406495445
14 15.246664351224162
15 15.98543767368805
16 15.630054419899594
17 17.75723347770993
18 17.331963492255685
19 15.918568198895885
20 18.039781540899273
21 23.614631062271062
22 0.0
23 0.0
0 0.0
1 0.0
2 0.0
3 0.0
4 0.0
5 0.0
6 0.0
7 0.0
8 0.0
9 0.0
10 0.0
11 0.0
12 0.0
13 0.0
14 0.0
15 0.0
16 0.0
17 0.0
18 0.0
19 0.0
20 0.0
21 0.0
22 0.0
23 0.0
0 0.0
1 0.0
2 0.0
3 0.0
4 0.0
5 0.0
6 0.0
7 0.0
8 0.0
9 0.0
10 0.0
11 0.0
12 0.0
13 0.0
14 0.0
15 0.0
16 0.0
17 0.0
18 0.0
19 0.0
20 12.416465142857144
21 15.9096048
22 0.0
23 0.0
0 0.0
1 6.775239665271968
2 7.426182157575758
3 8.278081437934459
4 10.120435194485472
5 10.076986267222361
6 10.488318835576218
7 9.208628058176487
8 0.0
9 0.0
10 0.0
11 0.0
12 0.0
13 13.370580748012069
14 13.6325348956342
15 11.747877815465731
16 10.474844860609062
17 13.2913155896238
18 15.756673320019601
19 19.78546553033268
20 18.908825671554258
21 18.98835016609673
22 19.87574773284493
23 16.853347232722832
0 12.943134215873018
1 11.453832997069597
2 10.226322553846154
3 9.69781001074481
4 11.781673477167278
5 10.873142720879121
6 9.969354403418802
7 10.449207956043958
8 9.740454076923077
9 10.03865274920635
10 0.0
11 0.0
12 0.0
13 0.0
14 0.0
15 12.499254343570058
16 12.199072548695426
17 11.068622110720563
18 10.664524873235951
19 14.324242346692897
20 15.23389471379564
21 17.554280383561647
22 16.827277728250245
23 17.863297233023935
0 16.88196192050826
1 14.919078933669386
2 13.174593431132438
3 0.0
4 0.0
5 0.0
6 16.593858584266734
7 16.23460400579783
8 14.642902656660882
9 15.411754299040116
10 18.18339783157637
11 18.57552425275263
12 18.35561699388902
