0 0.0161627777777778
1 0.0209331944444444
2 0.0214093055555556
3 0.0178554166666667
4 0.00401930555555555
5 0.0010379166666666698
6 0.000347916666666667
7 0.003
8 0.0023374999999999997
9 0.0118938888888889
10 0.0174713836477987
11 0.0
12 0.0
13 0.0
14 0.034865972222222194
15 0.0397616666666667
16 0.0423263888888889
17 0.0409658333333333
18 0.0391805555555556
19 0.03267125
20 0.0259319444444444
21 0.02456875
22 0.023950138888888903
23 0.0257351388888889
0 0.0258198611111111
1 0.0270988888888889
2 0.0267522222222222
3 0.00503944444444445
4 0.0052572222222222196
5 0.0
6 0.0
7 3.2638888888888895e-5
8 0.000680694444444445
9 0.00814986111111111
10 0.016485
11 0.0254084722222222
12 0.037045
13 0.0492852777777778
14 0.0600006944444444
15 0.0637883333333333
16 0.059950694444444404
17 0.0527619444444444
18 0.053397777777777794
19 0.055536527777777796
20 0.044597916666666695
21 0.0288384722222222
22 0.0339394444444444
23 0.0267951388888889
0 0.0218797222222222
1 0.022755277777777798
2 0.0249373611111111
3 0.0300206944444444
4 0.021368194444444398
5 0.0303298611111111
6 0.026887499999999998
7 0.015685833333333298
8 0.00573125
9 0.0148769444444444
10 0.026858333333333397
11 0.0345695833333333
12 0.044700000000000004
13 0.0503602777777778
14 0.0419873611111111
15 0.033070694444444396
16 0.0302920833333333
17 0.036913472222222195
18 0.035930833333333294
19 0.0272652777777778
20 0.0231440277777778
21 0.013341388888888901
22 0.0208286111111111
23 0.0257427777777778
0 0.0312531944444444
1 0.0333851388888889
2 0.0230120833333333
3 0.0205679166666667
4 0.013983750000000001
5 0.0055820833333333295
6 0.004848194444444449
7 6.986111111111109e-5
8 0.000199583333333333
9 0.00362847222222222
10 0.00381277777777778
11 0.0101148611111111
12 0.026165694444444502
13 0.036868472222222205
14 0.036781527777777795
15 0.0377279166666667
16 0.0468201388888889
17 0.052786805555555504
18 0.0392505555555556
19 0.02664375
20 0.0212133333333333
21 0.0145088888888889
22 0.0114395833333333
23 0.0107054166666667
0 0.0153506944444444
1 0.0141820833333333
2 0.0142875
3 0.0175683333333333
4 0.0164470833333333
5 0.0199276388888889
6 0.0162315277777778
7 0.0055866666666666695
8 0.004030555555555561
9 0.00992138888888889
10 0.0213966666666667
11 0.0280619444444445
12 0.0377875
13 0.0472258333333333
14 0.0518240277777778
15 0.0542058333333333
16 0.0575808333333333
17 0.0625297222222222
18 0.0563280555555556
19 0.0368705555555556
20 0.0315601388888889
21 0.0320786111111111
22 0.0236143055555556
23 0.0217626388888889
0 0.0206281944444444
1 0.020246944444444397
2 0.0252101388888889
3 0.0204823611111111
4 0.01421875
5 0.00415055555555556
6 0.00841722222222222
7 0.00948138888888889
8 0.0106329166666667
9 0.020920416666666698
10 0.035151249999999995
11 0.0390841666666667
12 0.0398519444444444
13 0.0418780555555556
14 0.0436554166666667
15 0.044660416666666695
16 0.0438930555555555
17 0.0440195833333333
18 0.0404027777777778
19 0.0336302777777778
20 0.028440833333333297
21 0.0280005555555555
22 0.0215025
23 0.0147395833333333
0 0.0208288888888889
1 0.0233194444444445
2 0.0216929166666667
3 0.020275416666666702
4 0.0141966666666667
5 0.00870263888888889
6 0.00416125
7 0.00153847222222222
8 1.38888888888889e-5
9 0.0109640277777778
10 0.0170976388888889
11 0.02639375
12 0.0228644444444445
