0 0.00445311868686869
1 0.00419757575757576
2 0.00420613636363636
3 0.00435193181818182
4 0.00386967171717172
5 0.004101489898989901
6 0.00429335858585859
7 0.0040086237373737395
8 0.0043844696969697
9 0.00430875
10 0.00435907661520869
11 0.0
12 0.0
13 0.00367018939393939
14 0.0038975631313131302
15 0.00329093434343434
16 0.00406986111111111
17 0.00412573232323232
18 0.00360290404040404
19 0.00307194444444444
20 0.00358171717171717
21 0.00360291666666667
22 0.00313683080808081
23 0.00315925505050505
0 0.00290736111111111
1 0.00283032828282828
2 0.0027068181818181796
3 0.00283386363636364
4 0.0027863888888888903
5 0.00314584595959596
6 0.00322997474747475
7 0.00302123737373737
8 0.00317972222222222
9 0.00326003787878788
10 0.00315599747474747
11 0.00323069444444444
12 0.0036615656565656602
13 0.00398574494949495
14 0.00429434343434344
15 0.0045438005050505
16 0.00460214646464646
17 0.00449698232323232
18 0.00443611111111111
19 0.00414545454545454
20 0.0037713131313131297
21 0.00384090909090909
22 0.00348646464646465
23 0.0032703409090909102
0 0.0033100505050505
1 0.00323012626262626
2 0.00328537878787879
3 0.00324270202020202
4 0.00301964646464647
5 0.00279286616161616
6 0.00318407828282828
7 0.0031908080808080797
8 0.00335455808080808
9 0.00374897727272727
10 0.0038306565656565698
11 0.00394537878787879
12 0.00404736111111111
13 0.00436921717171717
14 0.00436477272727273
15 0.00452893939393939
16 0.004688749999999999
17 0.00498651515151515
18 0.0047115530303030295
19 0.00416843434343434
20 0.00402238636363636
21 0.00398021464646465
22 0.00359652777777778
23 0.00342892676767677
0 0.00332622474747475
1 0.0033284722222222196
2 0.00323128787878788
3 0.00304083333333333
4 0.00377275252525253
5 0.00334005050505051
6 0.0033548737373737397
7 0.00400544191919192
8 0.00637929292929293
9 0.00501277777777778
10 0.00589703282828283
11 0.00665049242424243
12 0.0055846969696969695
13 0.005357777777777781
14 0.00612686868686869
15 0.00662117424242424
16 0.00785861111111111
17 0.00809722222222222
18 0.006607537878787879
19 0.00476508838383839
20 0.00453654040404041
21 0.00422271464646465
22 0.00402638888888889
23 0.0038771212121212102
0 0.0037549873737373696
1 0.00338616161616162
2 0.00325445707070707
3 0.00327555555555556
4 0.00324181818181818
5 0.0031893813131313098
6 0.00293614898989899
7 0.00347739898989899
8 0.004331843434343441
9 0.00399430555555556
10 0.00423179292929293
11 0.0045160101010101004
12 0.0041572095959596
13 0.004572487373737369
14 0.00560358585858586
15 0.00602218434343434
16 0.00656056818181818
17 0.00682354797979798
18 0.00627185606060606
19 0.005237904040404039
20 0.0045683964646464695
21 0.0043691666666666705
22 0.0042772222222222205
23 0.00451289141414141
0 0.00410219696969697
1 0.00392042929292929
2 0.0037436111111111103
3 0.00372223484848485
4 0.00359546717171717
5 0.00382611111111111
6 0.00356564393939394
7 0.00383087121212121
8 0.00370518939393939
9 0.00356751262626263
10 0.0038052777777777803
11 0.00358838383838384
12 0.00400347222222222
13 0.0040942297979798
14 0.00416916666666667
15 0.00436698232323232
16 0.00468532828282828
17 0.0043072853535353495
18 0.00447234848484848
19 0.004552159090909089
20 0.00431568181818182
21 0.00396844696969697
22 0.004025227272727271
23 0.00364015151515151
0 0.00348857323232323
1 0.00344243686868687
2 0.0031223106060606002
3 0.0030942297979798
4 0.00329708333333333
5 0.00335203282828283
6 0.0037222601010101003
7 0.0039917803030303
8 0.004683169191919191
9 0.00392699494949495
10 0.00393532828282828
11 0.0039874873737373705
12 0.00441017676767677
