0 17.0
1 9.0
2 6.0
3 12.0
4 7.0
5 15.0
6 14.0
7 18.0
8 30.0
9 30.0
10 42.0
11 33.0
12 39.0
13 31.0
14 34.0
15 35.0
16 67.0
17 60.0
18 55.0
19 59.0
20 93.0
21 46.0
22 38.0
23 29.0
0 20.0
1 22.0
2 19.0
3 29.0
4 19.0
5 27.0
6 24.0
7 18.0
8 33.0
9 25.0
10 38.0
11 99.0
12 94.0
13 56.0
14 0.0
15 40.0
16 46.0
17 0.0
18 48.0
19 41.0
20 0.0
21 76.0
22 0.0
23 7.0
0 48.0
1 38.0
2 37.0
3 1.0
4 32.0
5 38.0
6 32.0
7 36.0
8 48.0
9 48.0
10 42.0
11 47.0
12 38.0
13 45.0
14 61.0
15 42.0
16 9.0
17 25.0
18 48.0
19 78.0
20 5.0
21 0.0
22 46.0
23 17.0
0 16.0
1 11.0
2 19.0
3 8.0
4 23.0
5 21.0
6 17.0
7 42.0
8 0.0
9 74.0
10 25.0
11 47.0
12 43.0
13 42.0
14 68.0
15 19.0
16 56.0
17 32.0
18 95.0
19 54.0
20 66.0
21 159.0
22 0.0
23 0.0
0 0.0
1 0.0
2 0.0
3 0.0
4 0.0
5 0.0
6 0.0
7 0.0
8 60.0
9 66.0
10 51.0
11 41.0
12 21.0
13 24.0
14 34.0
15 34.0
16 43.0
17 45.0
18 58.0
19 0.0
20 0.0
21 39.0
22 33.0
23 36.0
0 33.0
1 27.0
2 12.0
3 22.0
4 18.0
5 22.0
6 26.0
7 26.0
8 52.0
9 44.0
10 42.0
11 40.0
12 42.0
13 40.0
14 50.0
15 87.0
16 46.0
17 0.0
18 38.0
19 58.0
20 90.0
21 70.0
22 72.0
23 46.0
0 30.0
1 37.0
2 33.0
3 35.0
4 36.0
5 37.0
6 41.0
7 59.0
8 97.0
9 48.0
10 48.0
11 38.0
12 69.0
