0 0.4908125
1 0.486619444444444
2 0.464006944444445
3 0.464608333333333
4 0.474190277777778
5 0.496404166666667
6 0.485105555555556
7 0.553947222222222
8 0.626734722222222
9 0.675848611111111
10 0.563138364779874
11 0.0
12 0.0
13 0.600655555555556
14 0.610195833333333
15 0.691338888888889
16 0.623754166666667
17 0.593133333333333
18 0.654423611111111
19 0.741547222222222
20 0.889309722222222
21 0.644056944444444
22 0.625158333333334
23 0.545468055555556
0 0.5264875
1 0.515358333333333
2 0.454519444444444
3 0.506095833333333
4 0.511495833333333
5 0.48925
6 0.504802777777778
7 0.521804166666667
8 0.6025
9 0.619370833333333
10 0.695197222222222
11 0.703991666666666
12 0.695836111111111
13 0.628843055555555
14 0.687116666666667
15 0.636240277777778
16 0.662120833333333
17 0.585184722222223
18 0.648080555555556
19 0.675704166666667
20 0.860548611111111
21 1.03405694444444
22 0.6468
23 0.658448611111111
0 0.624834722222222
1 0.613933333333333
2 0.565773611111111
3 0.502313888888889
4 0.526841666666667
5 0.583804166666667
6 0.5172625
7 0.642347222222222
8 0.6658875
9 0.786004166666667
10 0.615693055555556
11 0.554309722222222
12 0.590202777777778
13 0.631126388888889
14 0.607359722222222
15 0.521719444444445
16 0.529902777777778
17 0.541263888888889
18 0.592868055555556
19 0.683043055555556
20 0.836063888888889
21 0.953045833333333
22 0.780580555555555
23 0.490473611111111
0 0.453555555555555
1 0.484991666666667
2 0.445205555555556
3 0.4211375
4 0.604881944444445
5 0.466477777777778
6 0.573581944444444
7 0.832402777777778
8 2.00635277777778
9 0.945426388888889
10 0.531247222222222
11 0.676147222222222
12 0.602920833333333
13 0.578983333333333
14 0.556343055555555
15 0.5976875
16 0.556904166666667
17 0.586447222222222
18 0.586177777777778
19 0.643131944444444
20 0.726425
21 0.943481944444444
22 0.686788888888889
23 0.650427777777778
0 0.487444444444444
1 0.446491666666667
2 0.477827777777778
3 0.716665277777778
4 0.453138888888889
5 0.467802777777778
6 0.467211111111111
7 0.671872222222222
8 0.941806944444445
9 0.828236111111111
10 0.841388888888889
11 0.620411111111111
12 0.547894444444445
13 0.564293055555556
14 0.556438888888889
15 0.552065277777778
16 0.602540277777778
17 0.676306944444444
18 0.661468055555555
19 0.738406944444444
20 0.866341666666667
21 0.741227777777778
22 0.769748611111111
23 0.660297222222222
0 0.661881944444444
1 0.5050375
2 0.491852777777778
3 0.531430555555556
4 0.563727777777778
5 0.768313888888889
6 0.622686111111111
7 0.673920833333334
8 0.783008333333334
9 0.650418055555555
10 0.590320833333333
11 0.579284722222223
12 0.636801388888889
13 0.581954166666667
14 0.601415277777778
15 0.603665277777778
16 0.592490277777778
17 0.598679166666667
18 0.587256944444445
19 0.682254166666667
20 0.730763888888889
21 0.736322222222222
22 0.655309722222222
23 0.543811111111111
0 0.484979166666667
1 0.456890277777778
2 0.472252777777778
3 0.523820833333333
4 0.548097222222222
5 0.5160875
6 0.555459722222222
7 0.887711111111111
8 1.1840875
9 0.647683333333333
10 0.563827777777778
11 0.530190277777778
12 0.56795
