0 0.0
1 0.0
2 0.0
3 0.0
4 0.0
5 0.0
6 0.0
7 0.0
8 0.0
9 0.007274843681917218
10 0.012365392249352554
11 0.0
12 0.0
13 0.0
14 0.0
15 0.0
16 0.040198555998854815
17 0.040664795967187715
18 0.03994549731182798
19 0.03625064153439155
20 0.031050668197725267
21 0.028912592258900305
22 0.02658704319279774
23 0.02615250562888516
0 0.026000748905883574
1 0.026390243004576614
2 0.026352394853953697
3 0.015742056644880174
4 0.010459100762527231
5 0.0
6 0.0
7 0.0
8 0.0
9 0.00495952861952862
10 0.010985717878372199
11 0.01841176483712627
12 0.02790236552028218
13 0.038678006342957136
14 0.04938115958605663
15 0.05670975762527229
16 0.058446441721132864
17 0.055691667755991235
18 0.05461710076252723
19 0.055225812765957394
20 0.05219017198518746
21 0.0393200005446623
22 0.036578622004357284
23 0.03161434477124182
0 0.026672384531590394
1 0.024654994553376913
2 0.024740373093681912
3 0.027330502723311518
4 0.02474888508772806
5 0.026830075561666927
6 0.026561387276059455
7 0.021538884422373235
8 0.013516978213507613
9 0.014181513616557704
10 0.020523690087145986
11 0.027555556100217857
12 0.03617352668845315
13 0.043306177559912874
14 0.042676376906318085
15 0.03790762363834419
16 0.034148011982570774
17 0.03568828617516883
18 0.0360257252403551
19 0.031886700949477965
20 0.027281450980392166
21 0.020238833877995657
22 0.02049223474945534
23 0.02310313779956428
0 0.027180050653594755
1 0.030275676470588243
2 0.026618549019607824
3 0.023580100762527235
4 0.018763964052287585
5 0.01215780936819172
6 0.008471667755991289
7 0.004220425381263618
8 0.002149114923747277
9 0.0028304471677559903
10 0.0032839667755991293
11 0.006678917755991281
12 0.01644619226579524
13 0.026718678104575164
14 0.031812717320261454
15 0.03484415631808281
16 0.04092356045751637
17 0.046951571895424815
18 0.043170549564270175
19 0.03493955936819173
20 0.028066735838779944
21 0.021243970043572983
22 0.01629208660130717
23 0.01344576633986929
0 0.014336525599128519
1 0.014183608932461851
2 0.014186607298474931
3 0.015842723826794768
4 0.015817298608746515
5 0.01785862527770443
6 0.017121119768749523
7 0.011357491830065364
8 0.007671827342047936
9 0.00878825381263617
10 0.015106399782135094
11 0.021604747821350797
12 0.029737967864923765
13 0.03853542647058823
14 0.04524951633986929
15 0.04982300653594769
16 0.053806920479302814
17 0.05827147494553374
18 0.057368258169934655
19 0.04863892833918562
20 0.03945231603416013
21 0.035768556313462346
22 0.02959069172113292
23 0.025613051198257103
0 0.02304816666666665
1 0.021564648148148118
2 0.023332329692289575
3 0.022230004481601878
4 0.018011490196078433
5 0.011026261982570808
6 0.009691943899782134
7 0.009562585511982573
8 0.010078152505446641
9 0.01550060511982573
10 0.025345419934640533
11 0.03225126742919392
12 0.036101867102396504
13 0.03906393681917213
14 0.04142877124183009
15 0.043113572440087185
16 0.043568529956426995
17 0.04282260855766092
18 0.04241881986734318
19 0.04015998994717393
20 0.03516158923793762
21 0.032268659652619325
22 0.02597762254901959
23 0.020299934640522852
0 0.020519187908496727
1 0.021878727668845337
2 0.021749136165577374
3 0.02100542494903746
4 0.017611942830661056
5 0.013095204793028338
6 0.008594224945533777
7 0.0050404640522875846
8 0.0024863627450980408
9 0.006700968954248377
10 0.01189029357298476
11 0.01915401851851852
12 0.02102622712418304
