0 0.0
1 0.0
2 0.0
3 0.0
4 0.0
5 0.0
6 0.0
7 0.0
8 0.0
9 0.004204528037362923
10 0.0042331383111641595
11 0.0
12 0.0
13 0.0
14 0.0
15 0.0035435842992532504
16 0.0038190698515945995
17 0.003975728310612372
18 0.0037855966410133063
19 0.003425960888411673
20 0.0035832069886063255
21 0.0035864485865913934
22 0.003451336709219821
23 0.0033732248266080196
0 0.003196660537681302
1 0.0031138726158061666
2 0.002971435552589511
3 0.0029305306583754785
4 0.0028723362270965604
5 0.002925658082161387
6 0.0029794112676548483
7 0.0029789995471874928
8 0.003025691664050908
9 0.003089081970149776
10 0.0031164898863156277
11 0.003156042476822205
12 0.0032909309988656114
13 0.0035039742071663804
14 0.003789198970848227
15 0.004053418741570883
16 0.004256653230562984
17 0.004352161722630056
18 0.004390709971358265
19 0.004328716755931389
20 0.0042300027764380155
21 0.004153084471696982
22 0.003934003273105871
23 0.003683747001203054
0 0.0035650683819049016
1 0.0034450900390917403
2 0.0034022194273378593
3 0.0033598373470140673
4 0.003242663171412325
5 0.003115581472931477
6 0.003127480438653767
7 0.0031330796083838975
8 0.0031712928286481024
9 0.0033419588233479765
10 0.003494045908715739
11 0.0036518539463741093
12 0.003802509077000397
13 0.003969188383360754
14 0.004102860909606684
15 0.004241324331589814
16 0.004346125306824803
17 0.00455301677564778
18 0.004602797826517468
19 0.004519508243631336
20 0.0044225952072987915
21 0.004314810198586531
22 0.004058007670556776
23 0.003819435574506207
0 0.003621309777786298
1 0.0035325483497806224
2 0.0034627305593254937
3 0.00331658722171973
4 0.003420719958568535
5 0.0033799129417315054
6 0.003364896170644913
7 0.0035389899874361556
8 0.005042474301841951
9 0.005030928599722721
10 0.005469207664884137
11 0.006062861215260226
12 0.005828508999595817
13 0.005599005755784119
14 0.005838320172420937
15 0.006063333408627816
16 0.006778313783576179
17 0.007232390641219417
18 0.007030160458536101
19 0.006114536774113651
20 0.005384719742116554
21 0.004773343778964885
22 0.004371097296494357
23 0.004118728758169935
0 0.003928811744899978
1 0.0036591891211882957
2 0.003610024663155288
3 0.0035105567144123784
4 0.0034428837571774443
5 0.003365398177143883
6 0.0032137704921989044
7 0.0032685674495751015
8 0.0036156174542386964
9 0.0037467645807722667
10 0.003917720220625043
11 0.004159029795255764
12 0.004168955096440953
13 0.004331044868741903
14 0.004844600133035416
15 0.005235408863129565
16 0.005830698590067028
17 0.006239518358256746
18 0.006267578769108069
19 0.005870685797873291
20 0.005456199157759689
21 0.005035465711788697
22 0.004723675614172509
23 0.004631265799908945
0 0.004385370803524649
1 0.004200215182941671
2 0.004079921185143759
3 0.004019511934743485
4 0.00388426725092549
5 0.0038510507518904457
6 0.003761859460718246
7 0.003762251235913667
8 0.003732064774222034
9 0.003690465635531088
10 0.0037039212452959743
11 0.0036839695355004396
12 0.0037469942862206835
13 0.003811113774845128
14 0.0039026090279799222
15 0.004026409831405822
16 0.004241566841163985
17 0.004277134498593918
18 0.004343808954411512
19 0.004389970784331961
20 0.004394233068584911
21 0.004325577689696075
22 0.004271686956444136
23 0.0040793049984423355
0 0.003897010219765145
1 0.003753949235889484
2 0.0034901290886068413
3 0.0033689349616858374
4 0.003355689258533817
5 0.0033350466707065384
6 0.00340327167144966
7 0.003555341871653767
8 0.004006315690566424
9 0.003985598737572182
10 0.003978937859517272
11 0.003985808613227707
12 0.004128020932074669
