0 0.0
1 0.0
2 0.0
3 0.0
4 0.0
5 0.0
6 0.0
7 0.0
8 0.0
9 0.0
10 0.0
11 0.0
12 0.0
13 33.653235653235654
14 33.83003663003663
15 34.41782661782662
16 50.71623931623932
17 55.363614163614166
18 55.18681318681319
19 57.0984126984127
20 75.05689865689865
21 60.53040293040293
22 49.264713064713064
23 39.13186813186813
0 29.563614163614165
1 25.78070818070818
2 22.388522588522587
3 25.693528693528695
4 22.34090354090354
5 24.666422466422468
6 24.32942612942613
7 21.15970695970696
8 27.072527472527472
9 26.033699633699634
10 32.01684981684982
11 65.51697191697191
12 79.76752136752137
13 67.88791208791208
14 0.0
15 0.0
16 0.0
17 0.0
18 0.0
19 0.0
20 0.0
21 0.0
22 0.0
23 0.0
0 0.0
1 37.87360594795539
2 37.418468583057745
3 18.83229504111637
4 25.481006413418847
5 31.772760736196318
6 31.88470012239902
7 33.94425427872861
8 40.97727827999023
9 44.48607718612604
10 43.24273504273504
11 45.12625152625153
12 41.56190476190476
13 43.28180708180708
14 52.14383394383395
15 47.09173678091923
16 28.035653235653236
17 26.516239316239318
18 37.26007326007326
19 57.63516483516484
20 31.31233211233211
21 0.0
22 0.0
23 0.0
0 21.282365199270643
1 15.971010839425258
2 17.504341354502603
3 12.710558700467635
4 17.877175778377055
5 19.441154881331048
6 18.215595208995357
7 30.10921084778891
8 0.0
9 0.0
10 0.0
11 43.61187809325345
12 43.29947063271994
13 42.64326469858596
14 55.4275166133399
15 37.143662662417256
16 46.59432346464399
17 39.291371302859936
18 67.16882482286832
19 60.58426966292135
20 63.292796092796095
21 111.15677655677656
22 0.0
23 0.0
0 0.0
1 0.0
2 0.0
3 0.0
4 0.0
5 0.0
6 0.0
7 0.0
8 0.0
9 0.0
10 56.57142857142857
11 48.266666666666666
12 34.193548387096776
13 29.015873015873016
14 31.52755905511811
15 32.76862745098039
16 37.894324853228966
17 41.45063538611926
18 49.729360039081584
19 0.0
20 0.0
21 0.0
22 0.0
23 36.056319051468606
0 34.45452216243915
1 30.63815953988497
2 21.205831480108724
3 21.603782854335545
4 19.79353416605437
5 20.89557348985082
6 23.44574780058651
7 24.72349780166097
8 38.36507936507937
9 41.18315018315018
10 41.592673992673994
11 40.7968253968254
12 41.3995115995116
13 40.7013431013431
14 45.35531135531136
15 66.18559218559218
16 56.096214896214896
17 0.0
18 0.0
19 0.0
20 72.28132326126595
21 71.10713385429796
22 71.56437608533862
23 58.68225449175486
0 44.28340279480265
1 40.63420601908491
2 36.81129308237595
3 35.89885169802101
4 35.948216902784566
5 36.47423687423687
6 38.737484737484735
7 48.868864468864466
8 72.93528693528694
9 60.46495726495726
10 54.22954822954823
11 46.11379731379731
12 57.56166056166056
