0 0.00210790404040404
1 0.0
2 0.0
3 0.00122569444444444
4 0.0125122348484848
5 0.0154166287878788
6 0.016037297979798002
7 0.010858674242424201
8 0.0105053661616162
9 0.004214861111111109
10 0.00111586906803888
11 0.0
12 0.0
13 0.0
14 0.00055334595959596
15 0.0012849494949494899
16 0.000668611111111111
17 0.000630353535353535
18 0.0011121212121212101
19 0.00200368686868687
20 0.00689809343434343
21 0.00507674242424243
22 0.00398103535353535
23 0.00113940656565657
0 0.000558017676767676
1 8.20833333333334e-5
2 6.1111111111111e-6
3 0.0173672348484848
4 0.0170729166666667
5 0.023492790404040398
6 0.0227645328282828
7 0.0214696212121212
8 0.0199264772727273
9 0.0112289772727273
10 0.00566796717171717
11 0.0038331818181818198
12 0.004730075757575759
13 0.0030133712121212103
14 0.0016360732323232301
15 0.0016210101010101
16 0.00157589646464646
17 0.000424090909090909
18 0.0029602272727272698
19 0.0020043434343434397
20 0.0054320707070707
21 0.0157018308080808
22 0.00907016414141414
23 0.00843133838383839
0 0.0112718055555556
1 0.00873732070707071
2 0.0096979797979798
3 0.00568117424242424
4 0.00540637626262626
5 0.0053227398989899
6 0.0043700252525252494
7 0.0134017045454545
8 0.0245692803030303
9 0.0217842929292929
10 0.0176475883838384
11 0.0135808333333333
12 0.005390896464646459
13 0.0014934595959596
14 0.0006280429292929291
15 0.00046657828282828303
16 0.0
17 2.83333333333333e-5
18 7.000000000000001e-5
19 0.000895037878787879
20 0.00344018939393939
21 0.00941828282828283
22 0.005133472222222221
23 0.000175972222222222
0 0.0
1 0.00030305555555555603
2 0.00330854797979798
3 0.000279785353535353
4 0.00280669191919192
5 0.00569684343434344
6 0.00971439393939394
7 0.0180072601010101
8 0.018077676767676798
9 0.015006502525252501
10 0.022877032828282802
11 0.0155336994949495
12 0.00502733585858586
13 0.0011272979797979801
14 0.00035949494949495
15 9.79671717171717e-5
16 1.44444444444444e-5
17 8.625e-5
18 0.000137638888888889
19 0.000538169191919192
20 0.00351933080808081
21 0.008470189393939391
22 0.008511843434343429
23 0.0104332449494949
0 0.0029526515151515097
1 0.00276212373737374
2 0.0011661489898989901
3 0.0040197853535353595
4 0.00039618686868686797
5 0.00119073232323232
6 0.00017152777777777801
7 0.009555404040404041
8 0.011775290404040399
9 0.011134494949495
10 0.0118761237373737
11 0.008814646464646459
12 0.0027803030303030296
13 0.00025416666666666697
14 0.000115441919191919
15 6.39646464646465e-5
16 0.00128782828282828
17 0.000334583333333333
18 0.00129953282828283
19 0.00388857323232323
20 0.006003005050505049
21 0.0042841666666666705
22 0.0115189772727273
23 0.00996439393939394
0 0.010040063131313101
1 0.00885243686868687
2 0.00354138888888889
3 0.00784539141414141
4 0.0117761363636364
5 0.0185651767676768
6 0.0147431818181818
7 0.0130893560606061
8 0.0122555429292929
9 0.00616584595959596
10 0.0012126893939393899
11 8.65277777777779e-5
12 0.00023983585858585902
13 6.25e-6
14 9.77777777777778e-5
15 4.4305555555555596e-5
16 3.73611111111111e-5
17 0.0
18 1.375e-5
19 0.0012104797979798
20 0.00291862373737374
21 0.0027123484848484898
22 0.005932588383838379
23 0.0073723106060606105
0 0.0021676262626262603
1 9.347222222222221e-5
2 7.62121212121212e-5
3 0.0
4 0.00023486111111111098
5 0.00186150252525253
6 0.00864748737373737
7 0.0135149242424242
8 0.0129331313131313
9 0.00736352272727273
10 0.00935340909090909
11 0.0068432702020202
12 0.0143543939393939
