0 0.0
1 0.0
2 0.0
3 0.0
4 0.0
5 0.0
6 0.0
7 0.0
8 0.0
9 0.5898283764114569
10 0.5829883820606685
11 0.0
12 0.0
13 0.0
14 0.0
15 0.6536617934738217
16 0.637963387318719
17 0.614842144258375
18 0.635049603174603
19 0.688717694663167
20 0.7468178773085313
21 0.7131833344033005
22 0.6840704894703439
23 0.6273820419661974
0 0.5834984416712534
1 0.5530526344433762
2 0.49904768222617285
3 0.5019551208960435
4 0.5128857610751143
5 0.5039019046263702
6 0.5028555490264152
7 0.5044947453157447
8 0.531838508965617
9 0.5590784011744557
10 0.6067962942092008
11 0.6410541396170536
12 0.6610002697772943
13 0.6522675899839466
14 0.6647375705307452
15 0.6607185758493579
16 0.664761874104063
17 0.6489866315312364
18 0.6464862695236463
19 0.650072457661248
20 0.7202819074281294
21 0.8717148235536955
22 0.7738958303725382
23 0.7238840092668231
0 0.6807157829456179
1 0.6564495191319748
2 0.6109492106287662
3 0.552675931372549
4 0.53910447167756
5 0.5693687774778056
6 0.5530327559192709
7 0.5730957605026705
8 0.5977707901320097
9 0.6761693500798429
10 0.6548574509273767
11 0.6200133414165788
12 0.610610756499787
13 0.6182151834844525
14 0.6177463510611418
15 0.582618401851441
16 0.5631031347191171
17 0.5632644893210973
18 0.5672929346496728
19 0.597877617776149
20 0.6978929772969693
21 0.8259698145495475
22 0.8060650658873386
23 0.6550657709660692
0 0.5522369281045748
1 0.518503959694989
2 0.4815652233115471
3 0.45083782135076267
4 0.5274065849673205
5 0.4961071666010672
6 0.5170701544998653
7 0.6821068246980523
8 1.348251797385622
9 1.1477419063180831
10 0.8396632734204795
11 0.7584052668845315
12 0.6806592047930282
13 0.6300418681917208
14 0.5931586601307186
15 0.594962854030501
16 0.5763686951441346
17 0.5819626814366718
18 0.585862420841396
19 0.5927152080556383
20 0.6312757723461098
21 0.776687343086243
22 0.740529833536037
23 0.7039350458214462
0 0.5971966966883921
1 0.519512494553377
2 0.49845768518518535
3 0.6077056644880177
4 0.5298864215686275
5 0.5091441226947251
6 0.4914134354889459
7 0.5596318354391008
8 0.7603161982570809
9 0.7950246732026143
10 0.8189196459694988
11 0.7194766448801743
12 0.6338713398692812
13 0.5992713943355122
14 0.5914288262731685
15 0.5742988561594097
16 0.5876544689857306
17 0.6168077597186271
18 0.6135651994332995
19 0.654073491338414
20 0.7455015834375248
21 0.7457451858449234
22 0.7566155251480665
23 0.724828511719349
0 0.7121603781053217
1 0.6153482488041037
2 0.5591139633282515
3 0.5461711768728984
4 0.5574508031199912
5 0.63385643804408
6 0.6281865640655614
7 0.6447853439972953
8 0.6981089880983958
9 0.6817184747670215
10 0.6514456506924958
11 0.6334414050793211
12 0.6377122426251406
13 0.6184246179594267
14 0.6134534828471896
15 0.609104603552169
16 0.6023999944353483
17 0.59826276192804
18 0.5970243531799511
19 0.6150091001398144
20 0.6443036565142656
21 0.6689303869099125
22 0.6683088325209339
23 0.637935788295477
0 0.5803989229293697
1 0.5276646296102716
2 0.5056553345380196
3 0.5111980774294348
4 0.5236435349286542
5 0.5181531903671296
6 0.5206685888400518
7 0.708157466098708
8 0.9501579575163398
9 0.7992947494553375
10 0.681740822440087
11 0.6059780392156866
12 0.5870029466230937
