0 99.4622
1 70.006233
2 52.859033
3 49.06405
4 32.130683
5 26.962633
6 30.3586
7 53.875967
8 50.451433
9 63.885567
10 68.976267
11 0.0
12 58.9502
13 58.610017
14 52.900617
15 41.418717
16 42.9368
17 45.516967
18 47.609667
19 35.731767
20 64.59545
21 76.151133
22 136.737533
23 71.062267
0 57.18145
1 45.235617
2 40.576117
3 34.873417
4 33.470267
5 44.638483
6 50.754167
7 44.7951
8 51.9311
9 68.626167
10 59.537333
11 59.612083
12 62.6621
13 60.440817
14 67.40775
15 81.869667
16 60.797183
17 52.03265
18 50.592217
19 55.352283
20 66.5111
21 84.099883
22 170.15135
23 125.139167
0 78.97395
1 135.551683
2 0.0
3 0.0
4 0.0
5 0.0
6 0.0
7 0.0
8 0.0
9 85.961367
10 102.82315
11 99.29255
12 78.851733
13 69.436817
14 70.806567
15 64.53565
16 53.600683
17 0.0
18 0.0
19 0.0
20 0.0
21 0.0
22 0.0
23 0.0
0 59.472183
1 68.841567
2 72.335583
3 45.16925
4 39.44405
5 44.947817
6 51.929133
7 58.984
8 96.679583
9 165.671333
10 97.552383
11 59.210633
12 50.218033
13 53.428783
14 45.5381
15 39.477183
16 46.03295
17 43.0171
18 45.6943
19 41.6961
20 0.0
21 0.0
22 0.0
23 0.0
0 0.0
1 0.0
2 0.0
3 0.0
4 0.0
5 0.0
6 0.0
7 0.0
8 0.0
9 0.0
10 0.0
11 0.0
12 0.0
13 0.0
14 0.0
15 76.04235
16 52.574817
17 35.971167
18 45.846417
19 43.7931
20 101.9331
21 228.397667
22 169.623167
23 190.701333
0 101.2836
1 93.108617
2 113.688083
3 104.697167
4 102.59025
5 89.803
6 60.325083
7 66.849317
8 148.284383
9 183.01
10 138.870833
11 72.0873
12 65.15145
13 57.14555
14 40.221183
15 42.146
16 53.047867
17 68.877533
18 53.682217
19 63.060833
20 88.910433
21 175.635467
22 146.687333
23 68.473817
0 63.849583
1 53.743467
2 55.254183
3 51.506633
4 45.886133
5 50.930183
6 50.287717
7 65.8032
8 64.847083
9 80.6326
10 75.591933
11 73.129883
12 0.0
