0 0.017421067000000002
1 0.019549867
2 0.01744555
3 0.021815567
4 0.018073067
5 0.01516295
6 0.017544933
7 0.01577765
8 0.014431699999999999
9 0.021535949999999998
10 0.034690767000000004
11 0.0
12 0.050961216999999996
13 0.063914933
14 0.066303267
15 0.06842655
16 0.072539017
17 0.070769333
18 0.058436517
19 0.044085532999999996
20 0.02629425
21 0.019478717
22 0.0318991
23 0.030174783
0 0.028233499999999998
1 0.0293905
2 0.035763632999999996
3 0.031880333
4 0.018508433
5 0.02078585
6 0.01960225
7 0.01721735
8 0.016373850000000002
9 0.022617017
10 0.030162433
11 0.039091233
12 0.0574344
13 0.07069933299999999
14 0.08818895
15 0.08384111699999999
16 0.077958833
17 0.07532896700000001
18 0.069771767
19 0.058975833
20 0.038118716999999996
21 0.0176947
22 0.0211352
23 0.02537345
0 0.01652505
1 0.017120517
2 0.0
3 0.0
4 0.0
5 0.0
6 0.0
7 0.0
8 0.0
9 0.019106183000000002
10 0.042587067
11 0.06760094999999999
12 0.0908128
13 0.10305336699999999
14 0.097921283
15 0.08375666699999999
16 0.07761815
17 0.0
18 0.0
19 0.0
20 0.0
21 0.0
22 0.0
23 0.0
0 0.01792145
1 0.016366833
2 0.018928782999999998
3 0.019433683
4 0.013657033
5 0.013202633
6 0.013179100000000001
7 0.013174067000000001
8 0.013449117
9 0.01999445
10 0.03770575
11 0.046178767
12 0.065295433
13 0.065531267
14 0.06107595
15 0.06622026700000001
16 0.065599483
17 0.063451933
18 0.0574281
19 0.036910200000000004
20 0.017464533
21 0.017451117
22 0.0
23 0.0
0 0.01856955
1 0.019375017
2 0.014508733
3 0.01453625
4 0.015719300000000002
5 0.015112633
6 0.0148954
7 0.01607575
8 0.016709117
9 0.017534532999999998
10 0.027078733
11 0.050016817000000005
12 0.06358378299999999
13 0.07549945
14 0.0
15 0.07770353299999999
16 0.0792026
17 0.079390583
18 0.0725443
19 0.041462367
20 0.017421967
21 0.016938099999999998
22 0.018627067
23 0.02168105
0 0.0188611
1 0.020391667000000002
2 0.0202695
3 0.019155683
4 0.021919499999999998
5 0.017953700000000003
6 0.017115017000000003
7 0.017369567
8 0.018446083000000002
9 0.019063517000000002
10 0.03503425
11 0.047779499999999996
12 0.05496305
13 0.0584752
14 0.063265233
15 0.069753983
16 0.073358333
17 0.0790873
18 0.077442783
19 0.055783617
20 0.021844850000000002
21 0.023054417
22 0.027409233
23 0.021509533
0 0.021659333
1 0.018960533
2 0.021281483
3 0.015928067
4 0.013965467
5 0.014534633
6 0.014727683
7 0.015948233
8 0.014884366999999999
9 0.023079183
10 0.030343949999999998
11 0.046792283
12 0.0
