0 1.084817
1 0.954775
2 1.00185
3 0.909822
4 0.87842
5 0.900265
6 0.960028
7 0.971915
8 1.125812
9 1.07167
10 0.974603
11 0.0
12 0.959957
13 0.998648
14 1.008167
15 1.026633
16 1.049557
17 0.97309
18 1.01907
19 1.298757
20 2.139998
21 2.573578
22 1.142237
23 1.091018
0 0.980363
1 1.03647
2 0.94073
3 0.903747
4 0.92707
5 0.929317
6 0.901585
7 1.144093
8 1.23754
9 1.059165
10 1.025965
11 1.079327
12 1.029657
13 1.055382
14 1.076363
15 1.05685
16 1.01548
17 1.026512
18 0.982083
19 1.045202
20 1.403583
21 2.9593
22 2.336492
23 1.689772
0 1.91644
1 1.849212
2 0.0
3 0.0
4 0.0
5 0.0
6 0.0
7 0.0
8 0.0
9 2.094955
10 1.720592
11 1.433017
12 1.30198
13 1.322452
14 1.204892
15 1.10716
16 0.959283
17 0.0
18 0.0
19 0.0
20 0.0
21 0.0
22 0.0
23 0.0
0 1.74783
1 1.56905
2 1.083413
3 1.017067
4 1.041013
5 1.099962
6 1.35309
7 1.804123
8 2.753012
9 1.719113
10 1.139407
11 1.05978
12 1.101867
13 1.184398
14 1.070372
15 1.071478
16 0.902203
17 0.85662
18 0.875773
19 1.274022
20 3.089247
21 3.4441
22 0.0
23 0.0
0 1.270273
1 1.213227
2 1.348633
3 1.27541
4 1.198672
5 1.153717
6 1.246015
7 1.591655
8 3.366995
9 3.358652
10 1.539115
11 1.310382
12 1.276593
13 1.147253
14 0.0
15 1.07532
16 0.902603
17 0.866022
18 0.864718
19 1.321328
20 4.052867
21 3.862615
22 3.673018
23 1.403212
0 1.435125
1 1.74566
2 1.70914
3 1.616733
4 1.273127
5 1.203185
6 1.422398
7 2.048813
8 2.821398
9 1.958153
10 1.148812
11 1.035162
12 0.970557
13 0.988027
14 1.017742
15 0.987157
16 0.957912
17 0.913887
18 0.967837
19 1.82596
20 3.15633
21 2.157493
22 1.216607
23 1.10935
0 1.042238
1 1.038228
2 0.997492
3 0.96971
4 0.981418
5 1.012378
6 1.177243
7 1.120953
8 1.297383
9 1.246607
10 1.108838
11 1.276747
12 0.0
