0 26.835483
1 21.157317
2 25.132933
3 16.38665
4 10.94354
5 10.356277
6 18.731883
7 19.693983
8 15.211475
9 7.857872
10 8.183572
11 0.0
12 12.231915
13 19.71215
14 11.908525
15 14.1779
16 17.218433
17 10.164973
18 15.684495
19 14.004317
20 23.599933
21 26.592333
22 23.1959
23 10.962538
0 8.838163
1 11.84555
2 13.185983
3 11.527303
4 16.782633
5 27.60365
6 24.54665
7 23.940567
8 19.4565
9 14.313733
10 13.863808
11 13.887082
12 19.9669
13 22.1462
14 23.306783
15 24.614983
16 20.349717
17 20.382983
18 19.765017
19 23.725583
20 22.051117
21 32.08425
22 49.685067
23 25.580417
0 28.68515
1 42.4673
2 0.0
3 0.0
4 0.0
5 0.0
6 0.0
7 0.0
8 0.0
9 30.058017
10 36.45975
11 38.5978
12 28.4214
13 23.870183
14 23.63785
15 18.950217
16 15.036983
17 0.0
18 0.0
19 0.0
20 0.0
21 0.0
22 0.0
23 0.0
0 12.701305
1 15.844117
2 25.944235
3 16.423465
4 15.630767
5 15.176672
6 23.7855
7 26.523233
8 33.376383
9 31.49465
10 16.939017
11 10.398673
12 15.74978
13 11.293802
14 17.615532
15 10.417083
16 14.386447
17 11.195548
18 13.017048
19 14.40665
20 26.22575
21 40.9216
22 0.0
23 0.0
0 28.911683
1 41.7041
2 23.734083
3 28.3692
4 33.585367
5 31.902283
6 22.035467
7 38.26075
8 43.057383
9 44.260333
10 30.106683
11 36.02585
12 48.73275
13 34.283267
14 0.0
15 15.818022
16 14.076003
17 12.052605
18 12.987132
19 21.863
20 37.857917
21 49.7824
22 46.752717
23 35.95505
0 24.910667
1 24.6504
2 36.891317
3 40.90225
4 46.8563
5 32.600867
6 24.976817
7 29.08055
8 50.948017
9 38.907817
10 28.639067
11 19.6028
12 14.141588
13 7.235212
14 12.74072
15 12.092818
16 16.5374
17 21.402867
18 14.360135
19 24.37955
20 33.861267
21 44.925883
22 32.39855
23 16.174178
0 22.7175
1 27.018417
2 29.767
3 22.637467
4 18.13135
5 23.770683
6 27.4749
7 27.365667
8 23.804467
9 21.027267
10 21.6729
11 22.066983
12 0.0
