0 0.019850812000000002
1 0.043606583
2 0.040198033
3 0.014817235
4 0.012606363
5 0.016725373
6 0.023765032999999998
7 0.0132817
8 0.010199807
9 0.009324493
10 0.010508163
11 0.0
12 0.021594017
13 0.024192283
14 0.014064402
15 0.012113833
16 0.011447616999999998
17 0.0109463
18 0.009233668
19 0.009240938
20 0.009558195
21 0.009935522
22 0.008771397
23 0.008621047000000001
0 0.008553437
1 0.008860653
2 0.010224652
3 0.018796887999999998
4 0.031426667
5 0.024906983
6 0.035937016999999995
7 0.022425550000000002
8 0.013180083
9 0.010448582
10 0.01031674
11 0.011507923
12 0.022868233
13 0.026702167
14 0.025863116999999998
15 0.016192699999999997
16 0.012397833
17 0.010867708
18 0.009796972000000001
19 0.009802398
20 0.009540975
21 0.010363198
22 0.010031212999999999
23 0.009519080000000001
0 0.013873237
1 0.018425664999999997
2 0.0
3 0.0
4 0.0
5 0.0
6 0.0
7 0.0
8 0.0
9 0.011819267
10 0.013571467
11 0.0157051
12 0.013913283
13 0.013501200000000001
14 0.011681267
15 0.010821657
16 0.00999032
17 0.0
18 0.0
19 0.0
20 0.0
21 0.0
22 0.0
23 0.0
0 0.009262797000000001
1 0.011409655000000001
2 0.017346338
3 0.0139183
4 0.01090757
5 0.021865383000000002
6 0.01263725
7 0.011839233
8 0.011493399999999999
9 0.015630678
10 0.010100844999999999
11 0.013969623
12 0.023102217
13 0.012633018
14 0.009753667
15 0.009896848
16 0.011583952
17 0.013860867
18 0.012517257
19 0.010467095000000001
20 0.010982978
21 0.0114329
22 0.0
23 0.0
0 0.014120312
1 0.010379418
2 0.012537633
3 0.018646
4 0.013982083
5 0.012018712
6 0.010767343
7 0.029369317
8 0.012243067
9 0.01514765
10 0.021928667000000002
11 0.038910967
12 0.039184983
13 0.022696017000000002
14 0.0
15 0.012411635
16 0.015222283
17 0.015212533
18 0.0128837
19 0.011464
20 0.012041
21 0.011139633
22 0.011330923
23 0.010163705
0 0.011213132999999998
1 0.010058942999999999
2 0.012124967
3 0.013413233
4 0.01802935
5 0.020023682999999997
6 0.01671135
7 0.012203317
8 0.011721917
9 0.015790517
10 0.013918767
11 0.011505702
12 0.008941743
13 0.008927493
14 0.009124038000000001
15 0.01052926
16 0.012403283
17 0.013684799999999999
18 0.0137824
19 0.013238666999999999
20 0.012437832999999999
21 0.012093396999999999
22 0.009547872999999998
23 0.016624052
0 0.012935058
1 0.01930505
2 0.017211432999999998
3 0.019462098
4 0.025135067
5 0.011004350000000001
6 0.010766605
7 0.018084283
8 0.011981017
9 0.009834540000000001
10 0.010460983
11 0.010994262000000001
12 0.0
