0 0.0
1 0.0
2 0.0
3 0.0
4 0.0
5 0.0
6 0.0
7 0.0
8 0.0
9 0.017938889866348364
10 0.026635093101960782
11 0.0
12 0.0
13 0.0
14 0.06115666869456068
15 0.06501591693927126
16 0.06895316361752987
17 0.06996572601976285
18 0.06422516981889763
19 0.056610829575585976
20 0.040156689360784315
21 0.029730573345098044
22 0.030747377521568628
23 0.030386076796078437
0 0.02922291483529412
1 0.029225572450980394
2 0.032450146090196086
3 0.03198812540568335
4 0.025515140376654942
5 0.02323661917503696
6 0.021452426805362655
7 0.01923434754509804
8 0.017780844556862747
9 0.020185649439215688
10 0.025013749263267104
11 0.032141284756862745
12 0.044864167803921565
13 0.05787961997647058
14 0.07316876871372549
15 0.07863557769411765
16 0.07841796021568627
17 0.07697682037254903
18 0.07345195904705884
19 0.06903988004318638
20 0.052147927329411765
21 0.0348173830117647
22 0.027844813564705882
23 0.026494489298039218
0 0.021389311250980397
1 0.019140779909803916
2 0.0
3 0.0
4 0.0
5 0.0
6 0.0
7 0.0
8 0.0
9 0.0
10 0.0
11 0.053526302428571426
12 0.07341243446666668
13 0.08871098029032257
14 0.09338922928571429
15 0.08853502466929133
16 0.08305518169803923
17 0.0
18 0.0
19 0.0
20 0.0
21 0.0
22 0.0
23 0.0
0 0.0
1 0.0
2 0.01805289257142857
3 0.018789314133333335
4 0.016140394838709677
5 0.01464819834920635
6 0.013907865322834646
7 0.014163546869156924
8 0.013866183225019958
9 0.01596486351912388
10 0.027263249792156864
11 0.036773449737254896
12 0.05113569313333334
13 0.05843608523137255
14 0.05984993300784314
15 0.06313911216078431
16 0.0644715532
17 0.06385353706946936
18 0.06171026281618361
19 0.05036364315688501
20 0.033050993141176474
21 0.02515678026666666
22 0.0
23 0.0
0 0.0
1 0.0
2 0.01659302270995671
3 0.015467814909465019
4 0.015593082911646586
5 0.015345358285714287
6 0.015118607653543307
7 0.015653296061529095
8 0.015867206481039623
9 0.016034674183238028
10 0.021578984632788973
11 0.03606970424313726
12 0.04992059554901961
13 0.06282842829803922
14 0.0
15 0.0
16 0.0
17 0.07825488359414226
18 0.07539914827125506
19 0.058143304298804786
20 0.03753045286166008
21 0.02707846205511811
22 0.022836193164705882
23 0.02214877357647059
0 0.02038662012156863
1 0.020273459411764703
2 0.02016898009803922
3 0.019526234675443316
4 0.02022644093222495
5 0.019780380532995034
6 0.019119726049730806
7 0.018584621388846423
8 0.01853967314397137
9 0.018607826366874303
10 0.026840652686274512
11 0.037366201474509794
12 0.046229417011764695
13 0.052431762427450984
14 0.05793898833333334
15 0.06394920020784314
16 0.06876143768235295
17 0.07404206253333334
18 0.07439118955506442
19 0.06769265006390307
20 0.043767632964705885
21 0.033341572466666664
22 0.030305096850980394
23 0.02581271796470588
0 0.02363465489411765
1 0.021179698325490194
2 0.021120470466666666
3 0.01892604358511433
4 0.016258507124975872
5 0.015393908267231334
6 0.015568818638007626
7 0.015642763095122587
8 0.015316185450598227
9 0.018370512944306906
10 0.0247544462
11 0.03583388267058823
12 0.0
