0 0.0
1 0.0
2 0.0
3 0.0
4 0.0
5 0.0
6 0.0
7 0.0
8 0.0
9 1.010597900122142
10 1.0017347223067563
11 0.0
12 0.0
13 0.0
14 0.9999352092050208
15 1.0138272226720648
16 1.0318249083665338
17 1.0020304782608698
18 1.01067131496063
19 1.0924611260509258
20 1.6499523215686271
21 2.114853258823529
22 1.6288080117647057
23 1.360039250980392
0 1.1700654509803923
1 1.103392
2 1.0219073921568629
3 0.9620526666666667
4 0.9421830431372548
5 0.9605672860123019
6 0.9430135256409683
7 0.9842764265394243
8 1.0642117188158888
9 1.0633727413036889
10 1.0552121314042202
11 1.0658671076101551
12 1.0584376502661976
13 1.0605580111369415
14 1.0746488553129192
15 1.0673215686440523
16 1.0491929937658502
17 1.0447792117570693
18 1.0350987372358313
19 1.0333604094900448
20 1.1472831824820775
21 2.0911513058823528
22 2.2162924941176474
23 1.9542732705882357
0 1.9371232235294116
1 1.8947807490196076
2 0.0
3 0.0
4 0.0
5 0.0
6 0.0
7 0.0
8 0.0
9 0.0
10 0.0
11 1.6097438571428573
12 1.4456031333333332
13 1.382041258064516
14 1.2920606825396825
15 1.1988823858267716
16 1.0786128901960788
17 0.0
18 0.0
19 0.0
20 0.0
21 0.0
22 0.0
23 0.0
0 0.0
1 0.0
2 1.317083142857143
3 1.1570745333333332
4 1.097171806451613
5 1.0985890476190474
6 1.2268414960629923
7 1.4762596543332542
8 2.136784031372549
9 1.9282427568627454
10 1.5339346705882353
11 1.2969410862745097
12 1.1995233647058825
13 1.1921262431372548
14 1.1306947725490197
15 1.0996498274509805
16 1.0031809958389406
17 0.9831002728943263
18 0.947493008306964
19 1.0490957261434728
20 2.092236698039216
21 2.772599137254902
22 0.0
23 0.0
0 0.0
1 0.0
2 1.3512952554112554
3 1.3114817736625515
4 1.2499213975903616
5 1.196702142857143
6 1.2215527165354332
7 1.3370239321971218
8 2.391273494117647
9 2.8791694627450983
10 2.209515725490196
11 1.7600174352941176
12 1.5184580039215687
13 1.3328428274509805
14 0.0
15 0.0
16 0.0
17 0.9266607656903766
18 0.8933210850202429
19 1.1107567609561753
20 2.5989274822134387
21 3.2386040157480314
22 3.4566627999999997
23 2.4305803254901956
0 1.9338968235294116
1 1.8415031921568625
2 1.776977325490196
3 1.697434388235294
4 1.4798302235294116
5 1.3362930431372548
6 1.4081771838565469
7 1.6640881785315065
8 2.269986509803922
9 2.114486407843138
10 1.6305505215686276
11 1.3317159254901958
12 1.1505431882352941
13 1.0688632156862743
14 1.0425091647058824
15 1.0127514039215686
16 0.9816778078431374
17 0.9770931192410489
18 0.9731296459583464
19 1.3923292847718394
20 2.2788238862745094
21 2.2204515137254903
22 1.7189191882352943
23 1.4143741882352943
0 1.2284714392156861
1 1.1335935254901959
2 1.0656009098039216
3 1.0159765333333335
4 0.9944327333333333
5 1.0190020542736746
6 1.0475518151992174
7 1.061041605701864
8 1.1353365609004786
9 1.1691192114235651
10 1.1569292123137087
11 1.1942582326707585
12 0.0
