0 0.0
1 0.0
2 0.0
3 0.0
4 0.0
5 0.0
6 0.0
7 0.0
8 0.0
9 0.0
10 0.0
11 0.0
12 0.0
13 0.0
14 13.914682764782501
15 14.05025950138644
16 15.660275052096255
17 12.890960111493968
18 14.292832872027457
19 14.147596493026672
20 18.87941101931068
21 22.740045025164914
22 22.969861640937953
23 16.964733724786324
0 12.901033984859584
1 12.372331479609276
2 12.779313217582418
3 12.152984470573871
4 14.467755524053725
5 21.037832026617824
6 22.793323083516484
7 23.368158259096457
8 21.411823215873017
9 17.861278889377292
10 15.861403995115994
11 14.874600084737482
12 17.42210886251527
13 19.78541214188034
14 21.54733332185592
15 23.06874246134826
16 21.715792748100906
17 21.09461731578705
18 20.511752535099486
19 21.915373085311263
20 21.975818473131216
21 27.073723449084245
22 38.3837690046398
23 31.98352075995116
0 30.335399879365077
1 36.403831148473756
2 0.0
3 0.0
4 0.0
5 0.0
6 0.0
7 0.0
8 0.0
9 0.0
10 0.0
11 36.76788482129914
12 32.31863734756573
13 27.956865967741933
14 25.763080079365082
15 22.329826244094487
16 18.669104929411763
17 0.0
18 0.0
19 0.0
20 0.0
21 0.0
22 0.0
23 0.0
0 0.0
1 0.0
2 21.162604246166712
3 18.63600935355376
4 17.085370032258066
5 16.115872619047618
6 19.98088169291339
7 23.264885486274505
8 28.330528076320938
9 29.91413552981427
10 23.423406963849537
11 16.909449660317456
12 16.329987049328448
13 13.81133893064713
14 15.712418529670328
15 13.064017384859584
16 13.72508026080586
17 12.459828034676434
18 12.737123188034188
19 13.57040715775336
20 19.89720548571428
21 30.410553774603176
22 0.0
23 0.0
0 0.0
1 0.0
2 29.639451208030174
3 28.97538169997438
4 31.338108472118027
5 31.626099752903386
6 26.803620914271672
7 32.55194294538331
8 37.8144287190022
9 41.040151686217015
10 35.57074673522227
11 35.798353935775346
12 42.26797212258852
13 38.27471347667887
14 0.0
15 0.0
16 0.0
17 14.837964793696276
18 13.881548279304262
19 17.933600753411067
20 27.973580517597835
21 38.92144002329003
22 42.84677954538781
23 39.39753690442435
0 32.14765242584901
1 28.396934112359553
2 32.645162721367505
3 36.77676914798535
4 41.82053705225886
5 37.21321097142856
6 31.096477927716723
7 30.089395227594625
8 40.520304416605605
9 39.71273292039072
10 34.17368828131868
11 26.88624752893773
12 20.51260285860806
13 13.871781032722835
14 13.303301725518924
15 12.69454222759463
16 14.612269172405373
17 18.00620080903541
18 16.181871606349205
19 20.28013681050061
20 27.06861561098901
21 35.99798411208791
22 34.19872608937728
23 25.186033409523805
0 23.952813824664226
1 25.488030944078147
2 27.62959438290598
3 25.13481819438339
4 21.63327871868132
5 22.702269969963364
6 25.090186299389504
7 26.228291254945056
8 25.01515119096459
9 23.018291071550667
10 22.4946675188367
11 22.479083577724033
12 0.0
