0 0.0
1 0.0
2 0.0
3 0.0
4 0.0
5 0.0
6 0.0
7 0.0
8 0.0
9 0.01139466125098039
10 0.010893196694117648
11 0.0
12 0.0
13 0.0
14 0.01755063892050209
15 0.014741826417004047
16 0.013070958705179282
17 0.012003436644268773
18 0.010610591173228344
19 0.009923078992156865
20 0.00971703734509804
21 0.009941928511187314
22 0.00958566926741848
23 0.009287318666083535
0 0.00906138272952857
1 0.009001454657817492
2 0.009237692129045615
3 0.014173562678431369
4 0.02284299419607843
5 0.023904344403921574
6 0.029973946623529413
7 0.02622681596470588
8 0.0197125213372549
9 0.015083665254901958
10 0.012700383192156864
11 0.012089861007843136
12 0.017462265760784315
13 0.022085736349019607
14 0.023954673929411762
15 0.020061465690196078
16 0.016228115521568623
17 0.013548733576470589
18 0.01167183363529412
19 0.010733771650980394
20 0.010111241447058824
21 0.010205182529411763
22 0.010139893741606204
23 0.009995115691847039
0 0.011183106815279197
1 0.015007034678431744
2 0.0
3 0.0
4 0.0
5 0.0
6 0.0
7 0.0
8 0.0
9 0.0
10 0.0
11 0.014540371571428571
12 0.014205924333333333
13 0.013842195645161292
14 0.012744581095238097
15 0.011775548480314962
16 0.011362078381462103
17 0.0
18 0.0
19 0.0
20 0.0
21 0.0
22 0.0
23 0.0
0 0.0
1 0.0
2 0.014495351285714286
3 0.0141875906
4 0.012494676741935483
5 0.017254400555555556
6 0.014927647519685042
7 0.013377384545098039
8 0.012439766003921571
9 0.014043498517647059
10 0.01205796490980392
11 0.013013894588235294
12 0.018081966866666663
13 0.015339389756862745
14 0.012540874294117646
15 0.011215052549019607
16 0.01139967982745098
17 0.012626803196078432
18 0.012576768160784315
19 0.011515063878431374
20 0.011408961325314132
21 0.01139330757724963
22 0.0
23 0.0
0 0.0
1 0.0
2 0.012117378402597401
3 0.015559718757201645
4 0.014757915518072288
5 0.0133731713015873
6 0.012059997984251968
7 0.02074859733333333
8 0.01649215129411765
9 0.01582925012156863
10 0.018897372352941182
11 0.028943904905882355
12 0.03411386140392157
13 0.028425875094117647
14 0.0
15 0.0
16 0.0
17 0.015718248221757325
18 0.014236760846153846
19 0.01277361147808765
20 0.01235076580632411
21 0.011720066496062994
22 0.01199474636340715
23 0.011249781156491362
0 0.011183448610569737
1 0.010914825616716887
2 0.01115157041986387
3 0.01177670410347845
4 0.014815716909187301
5 0.01761699885552098
6 0.017177208398310242
7 0.014706096076417288
8 0.01322205725987506
9 0.014547268885224257
10 0.014297094534971447
11 0.013092536489382965
12 0.010882320921568628
13 0.010033011720702109
14 0.009685220383623306
15 0.010044389274258216
16 0.011072758081231586
17 0.011918346566166313
18 0.012558737081318803
19 0.012817768587237972
20 0.012723321295325657
21 0.012538351140172902
22 0.011625517750930313
23 0.013569866340476765
0 0.013302366587155126
1 0.01635444700392157
2 0.016789663596078433
3 0.018138083603921572
4 0.021661471839215685
5 0.016330775533333335
6 0.013551079937254903
7 0.015820544666666665
8 0.013898910164705881
9 0.011848155454901962
10 0.011141333050980392
11 0.011051193925490197
12 0.0
