0 0.0
1 0.0
2 0.0
3 0.0
4 0.0
5 0.0
6 0.0
7 0.0
8 0.0
9 0.0
10 0.0
11 0.0
12 0.0
13 0.0
14 55.84729564053138
15 48.39926502974539
16 45.62600923964276
17 45.57334204331775
18 46.59761291419465
19 41.151835666992895
20 52.88683257614275
21 64.52616507085267
22 100.64894388568638
23 85.85199290598291
0 71.5165054884005
1 58.37442822832723
2 49.473767791208786
3 42.17279321367523
4 37.820374242002444
5 41.22932135799756
6 45.99212812283271
7 45.394720695482306
8 48.661364029059825
9 58.64284671526251
10 59.08066370378511
11 59.34497528302808
12 61.00420682954824
13 60.724368471550655
14 64.06933538144077
15 72.97523943858367
16 66.89636872146014
17 60.166504192747674
18 55.83074846361797
19 56.42540495654605
20 60.295867044515916
21 69.81725627779606
22 121.32830087789986
23 123.24173480390719
0 101.10983408083031
1 118.3399295863248
2 0.0
3 0.0
4 0.0
5 0.0
6 0.0
7 0.0
8 0.0
9 0.0
10 0.0
11 98.41213973236688
12 87.98516917964072
13 78.40583235483871
14 74.54588804761904
15 69.50135863779528
16 61.519843023529404
17 0.0
18 0.0
19 0.0
20 0.0
21 0.0
22 0.0
23 0.0
0 0.0
1 0.0
2 69.48941547365487
3 56.522682329341315
4 47.7082725483871
5 46.306136396825394
6 49.13977248031496
7 54.081188647058816
8 75.42206722700587
9 120.59081021407628
10 109.06596924328286
11 84.13221377899877
12 67.17399345665447
13 60.299506325518934
14 52.9155311868132
15 46.19566209133088
16 46.11511055115995
17 44.56586953479853
18 45.12932349352868
19 43.4106008920635
20 0.0
21 0.0
22 0.0
23 0.0
0 0.0
1 0.0
2 0.0
3 0.0
4 0.0
5 0.0
6 0.0
7 0.0
8 0.0
9 0.0
10 0.0
11 0.0
12 0.0
13 0.0
14 0.0
15 0.0
16 0.0
17 46.43952171428572
18 46.1231992
19 44.92056735483871
20 73.8793140952381
21 151.74683051968506
22 160.7200504
23 175.74002759295502
0 138.47542258064522
1 115.78093849926724
2 114.7342552117216
3 109.71920986251524
4 106.16083682173382
5 97.98849128424908
6 79.158554989011
7 73.00675116141636
8 110.65122657802202
9 146.8250714493284
10 142.84419736092795
11 107.45126589255189
12 86.29694620634922
13 71.7168570083028
14 55.96004968669109
15 49.04538733821734
16 51.04057803809524
17 59.956500516971914
18 56.81854766373627
19 59.93922775750916
20 74.41758081221002
21 125.02562347472531
22 135.85743263296703
23 102.16518360976801
0 83.00722434676432
1 68.37493027863249
2 61.81639217045178
3 56.662655519658124
4 51.27351981123321
5 51.09966003199023
6 50.69327404713065
7 58.248571866910865
8 61.544889295482285
9 71.07714478608058
10 71.95413888673991
11 72.46311166770978
12 0.0
