0 0.026713117
1 0.02286
2 0.024382517
3 0.018320616999999997
4 0.022017817000000002
5 0.024446717
6 0.02152175
7 0.023350417000000002
8 0.02464605
9 0.01970345
10 0.01180622
11 0.0
12 0.011269425
13 0.011112967
14 0.009873378
15 0.009822431999999999
16 0.012188157
17 0.01072619
18 0.010861915
19 0.022197803000000002
20 0.044468067
21 0.048694317
22 0.020981517
23 0.020095732999999998
0 0.018226883
1 0.017174967
2 0.013785167
3 0.0166828
4 0.024052367
5 0.0230121
6 0.02163305
7 0.022919217
8 0.023866433
9 0.019369167
10 0.015878417000000002
11 0.015408583
12 0.01308165
13 0.013278667000000001
14 0.013959733
15 0.012250313
16 0.010581522
17 0.011670772
18 0.01213115
19 0.017479033
20 0.030055733
21 0.049694767
22 0.045187016999999996
23 0.036992817000000004
0 0.040729017
1 0.038536783
2 0.0
3 0.0
4 0.0
5 0.0
6 0.0
7 0.0
8 0.0
9 0.035110383
10 0.034967117
11 0.023602150000000002
12 0.018680183
13 0.01811895
14 0.015643767
15 0.011913159999999999
16 0.010253502
17 0.0
18 0.0
19 0.0
20 0.0
21 0.0
22 0.0
23 0.0
0 0.031851983
1 0.032985183
2 0.023022583
3 0.0209619
4 0.025537517000000003
5 0.02436385
6 0.02387325
7 0.024226949999999997
8 0.026841733000000003
9 0.025662783
10 0.015221767
11 0.014574933
12 0.014936116999999999
13 0.013309
14 0.010685650000000001
15 0.010554492
16 0.009919003
17 0.010061917
18 0.011380936999999999
19 0.025494817
20 0.044054133
21 0.045661267000000005
22 0.0
23 0.0
0 0.031877533
1 0.027920417
2 0.03137295
3 0.028336583000000002
4 0.025561933
5 0.023910467
6 0.0233581
7 0.022287183
8 0.025976233
9 0.031513767
10 0.032500999999999995
11 0.035263367000000004
12 0.035194267
13 0.02189895
14 0.0
15 0.011931063
16 0.011278273
17 0.011739368
18 0.012815792
19 0.0364267
20 0.059491267
21 0.05517235
22 0.052346
23 0.038871167
0 0.040570067
1 0.0388412
2 0.036779133
3 0.035500917
4 0.030967949999999998
5 0.028449982999999998
6 0.026785533
7 0.026576433
8 0.0297073
9 0.030873933
10 0.018801333
11 0.012780393
12 0.009506347
13 0.009645707
14 0.009789637
15 0.009437818
16 0.01026991
17 0.010404425
18 0.012823067
19 0.030779883
20 0.056013866999999995
21 0.043723367000000006
22 0.022154833
23 0.024587133
0 0.02082255
1 0.021898633
2 0.020001867
3 0.025054783
4 0.026066317000000002
5 0.024810467
6 0.024604533
7 0.022631917
8 0.0241403
9 0.019291350000000002
10 0.016310033
11 0.012085233
12 0.0
