0 0.012054183
1 0.012069683
2 0.008998682000000001
3 0.008525485
4 0.008534380000000001
5 0.009293985
6 0.009291448
7 0.010651608
8 0.0125546
9 0.010327617
10 0.009676092
11 0.009784443
12 0.00904095
13 0.008458242999999999
14 0.008072992
15 0.007556948
16 0.007523582
17 0.0077851629999999995
18 0.008077260000000001
19 0.008586647
20 0.008490623
21 0.009434015
22 0.009304727
23 0.011088516999999999
0 0.010195025
1 0.010136998
2 0.01090605
3 0.011006433
4 0.011060582999999999
5 0.010508183
6 0.010412616999999999
7 0.011110267
8 0.012909200000000001
9 0.012412167
10 0.012315117
11 0.011890633
12 0.011603133
13 0.01107285
14 0.010664400000000001
15 0.010707633
16 0.010177007
17 0.00993473
18 0.010420517
19 0.010781517
20 0.011580667
21 0.011405483000000001
22 0.010779433
23 0.012451767
0 0.012081967
1 0.01226125
2 0.011342283
3 0.0111183
4 0.010895033
5 0.010736017
6 0.01100305
7 0.010880083
8 0.011574333
9 0.012505383
10 0.012110666999999999
11 0.01132935
12 0.011759750000000001
13 0.011390217
14 0.0104056
15 0.010668367
16 0.010095698
17 0.009305077
18 0.008709237
19 0.008798075
20 0.010063417
21 0.011557733
22 0.012359317000000002
23 0.012678817
0 0.010584712
1 0.010160618
2 0.011577400000000002
3 0.011577883
4 0.011182333
5 0.011104900000000001
6 0.011003933
7 0.011480917
8 0.013419067
9 0.01474855
10 0.0145561
11 0.014760317
12 0.013726067
13 0.011530817
14 0.010595783000000001
15 0.009765017
16 0.009460067
17 0.010025013
18 0.010595117
19 0.012843249999999999
20 0.01461995
21 0.015250966999999999
22 0.01403425
23 0.01425355
0 0.014617416999999999
1 0.013762482999999999
2 0.01187435
3 0.010667617
4 0.010359622999999998
5 0.010899367
6 0.010853683
7 0.012157033
8 0.02051795
9 0.020328617
10 0.016045999999999998
11 0.013064083
12 0.011809933
13 0.010656767000000001
14 0.01013718
15 0.009322113
16 0.008661327
17 0.008332928000000002
18 0.008392462
19 0.009040927
20 0.011273512999999999
21 0.012370250000000001
22 0.012602833
23 0.012903933000000001
0 0.011652767000000001
1 0.011260167
2 0.011023833
3 0.011421433
4 0.011108499999999999
5 0.010544933000000001
6 0.011984116999999999
7 0.0163566
8 0.019286466999999998
9 0.01948985
10 0.015996733
11 0.014496467
12 0.0120061
13 0.010169572
14 0.009295142999999999
15 0.008858466999999998
16 0.008511332
17 0.008399779999999999
18 0.008536948
19 0.008613437
20 0.011973174999999999
21 0.013318733
22 0.010738982999999999
23 0.011812033
0 0.012178133
1 0.015481249999999998
2 0.012585283000000001
3 0.011532583
4 0.011432183
5 0.01150645
6 0.011647733
7 0.013807600000000001
8 0.014594917
9 0.015016433
10 0.015349267
11 0.014848983
12 0.0
