0 49.9396
1 79.06505
2 74.0507
3 26.32005
4 35.327967
5 38.5658
6 56.959983
7 49.833467
8 66.257233
9 72.86495
10 50.5511
11 51.93205
12 40.856383
13 31.0633
14 25.788867
15 29.827317
16 26.18755
17 27.648517
18 30.462733
19 37.051233
20 42.718983
21 88.5337
22 90.716733
23 71.95955
0 89.5894
1 60.62
2 65.926367
3 63.420517
4 59.146667
5 56.010083
6 45.000783
7 41.827917
8 46.607983
9 87.37115
10 93.53205
11 93.510967
12 71.6659
13 47.52625
14 40.616983
15 41.880117
16 38.57835
17 40.5976
18 38.7842
19 36.687433
20 43.728083
21 62.1914
22 53.149167
23 80.379217
0 64.6562
1 85.9787
2 69.882667
3 70.892083
4 71.5892
5 45.904967
6 47.7724
7 55.439383
8 42.510717
9 51.271917
10 63.766083
11 49.7071
12 55.9764
13 44.845717
14 41.9832
15 41.408033
16 38.571533
17 34.593917
18 36.216883
19 37.592283
20 43.01885
21 54.859133
22 83.635567
23 90.48585
0 81.999
1 70.733533
2 73.105433
3 57.844583
4 49.908683
5 43.163383
6 41.198567
7 32.424717
8 39.650917
9 102.959617
10 94.283267
11 72.606983
12 65.056883
13 54.42995
14 40.073217
15 33.8785
16 28.754783
17 0.0
18 33.690179
19 30.26835
20 35.809733
21 78.81715
22 118.165733
23 94.2844
0 92.767717
1 84.774133
2 63.717067
3 61.5475
4 38.057583
5 36.986883
6 33.5433
7 37.025483
8 64.43265
9 136.212033
10 121.1455
11 85.8927
12 63.431
13 57.62115
14 45.534733
15 38.114567
16 33.175567
17 27.01285
18 29.20405
19 26.059517
20 46.546133
21 76.720117
22 125.77425
23 123.559667
0 84.8597
1 70.988167
2 72.450133
3 67.660283
4 66.81225
5 64.02855
6 53.620117
7 57.248867
8 112.33345
9 116.715833
10 129.813333
11 114.967167
12 102.162333
13 76.490117
14 43.110267
15 42.60035
16 35.31695
17 34.761983
18 31.235733
19 29.1695
20 38.019283
21 93.53265
22 124.823517
23 65.21305
0 84.1162
1 88.613633
2 61.58855
3 50.815583
4 49.5006
5 43.320383
6 36.26515
7 43.040417
8 79.48225
9 109.0936
10 94.557167
11 109.8907
12 0.0
