0 0.0048389620000000005
1 0.006296737
2 0.020895116999999998
3 0.019144133
4 0.018116605
5 0.0051405900000000004
6 0.007210473
7 0.004620912
8 0.004166788
9 0.013379222
10 0.019660597
11 0.027072417
12 0.040676867
13 0.04274515
14 0.045008400000000004
15 0.04186935
16 0.04269465
17 0.04415305
18 0.0414779
19 0.034289133
20 0.012302875
21 0.0077583570000000004
22 0.010069882
23 0.00500171
0 0.009698842000000001
1 0.006086485
2 0.0045951
3 0.004138498
4 0.004992231999999999
5 0.008526103
6 0.004475753
7 0.004408375
8 0.004866278
9 0.009372602
10 0.015967333
11 0.031422183
12 0.04153835
13 0.055825083
14 0.06080095
15 0.064623217
16 0.06621681700000001
17 0.060461567
18 0.04949995
19 0.034784933000000004
20 0.011820935000000001
21 0.033493144999999995
22 0.014642443
23 0.012731065
0 0.006314739999999999
1 0.01486703
2 0.007659806999999999
3 0.006756987999999999
4 0.007522293
5 0.005934312000000001
6 0.006750853
7 0.00702384
8 0.006214638
9 0.00865577
10 0.024844283
11 0.0449334
12 0.058267667
13 0.06540354999999999
14 0.064011033
15 0.06483504999999999
16 0.0648147
17 0.0634175
18 0.054430767000000005
19 0.0386702
20 0.019113922
21 0.00968715
22 0.005788172
23 0.009295210000000002
0 0.021341699999999998
1 0.007575178
2 0.0051875179999999995
3 0.011382365
4 0.010015088
5 0.00793072
6 0.011017387
7 0.00496314
8 0.004328243
9 0.008174885
10 0.016578154999999997
11 0.033986367
12 0.045437649999999996
13 0.04650845000000001
14 0.04951765
15 0.052721317
16 0.053220017
17 0.050211317
18 0.045375700000000005
19 0.026577165
20 0.010405742
21 0.005336283
22 0.005201768000000001
23 0.005177308
0 0.004883790000000001
1 0.009792457000000001
2 0.005191223
3 0.012388603
4 0.009197677000000001
5 0.00789253
6 0.007275432
7 0.005087917
8 0.00481581
9 0.006139217999999999
10 0.016079055000000002
11 0.035218183
12 0.04662955
13 0.061416117
14 0.059764667
15 0.056603166999999996
16 0.056892117
17 0.058643533
18 0.052034332999999995
19 0.040090850000000004
20 0.009697533
21 0.004989292
22 0.006409923
23 0.006400205
0 0.015169518
1 0.008797352999999999
2 0.0064361800000000005
3 0.004235068
4 0.007689597
5 0.010041432000000001
6 0.004798428
7 0.0045923579999999995
8 0.0045136099999999995
9 0.006593647
10 0.014051225
11 0.026018017
12 0.047229433
13 0.052302583
14 0.056711183
15 0.06056565
16 0.055647717
17 0.0601464
18 0.060719233000000004
19 0.042125132999999995
20 0.009961449999999998
21 0.008273127
22 0.021039553000000003
23 0.004367897
0 0.0063893529999999995
1 0.013086843
2 0.012376672
3 0.011999886999999999
4 0.016675825
5 0.015760658
6 0.0112753
7 0.004751488
8 0.004353597
9 0.008659957999999999
10 0.015847217
11 0.0315593
12 0.0
