0 35.710867
1 56.329683
2 33.775733
3 23.815817
4 24.7846
5 35.242217
6 41.5271
7 27.99755
8 34.077783
9 17.5792
10 19.5238
11 24.385583
12 10.791227
13 10.49324
14 15.526532
15 6.761695
16 16.617518
17 12.973045
18 26.257283
19 45.795
20 42.862567
21 51.889767
22 37.2006
23 42.439267
0 40.392817
1 42.420517
2 34.583017
3 33.121567
4 38.584383
5 29.605217
6 33.767183
7 31.796933
8 39.947983
9 42.255533
10 33.864567
11 45.6055
12 25.18625
13 18.091767
14 12.563222
15 13.944322
16 18.285117
17 23.265617
18 42.0106
19 40.01045
20 41.327333
21 40.91855
22 41.7719
23 48.878975
0 50.353233
1 47.785017
2 45.622833
3 43.741167
4 39.139267
5 34.008533
6 33.376467
7 36.745717
8 26.674
9 20.337133
10 29.103767
11 44.1892
12 24.744317
13 14.393297
14 10.643095
15 7.925388
16 13.941198
17 24.129817
18 30.17835
19 50.715583
20 40.939
21 45.060917
22 54.657033
23 53.924267
0 42.42985
1 36.143167
2 41.9003
3 31.716867
4 34.186
5 33.721567
6 29.10465
7 28.489717
8 37.7363
9 36.75325
10 33.774467
11 27.60105
12 16.292008
13 9.343933
14 6.903153
15 6.954262
16 11.551762
17 14.581088
18 30.205767
19 42.085683
20 53.611233
21 61.048133
22 56.98126
23 58.64295
0 45.344317
1 39.507017
2 38.6698
3 34.9672
4 27.942433
5 37.403917
6 27.236983
7 32.39255
8 53.81665
9 36.2111
10 32.067917
11 32.736167
12 13.76681
13 12.585533
14 9.93314
15 7.786168
16 11.4011
17 22.036083
18 28.24315
19 32.967328
20 40.567167
21 59.647217
22 68.15865
23 54.643233
0 42.30635
1 35.0277
2 44.628383
3 43.32655
4 44.869133
5 55.59295
6 42.919867
7 42.365783
8 48.327883
9 40.66145
10 44.1915
11 44.6785
12 33.8992
13 16.461342
14 12.344337
15 6.091433
16 16.588492
17 28.269417
18 29.269683
19 42.913067
20 43.170567
21 64.5826
22 41.68985
23 44.85845
0 46.3361
1 32.498217
2 41.3718
3 34.410117
4 33.736083
5 26.6342
6 34.97715
7 52.282017
8 62.403867
9 31.988167
10 38.316933
11 60.548583
12 0.0
