0 0.0
1 0.0
2 0.0
3 0.0
4 0.0
5 0.0
6 0.0
7 0.0
8 0.0
9 0.0
10 0.0
11 0.0
12 0.0
13 39.47120929035408
14 32.624145369474974
15 31.226159422466424
16 28.70573866520147
17 28.175794831013423
18 29.316028598046394
19 33.18207008669109
20 37.94765252014653
21 63.242589416361426
22 76.98456543687423
23 74.47450307863247
0 82.03790184664226
1 71.3325598
2 68.6343641936508
3 66.0315423306471
4 62.593128977533574
5 59.30506893943833
6 52.154701067399266
7 46.991892267399265
8 46.80041248107448
9 67.08563929304029
10 80.3091883970696
11 86.91270912918192
12 79.2871161030525
13 63.4050843030525
14 52.007943372649564
15 46.94140010085469
16 42.75736365641026
17 41.67559996214896
18 40.22914093553113
19 38.45765931404151
20 41.092519520879115
21 51.6388853098901
22 52.38909540000001
23 66.3825528117216
0 65.51852052063494
1 75.75330530915751
2 72.82155949816848
3 71.86036361367522
4 71.72881243565323
5 58.81753774798535
6 53.29606633431014
7 54.456970996925506
8 48.440217000732595
9 49.85473373015872
10 56.8117046918193
11 53.255657276678875
12 54.61496883369963
13 50.517899902467335
14 46.93316421141949
15 44.526081773569345
16 42.349146318075185
17 38.36800433468129
18 37.38045537111011
19 37.47205313163369
20 40.009792835633554
21 46.80424313935945
22 65.5761090891331
23 78.03595863492062
0 80.02065668009766
1 75.38025574554335
2 74.24664440122102
3 66.0476206053724
4 57.979536070085466
5 50.57250586788768
6 45.88614469816849
7 39.15479988864469
8 39.402447219291815
9 71.18690518461538
10 82.73638617777777
11 77.66950157704517
12 71.36112365396824
13 62.89354615750916
14 51.47934834114774
15 42.67599790891332
16 35.71280756068377
17 0.0
18 0.0
19 0.0
20 34.041928300859595
21 57.14885928031257
22 88.14463952691642
23 91.24136565961112
0 92.01093167737193
1 88.3891618705652
2 76.04394252994376
3 68.7955595394576
4 53.4239533927699
5 45.203411228083034
6 39.373337680097684
7 38.20023538681319
8 51.31993755506715
9 93.7729931997558
10 107.45961042979239
11 96.6751305873016
12 80.04948327692308
13 68.83200125592184
14 57.18114706275946
15 47.644995867399274
16 40.409685338949934
17 33.71004983882784
18 31.4565200964591
19 28.756679602442002
20 37.64922235531135
21 57.17740570744811
22 91.47639302466423
23 107.52262915360194
0 96.19378102368742
1 83.59260612625152
2 78.02465593675214
3 72.84607700390723
4 69.83327054505497
5 66.93542989401706
6 60.28075465177044
7 58.768619049328464
8 85.55906716410256
9 101.14233356385837
10 115.47832645445666
11 115.22169758192918
12 108.69412794456657
13 92.59279426105007
14 67.84794822930401
15 55.22108929377289
16 45.26517406691086
17 40.010005082051286
18 35.62013590500611
19 32.391389458363854
20 35.19626246031746
21 64.36162556068375
22 94.591962023199
23 79.89643102783884
0 82.00411207887669
1 85.3103528222222
2 73.45170761172162
3 62.1346483868132
4 55.81935601880341
5 49.570914491086704
6 42.918646337973136
7 42.98122530964589
8 61.236800288156296
9 85.16710013797315
10 89.85843804395606
11 99.8800241684982
12 0.0
