0 0.0
1 0.0
2 0.0
3 0.0
4 0.0
5 0.0
6 0.0
7 0.0
8 0.0
9 0.00947147499215686
10 0.014563615368627452
11 0.020833561839215687
12 0.030799450227450984
13 0.03684603454509804
14 0.041001330854901964
15 0.04150837658039216
16 0.04217705811764705
17 0.04322539489803922
18 0.04238940085843312
19 0.04042165165206695
20 0.025273767301960785
21 0.01644746059607843
22 0.013190164400000001
23 0.009023647709803921
0 0.009296547192156864
1 0.00761687577254902
2 0.006033668670588236
3 0.005026964443137255
4 0.004995263627450981
5 0.0067621886980392155
6 0.00560800196862745
7 0.0050070250823529405
8 0.004927175925490195
9 0.007156332329411765
10 0.011584131160784316
11 0.021556654501960783
12 0.031619161305882354
13 0.043814865250980384
14 0.05241834918823529
15 0.0586388514117647
16 0.06254812938039216
17 0.06160502263137256
18 0.055618236545098024
19 0.04586281092160957
20 0.028456287258823532
21 0.03093092801568627
22 0.02269617863137255
23 0.017611872498039215
0 0.01184585119607843
1 0.013267039545098041
2 0.01038138377647059
3 0.008514229133333332
4 0.008009832356862746
5 0.006918035250980392
6 0.006818970419607843
7 0.00691021457254902
8 0.006562230007843138
9 0.0073020038131428105
10 0.01625424708235294
11 0.03066867925098039
12 0.044567673858823535
13 0.05510221827843136
14 0.05966890050196078
15 0.06236533056470587
16 0.06370491736470589
17 0.06366858462352941
18 0.060352064177556494
19 0.05113477896186937
20 0.033918520690196075
21 0.021693587501960786
22 0.013626717278431373
23 0.011352061992156862
0 0.01626163981960784
1 0.011808914160784311
2 0.008401660690196077
3 0.009838507286274509
4 0.009908956792156863
5 0.008916394415686278
6 0.009977144070588235
7 0.007461647780392157
8 0.005861585670588234
9 0.007019411231372549
10 0.011821117698039212
11 0.02294806392156863
12 0.03426231296470588
13 0.040461024090196085
14 0.04506482775686274
15 0.0489867158627451
16 0.05119923265490197
17 0.05078769920392156
18 0.04854244492570792
19 0.037343137341176474
20 0.023805749654901964
21 0.014490286588235294
22 0.00975913340784314
23 0.007374997156862745
0 0.006034616662745099
1 0.007834284164705881
2 0.006433960490196079
3 0.00938346103529412
4 0.0092882002627451
5 0.008595377380392157
6 0.007939470698039216
7 0.006513518572549021
8 0.005664530992156863
9 0.005894711282352941
10 0.011008231831372553
11 0.023157971298039218
12 0.03496715647843137
13 0.04829658494901961
14 0.05413354604313727
15 0.055469366815686275
16 0.056282852313725484
17 0.05756614229411765
18 0.05511231373638874
19 0.05003174144971313
20 0.028521524952941177
21 0.016644767643137253
22 0.01142272817647059
23 0.008813029407843136
0 0.01190946468627451
1 0.010255671235294115
2 0.008256517474509803
3 0.00617548728235294
4 0.0069286050117647055
5 0.008494924662745101
6 0.006643516537254903
7 0.005614392470588236
8 0.0050431072980392155
9 0.005814056156862743
10 0.009947572039215685
11 0.018025506184313728
12 0.032704998682352944
13 0.04258665584313727
14 0.0497507091372549
15 0.05526793112156862
16 0.055558087015686285
17 0.05795724890588236
18 0.059429746850980396
19 0.05320364122604407
20 0.03031216177647059
21 0.019206312121568626
22 0.020052988188235293
23 0.012100250921568629
0 0.009148216933333333
1 0.011025256325490198
2 0.011606174827450981
3 0.011743961803921569
4 0.014223058843137255
5 0.015006539854901961
6 0.013121774333333332
7 0.008937383305882353
8 0.006641498474509804
9 0.007642048070588235
10 0.011751437525490198
11 0.021693720552941175
12 0.0
