0 0.021199833
1 0.017502517000000002
2 0.025923683
3 0.015279715
4 0.01300215
5 0.012263782
6 0.01445906
7 0.021606817
8 0.027975533
9 0.033105016999999994
10 0.0346736
11 0.02251745
12 0.019654917
13 0.018161200000000002
14 0.013340814999999999
15 0.014455293
16 0.013109793
17 0.013388292
18 0.012801135
19 0.015243158
20 0.039744533
21 0.043832217
22 0.034967867
23 0.037832183
0 0.035833399999999994
1 0.029917817
2 0.027943083
3 0.02842905
4 0.022708267
5 0.018920517
6 0.01883805
7 0.018300280000000002
8 0.02601455
9 0.025354583
10 0.033595117
11 0.047790133
12 0.024594349999999997
13 0.020022433
14 0.017681967
15 0.015192705
16 0.014769932000000001
17 0.013896896999999998
18 0.014513352
19 0.02022844
20 0.040394799999999995
21 0.02646285
22 0.026360382999999998
23 0.027007266999999998
0 0.02340045
1 0.041912883
2 0.030636216999999997
3 0.0285249
4 0.02284265
5 0.016605743
6 0.020105617
7 0.016661166999999998
8 0.022170943000000002
9 0.018238483
10 0.022267867
11 0.023124638
12 0.015163833
13 0.014419257999999999
14 0.013720187
15 0.012553553
16 0.012474992
17 0.012178426999999999
18 0.013173220000000001
19 0.016259523
20 0.027620967
21 0.028874717
22 0.029273017
23 0.021530983
0 0.032215767
1 0.03462345
2 0.018017183
3 0.01328134
4 0.014497204999999999
5 0.012390980000000001
6 0.014405277
7 0.023134933
8 0.031672917
9 0.0
10 0.0
11 0.033945783
12 0.032235883
13 0.023757683
14 0.015460198
15 0.012990353000000001
16 0.014710138000000001
17 0.01332905
18 0.012607513
19 0.025672
20 0.044
21 0.042133000000000004
22 0.034204
23 0.02969
0 0.037674633
1 0.037368317
2 0.024783383
3 0.018672135
4 0.016139765
5 0.014530003000000001
6 0.014439233
7 0.02079653
8 0.0279113
9 0.0
10 0.0
11 0.034598199999999996
12 0.027408467000000002
13 0.019364350000000002
14 0.016748897
15 0.012425667999999999
16 0.012090407000000001
17 0.011590244999999999
18 0.012842342
19 0.023518149999999998
20 0.052340266999999996
21 0.049953383000000004
22 0.039834632999999994
23 0.039639533
0 0.023983767
1 0.020566092999999997
2 0.044457817
3 0.023463750000000002
4 0.015003230000000001
5 0.0145237
6 0.018683554999999998
7 0.027573550000000002
8 0.035030317
9 0.0354409
10 0.032246766999999996
11 0.033225250000000005
12 0.0
13 0.0
14 0.0
15 0.0
16 0.0
17 0.0
18 0.0
19 0.0
20 0.0
21 0.0
22 0.0
23 0.0
0 0.0
1 0.0
2 0.0
3 0.0
4 0.0
5 0.0
6 0.0
7 0.0
8 0.0
9 0.0
10 0.0
11 0.0
12 0.0
