0 0.0
1 0.0
2 0.0
3 0.0
4 0.0
5 0.0
6 0.0
7 0.0
8 0.0
9 0.0
10 0.0
11 0.0
12 0.0
13 13.791901753113553
14 14.656988646886449
15 10.707259513064713
16 13.661391554822954
17 13.314499208791212
18 19.784026657875458
19 32.79168639975579
20 37.82819932307692
21 44.863172485958486
22 41.03404458241758
23 41.738860148229556
0 41.069452931868135
1 41.74888329035409
2 38.16827694432233
3 35.64814051575092
4 37.118943914774114
5 33.41374443415411
6 33.89417153789528
7 32.986332124922455
8 35.974587854967034
9 37.65613596214272
10 36.49595034020094
11 39.73352306680585
12 33.712640690852986
13 25.611029378998783
14 19.084437069841268
15 16.512037990964586
16 17.396098952625152
17 20.330083910378505
18 31.171348477411474
19 35.59190211013432
20 38.45978597387056
21 39.68900474114775
22 40.731417856898666
23 44.80559612014652
0 47.58248745177045
1 47.687377775335776
2 46.65914197020757
3 45.20379268351649
4 42.17407613601954
5 40.32858571936627
6 37.85574392566552
7 37.47351885973862
8 31.81423018338131
9 25.89345981489622
10 27.49706662686203
11 35.842560691330895
12 30.290311993894996
13 22.337727363858363
14 16.486140151648353
15 12.201390964835165
16 13.068217795115995
17 18.5978112051282
18 24.38769011208791
19 37.55334227838828
20 39.2479128974359
21 42.15743372576311
22 48.41035341978022
23 51.16849886275946
0 46.801333837118456
1 41.47490608034188
2 41.69141954871794
3 36.70704821684982
4 35.448996001221
5 34.96124432649213
6 32.141199872863524
7 30.333307128994658
8 33.87690834409462
9 35.252370110913006
10 34.533843062924475
11 31.987301180884646
12 23.68147694334554
13 16.50943278192918
14 11.702019735042738
15 9.32511735042735
16 10.435676031990234
17 12.506044961172162
18 21.35604042710623
19 31.722521782661786
20 42.66881572258853
21 51.86144076947497
22 54.42418393699632
23 56.53735718827837
0 50.94438438461539
1 45.22938360854701
2 41.953470515750915
3 38.46375564102564
4 33.20509562344323
5 35.30729298192919
6 31.271775502075702
7 31.830979218315015
8 42.823839690598284
9 39.514437240537255
10 35.7881351980464
11 34.2944602299304
12 24.009043321367518
13 18.294001044200243
14 14.110061772405372
15 10.944796078876678
16 11.170928340659342
17 16.601629255921857
18 22.422512481074484
19 27.69499042100122
20 34.129460947008546
21 46.891200526251524
22 57.52933194603174
23 56.08895732844932
0 49.20113834554335
1 42.11715936410257
2 43.37700747545789
3 43.3561182227106
4 44.11671206227106
5 49.85892832869353
6 46.391189693284495
7 44.44477334061331
8 46.33357840403939
9 43.573304376376086
10 44.12283406783512
11 44.313901807807476
12 40.23217085243486
13 27.76791205641026
14 20.052182642246642
15 13.06726140879121
16 14.824423634676434
17 21.54358411062271
18 25.404966866178267
19 34.159083756532354
20 38.66419566935288
21 51.6263186100122
22 46.65777885323565
23 45.75813639853481
0 46.04863674627594
1 39.27538497753358
2 40.327136745543335
3 37.37208458754579
4 35.55617751672772
5 31.0949890981685
6 33.03676643150183
7 42.66053566568987
8 52.53454972112331
9 42.25737857631258
10 40.28674395457875
11 50.41957924444444
12 0.0
