0 0.0
1 0.0
2 0.0
3 0.0
4 0.0
5 0.0
6 0.0
7 0.0
8 0.0
9 0.010527023519866497
10 0.010264232673241946
11 0.010129655302484235
12 0.009844201974326401
13 0.009336768709502057
14 0.008830134788479336
15 0.008243727839709034
16 0.00817103777207719
17 0.008069835314960284
18 0.008020115931191087
19 0.008105520640796018
20 0.008118479400189435
21 0.008459539977690495
22 0.00867948893600307
23 0.00963937517954845
0 0.009808851621389865
1 0.009911101228954368
2 0.010186946015107787
3 0.010454916226605167
4 0.010589807989735618
5 0.010633004129939918
6 0.010661416486929474
7 0.010702409474625016
8 0.011311162199869912
9 0.011591157990581774
10 0.011790654377078543
11 0.011847317631972592
12 0.011822997948211702
13 0.011701760867154408
14 0.01153959803687903
15 0.011375531896481196
16 0.011023948514823202
17 0.010688891865858561
18 0.010592266125854254
19 0.010577112351748304
20 0.01071917849488221
21 0.010836346956635297
22 0.010835044847507455
23 0.011268161989659927
0 0.011508323777416769
1 0.011698083147498463
2 0.011671945990813877
3 0.011618431166215809
4 0.011478843203079384
5 0.011334023914823367
6 0.011301967336577522
7 0.011161734825010147
8 0.011179723274935185
9 0.011378291932560618
10 0.011527428069997443
11 0.011511903430324816
12 0.011598190511464225
13 0.011605633792600229
14 0.011378572780871702
15 0.011248714909159184
16 0.01093545735091011
17 0.010400803367155615
18 0.009829763412066787
19 0.009496802093237238
20 0.009621543150319021
21 0.010095788642646358
22 0.010848475233885376
23 0.011490257369862152
0 0.01121472741960906
1 0.010898668885870813
2 0.011157102083408582
3 0.011330009577475106
4 0.011346141327131066
5 0.011279791535975262
6 0.011169821626031716
7 0.011147645423923573
8 0.01182318055863917
9 0.012705269613669625
10 0.013255527855987074
11 0.013725557281227723
12 0.013793970343799348
13 0.013229448914170628
14 0.012460024135413758
15 0.011400064176255543
16 0.010601508458436687
17 0.010344790969991663
18 0.010392999233073042
19 0.011168217110585748
20 0.0124435650011674
21 0.013616028455265586
22 0.013804085956920651
23 0.014012940828948146
0 0.014228115662211122
1 0.014103622496047324
2 0.013613832183126699
3 0.01257804256485128
4 0.01174768581247153
5 0.011503433525746593
6 0.011251198043746063
7 0.01147354099675996
8 0.015990321489156654
9 0.018151976796069905
10 0.017118079181344354
11 0.015115999842437172
12 0.013598733823249023
13 0.012160138177766565
14 0.011095728286274508
15 0.01020336197647059
16 0.009409096207843137
17 0.008894318432614491
18 0.008865860904923424
19 0.008965177133711722
20 0.009589207090389885
21 0.010585496966933715
22 0.011330061067602077
23 0.011967120451097215
0 0.011888811302407388
1 0.01169758632591729
2 0.011530425098316168
3 0.011692748759837715
4 0.011598100801896254
5 0.011282734047446636
6 0.011382877414082924
7 0.013181075122706092
8 0.016240476113063663
9 0.017784521069718673
10 0.016980894560653468
11 0.015851100131785523
12 0.01408947482247108
13 0.012165908480384784
14 0.010657381890196079
15 0.009743222223529411
16 0.009106149396078428
17 0.008784109237242701
18 0.008719507194134977
19 0.008753893466315514
20 0.009715723723995253
21 0.011190647271745012
22 0.011037525127173604
23 0.011351573946633003
0 0.011691608855440733
1 0.013485113755277448
2 0.013091450327713073
3 0.01250880751595564
4 0.01216962470041976
5 0.011935030826293245
6 0.011922613055034571
7 0.012466254945278372
8 0.013084316032929323
9 0.013498328050785095
10 0.014087220025642444
11 0.014370147372623487
12 0.0
