0 0.0
1 0.0
2 0.0
3 0.0
4 0.0
5 0.0
6 0.0
7 0.0
8 0.0
9 0.0
10 0.0
11 0.0
12 0.0
13 0.0
14 0.0
15 0.0
16 0.0
17 0.0
18 0.0
19 0.0
20 0.0
21 0.0
22 0.0
23 0.0
0 0.0
1 0.0
2 0.0
3 0.0
4 0.0
5 0.0
6 0.0
7 0.0
8 0.0
9 0.0
10 0.0
11 0.0
12 0.0
13 0.0
14 0.0
15 0.0
16 0.0
17 0.0
18 0.0
19 0.0
20 0.0
21 0.0
22 0.0
23 0.0
0 0.0
1 0.0
2 0.0
3 0.0
4 0.0
5 0.0
6 0.0
7 0.0
8 0.0
9 0.0
10 0.0
11 0.0
12 0.0
13 0.0
14 0.0
15 0.0
16 0.0
17 0.0
18 0.0
19 0.0
20 0.0
21 0.0
22 0.0
23 0.0
0 0.0
1 0.0
2 0.0
3 0.0
4 0.0
5 0.0
6 0.0
7 0.0
8 0.0
9 0.0
10 0.0
11 0.0
12 0.0
13 0.0
14 0.039476
15 0.035497999999999995
16 0.037414
17 0.042267000000000006
18 0.030956
19 0.015667999999999998
20 0.006196500000000001
21 0.0028712
22 0.0036192000000000004
23 0.0023059
0 0.00544
1 0.007841
2 0.009130300000000001
3 0.0089189
4 0.008003
5 0.0045189
6 0.0046318
7 0.0014048
8 0.0024827
9 0.0039761
10 0.0072587
11 0.012246
12 0.017293
13 0.024381
14 0.02916
15 0.030369
16 0.02417
17 0.022955
18 0.023832
19 0.017859000000000003
20 0.0064892000000000005
21 0.0012541
22 0.0014098
23 0.0022892
0 0.0031053
1 0.0097018
2 0.012587999999999998
3 0.011617
4 0.011333
5 0.0092879
6 0.0087203
7 0.0045148
8 0.001421
9 0.0046552
10 0.009225899999999999
11 0.013327
12 0.01778
13 0.025855
14 0.038542
15 0.041526
16 0.039433
17 0.032887
18 0.028206
19 0.020071000000000002
20 0.0048084
21 0.0047246
22 0.0033694000000000003
23 0.0020718
0 0.0035666
1 0.007689
2 0.0084048
3 0.008936999999999999
4 0.009850300000000001
5 0.012535000000000001
6 0.008704700000000001
7 0.0050467
8 0.0013819
9 0.004804999999999999
10 0.0086163
11 0.012433
12 0.018460999999999998
