0 64.581
1 63.044
2 65.331
3 68.648
4 61.019
5 58.595
6 60.823
7 54.659
8 80.772
9 89.74
10 83.463
11 80.921
12 70.986
13 59.239
14 45.09
15 35.224
16 27.579
17 29.399
18 34.237
19 36.108
20 63.808
21 141.89
22 105.76
23 43.395
0 55.535
1 80.957
2 89.19
3 78.531
4 87.88
5 130.22
6 79.926
7 70.946
8 69.25
9 84.416
10 160.06
11 128.96
12 130.92
13 153.51
14 96.842
15 61.577
16 55.321
17 52.514
18 32.215
19 45.099
20 94.499
21 178.3
22 179.43
23 109.59
0 86.452
1 73.986
2 80.035
3 62.051
4 64.577
5 66.64
6 59.057
7 65.387
8 57.073
9 77.928
10 56.637
11 53.713
12 39.123
13 39.327
14 28.606
15 31.821
16 34.139
17 27.055
18 33.117
19 30.033
20 33.431
21 83.995
22 136.55
23 130.13
0 110.65
1 86.153
2 77.202
3 73.671
4 53.399
5 67.842
6 77.246
7 53.886
8 68.149
9 91.906
10 97.554
11 82.115
12 87.935
13 88.944
14 154.01
15 93.301
16 58.259
17 57.915
18 54.434
19 69.473
20 130.19
21 157.66
22 145.79
23 109.58
0 108.07
1 83.141
2 66.001
3 56.941
4 65.202
5 92.424
6 56.394
7 73.692
8 162.11
9 208.07
10 197.01
11 67.055
12 33.547
13 34.403
14 35.895
15 41.302
16 28.704
17 28.647
18 37.707
19 43.489
20 50.488
21 118.77
22 147.53
23 84.823
0 72.333
1 111.11
2 155.88
3 190.75
4 124.95
5 53.972
6 47.625
7 56.032
8 83.656
9 120.98
10 97.426
11 53.858
12 44.981
13 48.635
14 68.764
15 80.461
16 64.778
17 52.702
18 43.057
19 50.559
20 86.805
21 138.57
22 98.986
23 136.74
0 122.59
1 85.376
2 77.097
3 75.479
4 75.58
5 42.402
6 32.546
7 34.125
8 49.906
9 94.925
10 70.348
11 38.3
12 29.108
