0 0.0050774999999999995
1 0.0050649
2 0.004930100000000001
3 0.0050983999999999995
4 0.0053119
5 0.005138200000000001
6 0.0050854
7 0.0053270999999999995
8 0.0059154
9 0.0064814
10 0.0059842
11 0.0063504
12 0.016341
13 0.016276
14 0.011536
15 0.0098432
16 0.010326
17 0.008721099999999999
18 0.0058017
19 0.0054062
20 0.0065148
21 0.008280099999999999
22 0.021023
23 0.010215
0 0.0068311000000000005
1 0.0067967
2 0.0074779
3 0.0071622000000000005
4 0.0057877
5 0.0076942
6 0.0077265
7 0.007093899999999999
8 0.0064484
9 0.010226
10 0.010169000000000001
11 0.0088076
12 0.019416
13 0.027280000000000002
14 0.015517
15 0.01182
16 0.01042
17 0.007995
18 0.0083371
19 0.0068052
20 0.007547
21 0.0090666
22 0.011359999999999999
23 0.0093725
0 0.0077869
1 0.0073422999999999995
2 0.0067116
3 0.0062903
4 0.0062487
5 0.0059242
6 0.0058826
7 0.0057099
8 0.0059991
9 0.0060248
10 0.0061512
11 0.0067367
12 0.005607999999999999
13 0.0052981999999999994
14 0.0050072
15 0.0049442
16 0.0050449
17 0.0050753000000000005
18 0.0051146
19 0.005
20 0.0052345
21 0.005835600000000001
22 0.006549
23 0.0075743
0 0.0069578
1 0.0061326
2 0.0058091
3 0.005542200000000001
4 0.0051892
5 0.0059372
6 0.006069499999999999
7 0.0056522
8 0.006808799999999999
9 0.007342
10 0.0065910000000000005
11 0.0099245
12 0.0
13 0.0
14 0.022449999999999998
15 0.0099055
16 0.010558
17 0.0077859999999999995
18 0.0063149
19 0.0062701
20 0.0068051000000000006
21 0.0079149
22 0.008644
23 0.0076758
0 0.0074288
1 0.0074075
2 0.0065945
3 0.0055129
4 0.0062058999999999994
5 0.0059955
6 0.0070149999999999995
7 0.0070090000000000005
8 0.01068
9 0.014445
10 0.014224
11 0.0080206
12 0.0057465
13 0.0060279999999999995
14 0.0061585
15 0.0058003
16 0.005376000000000001
17 0.0051790000000000004
18 0.0051923
19 0.0049308
20 0.0052088
21 0.0062461
22 0.007321500000000001
23 0.0059911
0 0.0067684
1 0.0062542
2 0.005713
3 0.006445
4 0.0060325
5 0.0055731
6 0.005178
7 0.0051809000000000004
8 0.0074131
9 0.0086507
10 0.0067849
11 0.0054463
12 0.0048741
13 0.0047477
14 0.0048421
15 0.0049851999999999995
16 0.0052534
17 0.0056435
18 0.0061635
19 0.0075258
20 0.0065861
21 0.0071821
22 0.0070007
23 0.0074388
0 0.0069998
1 0.0067278
2 0.0068212
3 0.0067465
4 0.0069345
5 0.0052652
6 0.0052214
7 0.0053651
8 0.006959
9 0.0073452000000000005
10 0.0057502000000000004
11 0.0050568
12 0.0048236
