0 0.0
1 0.0
2 0.0
3 0.0
4 0.0
5 0.0
6 0.0
7 0.0
8 0.0
9 0.0
10 0.0
11 0.0
12 0.0
13 69.66099497237964
14 56.456403751124455
15 45.79634212454213
16 36.683588034188034
17 33.03772918192919
18 33.63411843711844
19 34.86879413919414
20 49.336325763125764
21 95.6195304029304
22 100.69248766788765
23 72.03916190476191
0 63.78519438339438
1 72.37374896214895
2 80.78725909645911
3 79.66441733821735
4 83.77957142857139
5 107.01209597069598
6 93.47462661782663
7 82.21456703296704
8 75.732947985348
9 80.06745641025641
10 120.07035824175823
11 124.52562661782662
12 127.7320178266178
13 140.62986764346763
14 118.73686813186812
15 90.154863980464
16 72.73395653235653
17 62.61449035409035
18 47.40891965811967
19 46.2508039072039
20 70.37798485958486
21 124.35045567765569
22 151.89259291819295
23 130.7389313797314
0 108.59003614163616
1 91.27830818070818
2 85.65460195360191
3 73.85285885225885
4 69.2160595848596
5 67.92975457875458
6 63.49665470085471
7 64.4443045177045
8 60.754082539682535
9 69.32878583638583
10 63.07354981280804
11 59.880585508522046
12 48.7225347985348
13 44.02053553113553
14 36.30698827838828
15 34.06030305250305
16 34.09593504273505
17 30.570634188034187
18 31.840649816849815
19 30.93250818070818
20 32.1788673992674
21 58.08767448107448
22 97.32859462759464
23 113.73862783882785
0 112.20304737484739
1 99.18374114774113
2 88.19880415140413
3 80.94001196581199
4 67.17185763125761
5 67.51190891330891
6 72.38434261294262
7 63.13808376068376
8 65.64778095238094
9 78.77785641025642
10 88.16116678876678
11 85.13222075702076
12 86.09840362090074
13 87.38729529170922
14 120.88325787545787
15 107.09452576312574
16 82.67735628815628
17 70.29496605616606
18 62.361697680097684
19 65.919252014652
20 98.06220122100123
21 127.86912918192917
22 136.8354542124542
23 123.21108058608057
0 115.64299877899879
1 99.39129084249085
2 82.6853995115995
3 69.8087601953602
4 67.50622783882784
5 79.96932747252748
6 68.18190305250306
7 70.93746666666667
8 116.52763076923078
9 162.30497045177043
10 179.66373919413923
11 123.3541772893773
12 78.44148937728937
13 56.416293772893766
14 46.15197094017094
15 43.72507594627595
16 36.21008156288157
17 32.4207536019536
18 35.06159511599511
19 39.27160976800977
20 44.866175824175826
21 81.80718437118438
22 114.66255067155065
23 99.74494481074484
0 86.04370818070815
1 98.58622002442002
2 127.24776019536021
3 159.0171277167277
4 141.99531550671546
5 97.98674993894993
6 72.80708595848597
7 64.42107448107447
8 74.04258705738705
9 97.51156336996338
10 97.46266398046397
11 75.65655115995116
12 60.3154358974359
13 54.46758974358975
14 61.60515799755798
15 71.0196126984127
16 67.89145934065935
17 60.29657460317462
18 51.67622954822956
19 51.11694652014652
20 68.96135775335775
21 103.76782661782661
22 101.3771037851038
23 119.0686717948718
0 120.83881196581197
1 103.11189206349209
2 90.10546349206349
3 82.79162344322343
4 79.18713064713064
5 60.79330769230769
6 46.66837045177046
7 40.39467863247864
8 45.14583394383394
9 70.0300879120879
10 70.18554725274724
11 54.23075409035408
12 41.657962881562874
