0 0.0
1 0.0
2 0.0
3 0.0
4 0.0
5 0.0
6 0.0
7 0.0
8 0.0
9 0.0
10 0.0
11 0.0
12 0.0
13 0.0
14 0.0
15 0.0
16 0.0
17 0.0
18 0.0
19 0.0
20 0.0
21 0.0
22 0.0
23 0.0
0 0.0
1 0.0
2 0.0
3 0.0
4 0.0
5 0.0
6 0.0
7 0.0
8 0.0
9 0.0
10 0.0
11 0.0
12 0.0
13 0.0
14 0.0
15 0.0
16 0.0
17 0.0
18 0.0
19 0.0
20 0.0
21 0.0
22 0.0
23 0.0
0 0.0
1 0.0
2 0.0
3 0.0
4 0.0
5 0.0
6 0.0
7 0.0
8 0.0
9 0.0
10 0.0
11 0.0
12 0.0
13 0.0
14 0.0
15 0.0
16 0.0
17 0.0
18 0.0
19 0.0
20 0.0
21 0.0
22 0.0
23 0.0
0 0.0
1 0.0
2 0.0
3 0.0
4 0.0
5 0.0
6 0.0
7 0.0
8 0.0
9 0.0
10 0.0
11 0.0
12 0.0
13 0.0
14 0.0
15 0.0
16 0.03716114285714286
17 0.03988426666666667
18 0.03527612903225807
19 0.025316444444444447
20 0.0156811968503937
21 0.009251080784313727
22 0.006364832941176471
23 0.004270283921568628
0 0.0047924478431372545
1 0.006249221960784314
2 0.007646965490196079
3 0.008269699215686276
4 0.008139891764705882
5 0.0063326266666666655
6 0.005484198823529413
7 0.003442732549019608
8 0.0029569176470588235
9 0.003458930588235295
10 0.005355145490196078
11 0.008807096470588235
12 0.013068263921568629
13 0.018763577254901968
14 0.0240098831372549
15 0.027246234117647056
16 0.025750641176470586
17 0.024390034117647064
18 0.024143513725490194
19 0.02152581144219853
20 0.013729547450980394
21 0.007446476862745099
22 0.004373726274509804
23 0.0032764047058823527
0 0.0031495490196078433
1 0.006399687843137255
2 0.0094717968627451
3 0.010532159215686274
4 0.010942077254901962
5 0.010130741176470587
6 0.009439854901960783
7 0.006981691372549019
8 0.004198043137254902
9 0.004416726274509804
10 0.006814720784313725
11 0.010074213333333332
12 0.013939747843137255
13 0.019929858431372547
14 0.029294403137254902
15 0.035482772549019624
16 0.03753241960784313
17 0.03526506627450981
18 0.03177274901960784
19 0.025935098039215686
20 0.015346314509803921
21 0.009994025098039216
22 0.006612746666666667
23 0.004264912156862746
0 0.003845429803921569
1 0.005717807058823528
2 0.007022477647058825
3 0.007957907450980392
4 0.008913989803921567
5 0.010739809411764705
6 0.009732716078431373
7 0.007395541176470588
8 0.004384436862745098
9 0.0045890635294117636
10 0.006603096470588236
11 0.009524903137254903
12 0.014009835294117645
