0 0.0
1 0.0
2 0.0
3 0.0
4 0.0
5 0.0
6 0.0
7 0.0
8 0.0
9 0.005684401457653881
10 0.005762656940576126
11 0.005934476656743282
12 0.011283180392156865
13 0.013801429019607844
14 0.012681362745098037
15 0.011271136470588234
16 0.010807216470588236
17 0.00976854980392157
18 0.00778476705882353
19 0.006593632156862744
20 0.006534949019607843
21 0.0073918462745098034
22 0.014226025098039217
23 0.012221241568627451
0 0.009519318039215683
1 0.008154235686274512
2 0.007819354509803922
3 0.007494220392156864
4 0.006639534509803921
5 0.007165718431372548
6 0.007373321546922627
7 0.007173693808941957
8 0.006981130360427017
9 0.008355681965988262
10 0.00915512939172994
11 0.009011893728711053
12 0.014278699607843138
13 0.020817753333333334
14 0.01818265215686275
15 0.01501059294117647
16 0.012723083921568628
17 0.010354667450980392
18 0.009342291764705883
19 0.00806981960784314
20 0.007785137254901962
21 0.008390156078431372
22 0.009632275163892241
23 0.009471673170686905
0 0.008778358010783447
1 0.008198156193734273
2 0.007571585292690775
3 0.006949325470323213
4 0.006624209664716551
5 0.006253091429525666
6 0.006184893768291787
7 0.006095533500406108
8 0.006058694757830354
9 0.006031371259214668
10 0.006019875449068581
11 0.006151888843307657
12 0.006035687972169445
13 0.005859380324314624
14 0.005599919495955921
15 0.005399255765543197
16 0.005281632643101194
17 0.00520351043272094
18 0.0051545017606719964
19 0.005102936103708901
20 0.005090980505431423
21 0.005237917847831592
22 0.005649192248949897
23 0.006428496187766707
0 0.006632713106255632
1 0.006476180812337928
2 0.006258288020362403
3 0.006052086577470133
4 0.005775726016365188
5 0.005828205202287446
6 0.0058964850790860805
7 0.00580121031636602
8 0.006039574095581604
9 0.006479002247941614
10 0.006527066703650959
11 0.008246865033244566
12 0.0
13 0.0
14 0.0
15 0.0
16 0.011965359307359306
17 0.00977339917695473
18 0.008001926506024095
19 0.007118453968253969
20 0.006960543307086614
21 0.007439592941176472
22 0.007895289431452197
23 0.007791917997447004
0 0.007569843624726523
1 0.00751663099162346
2 0.007269760065359814
3 0.0065790727158726425
4 0.0064377906158832165
5 0.006258013512292403
6 0.006523417564196578
7 0.006636828281089791
8 0.00867075485729159
9 0.011605552549019607
10 0.012929736078431371
11 0.010480085098039214
12 0.008112391764705882
13 0.007070259607843138
14 0.0066127003921568625
15 0.006204130196078432
16 0.005779665098039216
17 0.0054611639215686285
18 0.005435613413914695
19 0.005367159181998202
20 0.005313811835645369
21 0.005511391892450428
22 0.006153812634465721
23 0.006103434937381821
0 0.0063406581880782785
1 0.006327941167795247
2 0.006134656832286058
3 0.006260550581699849
4 0.006241890334379661
5 0.006055108035343612
6 0.005784547007638373
7 0.0056173995466637875
8 0.006116164437443806
9 0.007219196778652217
10 0.007052063491904234
11 0.006400736010224929
12 0.005712142291663093
13 0.005257971707474593
14 0.00506908203287009
15 0.005030503561473669
16 0.00512298240848315
17 0.005279341022869028
18 0.005452118708573683
19 0.006340579786184604
20 0.006447474114952586
21 0.006722331084090367
22 0.006824061656834623
23 0.007024136642225916
0 0.007019510686965484
1 0.00697814452272266
2 0.006998399603610356
3 0.006918211692251363
4 0.006950425055014004
5 0.006381094234156071
6 0.005996163565399141
7 0.005842063847970027
8 0.006125339599605325
9 0.006488723113869
10 0.006253585894648443
11 0.005856468325188458
12 0.0054584595895411986
