0 75.9067624
1 20.4230111
2 37.1088142
3 37.1088135
4 13.4239182
5 10.4157895
6 0.0
7 0.0
8 0.0
9 0.0
10 0.0
11 0.0
12 0.0
13 7.98962935
14 15.095019
15 47.7401039
16 48.7907067
17 65.7019124
18 61.2838806
19 88.1122164
20 65.5591606
21 34.944591
22 15.1800253
23 0.0
0 0.0
1 0.0
2 0.0
3 17.9539605
4 30.7212551
5 21.6181396
6 14.8550522
7 0.0
8 0.0
9 2.63878727
10 2.63878722
11 0.0
12 17.6880145
13 0.0
14 24.5769354
15 27.2971003
16 21.2999289
17 28.7643543
18 31.7176857
19 27.0028838
20 50.8148046
21 21.5457948
22 0.0
23 16.0736152
0 16.1677313
1 0.616797841
2 8.98555719
3 27.1764801
4 16.1731851
5 11.9109503
6 30.9164654
7 17.9162689
8 0.0
9 0.0
10 0.0
11 2.35260279
12 0.0
13 3.39834414
14 9.39286932
15 20.645552
16 19.4321593
17 24.7624393
18 43.4396095
19 36.1116232
20 34.39373
21 32.0997235
22 6.80155402
23 0.0
0 0.0
1 25.8591037
2 15.564197
3 20.4345849
4 21.7974622
5 15.9386846
6 0.0
7 0.0
8 0.0
9 0.0
10 0.0
11 0.0
12 0.0
13 16.6664865
14 0.958583984
15 4.37626247
16 9.20610647
17 35.1441647
18 39.013318
19 14.6208512
20 52.2483618
21 0.0
22 0.0
23 20.6020751
0 15.9657668
1 0.0
2 6.51041728
3 8.45657916
4 17.9851757
5 8.32778702
6 5.8704561
7 0.594114672
8 0.0
9 0.0
10 0.0
11 0.0
12 29.0478809
13 6.38994518
14 14.3628389
15 15.6925267
16 6.48874682
17 0.0
18 27.3102798
19 14.5236661
20 37.5188158
21 34.1846767
22 38.8080032
23 34.6789884
0 49.4986673
1 23.9255399
2 32.4057886
3 32.0720952
4 22.1578153
5 0.0
6 0.565578948
7 15.5884466
8 0.0
9 0.0
10 0.0
11 0.0
12 2.64356087
13 1.20333436
14 0.0
15 7.22634413
16 45.2731805
17 40.5645531
18 45.3562393
19 21.8365038
20 25.1237517
21 20.681862
22 24.3870329
23 12.6706421
0 0.0
1 11.0914297
2 16.0645642
3 0.0
4 0.0
5 12.8712029
6 44.1626986
7 29.5705547
8 0.0
9 0.0
10 0.0
11 0.0
12 18.2485577
