0 0.0
1 0.0
2 0.0
3 0.0
4 0.0
5 0.0
6 0.0
7 0.0
8 4.0111673000000004e-5
9 0.0
10 0.0
11 0.0
12 0.0
13 0.0
14 0.0
15 0.0
16 0.0
17 0.0
18 0.0
19 0.0
20 0.0
21 0.0
22 0.0
23 0.0
0 0.0
1 0.0
2 0.0
3 0.0
4 0.0
5 0.0
6 0.0
7 0.000325823516
8 0.0
9 0.0
10 0.0
11 0.0
12 0.0
13 0.0
14 6.9739827e-5
15 0.0
16 0.0
17 1.6933327e-5
18 7.317433700000001e-5
19 0.000113157451
20 8.567635e-5
21 3.6025332e-5
22 0.00012929388
23 0.000179927352
0 0.000113147605
1 6.512609e-6
2 0.0
3 0.0
4 0.0
5 0.0
6 0.0
7 0.000117605658
8 0.0
9 0.0
10 0.00026017284000000003
11 1.9262929e-5
12 6.0520916e-5
13 4.3457287999999995e-5
14 6.3424859e-5
15 0.0
16 1.5688499e-5
17 0.000152134828
18 3.0148627000000002e-5
19 0.0
20 0.00010549858700000001
21 0.00010365683500000001
22 0.00018375429300000002
23 8.800801599999999e-5
0 0.00011308157000000001
1 7.923188000000001e-5
2 0.0
3 0.0
4 0.0
5 1.8765211e-5
6 7.4604461e-5
7 0.000426764121
8 0.00012129962
9 8.6431192e-5
10 1.6893885e-5
11 0.0
12 3.716778e-5
13 8.5699084e-5
14 0.00011609924
15 0.000187943261
16 0.000219448012
17 0.000232163637
18 0.000245437652
19 0.000277318446
20 0.000202095619
21 0.000230470974
22 0.0
23 0.000128438537
0 3.153967e-6
1 2.5962701e-5
2 0.0
3 0.000126164058
4 9.405058000000001e-6
5 3.425498e-6
6 0.000183772418
7 0.00021742524
8 0.000202366556
9 0.0
10 0.0
11 5.3918771e-5
12 0.000125037484
13 7.5201214e-5
14 0.00015447264499999998
15 0.000371849791
16 0.000273979373
17 0.00036145927
18 0.000593943562
19 0.00031055366899999996
20 0.00023929450699999998
21 0.00025671989899999996
22 9.266124e-5
23 0.000137995176
0 1.4041154999999999e-5
1 3.4747382e-5
2 1.238067e-6
3 0.0
4 0.0
5 1.0774202e-5
6 0.000144127459
7 0.00030655476999999997
8 0.000472199735
9 0.00011912437600000001
10 5.122724e-5
11 0.000119917916
12 0.000193401127
13 7.665064400000001e-5
14 0.000159496637
15 0.000345728697
16 6.1750192e-5
17 0.000179085646
18 0.000149414292
19 0.000214933786
20 0.000196170268
21 0.000223699596
22 0.00012366572600000002
23 0.00021565309499999998
0 0.0001239848
1 6.694788599999999e-5
2 7.8490503e-5
3 0.0
4 0.0
5 0.000104968964
6 0.000111710315
7 0.00034721103399999997
8 0.000216088805
9 0.0
10 0.0
11 0.000248325852
12 0.000204665646
