0 0.00847518191
1 0.00890035896
2 0.008711728089999999
3 0.00871172839
4 0.00891612724
5 0.00543957681
6 0.0
7 0.0
8 0.00914531361
9 0.012195638799999999
10 0.0137417723
11 0.015117871900000001
12 0.016566214699999998
13 0.017396474699999998
14 0.0173920296
15 0.0156266554
16 0.0140207953
17 0.0121329415
18 0.0111376683
19 0.0109182781
20 0.012201438100000002
21 0.009343283919999999
22 0.0065435256500000006
23 0.00834964756
0 0.0
1 0.00721362876
2 0.00721362882
3 0.00816007788
4 0.0101966695
5 0.00884195179
6 0.00735353941
7 0.00829341942
8 0.0
9 0.014861518800000001
10 0.014861518800000001
11 0.0174028835
12 0.0179126598
13 0.0184351568
14 0.0188421277
15 0.0164520347
16 0.0154333387
17 0.0144948295
18 0.0136071617
19 0.0123599073
20 0.0129266509
21 0.0125228623
22 0.010833516
23 0.009806104749999999
0 0.010139772799999999
1 0.011080829
2 0.0110931544
3 0.011589899300000001
4 0.0117446693
5 0.0104351897
6 0.00907893037
7 0.00985621145
8 0.012101021299999999
9 0.015018295999999999
10 0.017375422499999998
11 0.0201041298
12 0.020645667700000002
13 0.020689607800000002
14 0.0206205174
15 0.0179598525
16 0.0174212355
17 0.0163197537
18 0.016053506
19 0.0149910605
20 0.015642649300000002
21 0.0156141159
22 0.014228231400000001
23 0.0131926916
0 0.0132144464
1 0.0132062737
2 0.0125237546
3 0.011921038
4 0.0110629789
5 0.008681870119999999
6 0.005974155900000001
7 0.00627299746
8 0.011980232300000001
9 0.016389886
10 0.0182586922
11 0.0184351694
12 0.0179240846
13 0.0179869338
14 0.0184330641
15 0.0159735281
16 0.0156833558
17 0.0158976648
18 0.0140266149
19 0.0126256634
20 0.0102159315
21 0.0118661931
22 0.013773524
23 0.0143228691
0 0.014134545
1 0.0133926447
2 0.012845444900000001
3 0.010797569100000001
4 0.0109237172
5 0.00890790145
6 0.00638409981
7 0.0050333934
8 0.00887717526
9 0.0130437629
10 0.0146616216
11 0.0149253769
12 0.0144696795
13 0.0154056506
14 0.0153088779
15 0.0149392341
16 0.0151049921
17 0.0121199606
18 0.00804248806
19 0.00996650541
20 0.013065588
21 0.013794782100000002
22 0.013501142700000001
23 0.013916451500000001
0 0.0131708276
1 0.0131985077
2 0.012861392499999999
3 0.0114900013
4 0.0100978554
5 0.00772520455
6 0.00555392181
7 0.00564888524
8 0.00935488776
9 0.0125229199
10 0.014242627499999999
11 0.0148034017
12 0.0153832406
13 0.0167483171
14 0.0168491073
15 0.016584386200000002
16 0.0158057963
17 0.014564048
18 0.0138770291
19 0.0127622432
20 0.0123285427
21 0.0118237399
22 0.0112397129
23 0.010805175
0 0.0106116135
1 0.00980365874
2 0.00978794091
3 0.009095140049999999
4 0.00831432833
5 0.006020049120000001
6 0.00544434301
7 0.00471086686
8 0.00805000956
9 0.013752894299999999
10 0.016848953000000003
11 0.0183388461
12 0.0196872373
