0 0.0
1 0.0
2 0.0
3 0.0
4 0.0
5 0.0
6 0.0
7 0.0
8 0.0
9 0.0
10 0.01246935092307359
11 0.013872188356460905
12 0.015267021298353412
13 0.016368147320793648
14 0.016884119492992122
15 0.01624437998041185
16 0.015468879874634363
17 0.014456533313920265
18 0.01308886156709342
19 0.012199080897088722
20 0.012159864527300371
21 0.010724940122863121
22 0.008556789338352943
23 0.00843894980635294
0 0.0
1 0.0
2 0.0
3 0.007786015156736402
4 0.009026323029068825
5 0.008931669646414344
6 0.008137967676996047
7 0.00821588887055118
8 0.0
9 0.0
10 0.0
11 0.01580718401205021
12 0.016909638093481782
13 0.01770366294442231
14 0.018300099902845854
15 0.01738848964409449
16 0.0168525432015814
17 0.016288655660915155
18 0.015418322147761869
19 0.014113890419417857
20 0.013644552052165474
21 0.013186451815692453
22 0.012287592811101594
23 0.011268292053613446
0 0.010932454688035465
1 0.011005264346210802
2 0.01100798595623455
3 0.011125565531502232
4 0.011218331525222435
5 0.010948363888226675
6 0.010488783147969956
7 0.010346867711967916
8 0.010813059572075163
9 0.012553336474734288
10 0.015066269167404113
11 0.01767583501560784
12 0.019178204295843135
13 0.019954012750078434
14 0.020309895637843137
15 0.01921549522414908
16 0.018758013498162043
17 0.018338266972637268
18 0.017747832740925343
19 0.016705539112765424
20 0.016299495094359007
21 0.016001436604776507
22 0.015521078584845365
23 0.014753323938843852
0 0.014399268161136524
1 0.014071804970358676
2 0.013577036296756639
3 0.013016142741700147
4 0.012256426095256236
5 0.010649217317187815
6 0.008069491339921568
7 0.007157676372235293
8 0.00956653430847059
9 0.012984452531294119
10 0.015632817341333333
11 0.017046766177333333
12 0.017498878537098042
13 0.01776115139145098
14 0.018121536977490197
15 0.017247876612175344
16 0.01717668607520195
17 0.016957985642823782
18 0.015948444305229625
19 0.014618175001234973
20 0.012308794261338907
21 0.012086985606022272
22 0.012854369834550398
23 0.013363344706893465
0 0.013622389748010682
1 0.013428806444876549
2 0.013237217221935181
3 0.01250003869351774
4 0.012180387699347544
5 0.010678208433334026
6 0.00826869263364706
7 0.006632828358588236
8 0.00774469324117647
9 0.010393543988627449
10 0.01253114392509804
11 0.013736354153333333
12 0.014109969693921568
13 0.014770550831568627
14 0.015057213930666669
15 0.014965660041411139
16 0.014891936255731288
17 0.014307641292305256
18 0.010956243678303388
19 0.010470048437309535
20 0.011706869172497645
21 0.012692872165564561
22 0.01305667525660825
23 0.013455564213603046
0 0.013268994962391416
1 0.013244978697687764
2 0.01312962759188581
3 0.012887496205714062
4 0.011928187068641235
5 0.009717379326670987
6 0.00748325393717647
7 0.00654985867435294
8 0.007944890982196078
9 0.010232580759137255
10 0.012240312433490195
11 0.013528353930274512
12 0.01446616076552941
13 0.015624931310313724
14 0.016259166727686278
15 0.016343172748465064
16 0.015950443502675205
17 0.015679383932205092
18 0.01534285536338272
19 0.014559096640860079
20 0.013819789250794015
21 0.013046230757075714
22 0.012317355229074367
23 0.011761464691498805
0 0.01143361201445134
1 0.010820779476059956
2 0.010576674284641355
3 0.010045346989270875
4 0.009399515590890917
5 0.007601651967309076
6 0.006458697695012398
7 0.005565613924941177
8 0.006802788989647059
9 0.010285585243960782
10 0.013581114243725491
11 0.015978105085686273
12 0.017854971014352943
