0 0.0
1 0.0
2 0.0
3 0.0
4 0.0
5 0.0
6 0.0
7 0.0
8 0.0
9 0.0
10 0.0
11 0.0
12 0.0
13 0.0
14 0.0
15 0.0
16 0.0
17 0.0
18 0.0
19 0.0
20 0.0
21 0.0
22 0.0
23 0.0
0 0.0
1 0.0
2 0.0
3 0.0
4 0.0
5 0.0
6 0.0
7 0.0
8 0.0
9 0.0
10 0.0
11 0.0
12 0.0
13 0.0
14 0.0
15 0.0
16 0.0
17 0.0
18 0.0
19 8.766726784210527e-5
20 8.661422038842976e-5
21 6.060868740160643e-5
22 9.547828693650794e-5
23 0.00013803529610236225
0 0.00012554265115686275
1 6.60071972980392e-5
2 0.0
3 0.0
4 0.0
5 0.0
6 0.0
7 0.0
8 0.0
9 0.0
10 0.0
11 0.0
12 7.796253603508772e-5
13 5.971182633057851e-5
14 6.16205338875502e-5
15 0.0
16 0.0
17 0.0
18 6.242350628033474e-5
19 0.0
20 0.0
21 0.0
22 0.00014458675232773113
23 0.00011526659746963565
0 0.00011435068325896414
1 9.650839515810278e-5
2 0.0
3 0.0
4 0.0
5 0.0
6 0.0
7 0.00026551773160352423
8 0.00018923681789211616
9 0.0001363976338387097
10 7.569731696825398e-5
11 0.0
12 0.0
13 0.0
14 9.491653667364016e-5
15 0.0001424529614574899
16 0.00018175950783266931
17 0.00020744880700790516
18 0.0002269679
19 0.00025224189956078437
20 0.0002274921472
21 0.0002292654270509804
22 0.0
23 0.0
0 0.0
1 4.63905339414226e-5
2 0.0
3 0.0
4 0.0
5 2.3339629672268907e-5
6 0.00010647888840080972
7 0.00016301336322310756
8 0.00018323920659683794
9 0.0
10 0.0
11 0.0
12 0.0
13 8.996382754112553e-5
14 0.00012375075897942385
15 0.0002510995094136546
16 0.0002628177197936508
17 0.00031252684745669296
18 0.00045378700220784316
19 0.0003826735412862746
20 0.00031120805752156856
21 0.0002843198972509804
22 0.00018836936979215683
23 0.0001627237344352941
0 8.78727619372549e-5
1 6.066946042352941e-5
2 2.9791596074509802e-5
3 0.0
4 0.0
5 0.0
6 0.0
7 0.00021167285968398263
8 0.0003493117728230453
9 0.00023161416399598394
10 0.0001404461551746032
11 0.0001301012157480315
12 0.00016187528884705878
13 0.00011939213591764706
14 0.0001394745221019608
15 0.000242678421172549
16 0.00015140950356078432
17 0.0001653651458980392
18 0.00015758224258039216
19 0.00018644431991764705
20 0.0001913127236470588
21 0.0002077944911019608
22 0.00016565985186274513
23 0.0001904014232313725
0 0.00016028073964119893
1 0.00011191163516862744
2 9.506200283137255e-5
3 0.0
4 0.0
5 0.0
6 0.0
7 0.00024036070105627703
8 0.00022781496136625514
9 0.0
10 0.0
11 0.0
12 0.0
