0 0.0
1 0.0
2 0.0
3 0.0
4 0.0
5 0.0
6 0.0
7 0.0
8 0.0
9 0.0
10 0.0
11 0.0
12 0.0
13 0.0
14 0.0
15 32.716470021633675
16 41.289675695469924
17 53.893430159677415
18 57.6473097484127
19 72.99970365157482
20 69.26484282568627
21 52.071135453131106
22 33.60754953093841
23 0.0
0 0.0
1 0.0
2 0.0
3 0.0
4 0.0
5 23.775138309211616
6 19.031405307185473
7 0.0
8 0.0
9 0.0
10 0.0
11 0.0
12 0.0
13 0.0
14 0.0
15 0.0
16 23.013534920690937
17 26.011339905797918
18 28.925640586350948
19 27.954302180222
20 39.44345775217423
21 30.475033911094247
22 0.0
23 0.0
0 0.0
1 8.810815311166449
2 8.899040243812452
3 18.182840242682207
4 17.16946778968152
5 14.527829823973525
6 22.7380893619633
7 20.323711287331218
8 0.0
9 0.0
10 0.0
11 0.0
12 0.0
13 0.0
14 0.0
15 14.555531294601558
16 17.10897678888775
17 21.025262133879593
18 32.36130505909114
19 34.2492898505108
20 34.32172212919686
21 33.209092986753056
22 19.995645685528952
23 0.0
0 0.0
1 0.0
2 0.0
3 19.825391390024254
4 20.860235775080707
5 18.339283559944985
6 0.0
7 0.0
8 0.0
9 0.0
10 0.0
11 0.0
12 0.0
13 0.0
14 0.0
15 5.166181058705326
16 7.31808202245457
17 21.67884488090322
18 30.48365662393651
19 22.489801922110235
20 37.42743197846275
21 0.0
22 0.0
23 0.0
0 0.0
1 0.0
2 0.0
3 0.0
4 13.922000157610128
5 11.013666506051234
6 8.389308522139839
7 4.453475942296278
8 0.0
9 0.0
10 0.0
11 0.0
12 0.0
13 0.0
14 14.09823527372393
15 14.945947250136445
16 10.588245087835977
17 0.0
18 0.0
19 0.0
20 28.267940088475985
21 31.324821163249243
22 35.12768885835237
23 34.90151643927639
0 42.23122758919832
1 33.062613019520434
2 32.7360849031386
3 32.40592875045688
4 27.282534086174888
5 0.0
6 0.0
7 0.0
8 0.0
9 0.0
10 0.0
11 0.0
12 0.0
13 0.0
14 0.0
15 0.0
16 0.0
17 35.324368071253765
18 40.54729204154434
19 31.008642914063753
20 28.03717910577909
21 24.34147512328754
22 24.364309760269208
23 18.510329958697138
0 0.0
1 0.0
2 0.0
3 0.0
4 0.0
5 0.0
6 0.0
7 30.858352876887682
8 0.0
9 0.0
10 0.0
11 0.0
12 0.0
