0 0.0031
1 0.0038
2 0.005
3 0.0054
4 0.006900000000000001
5 0.004200000000000001
6 0.0065
7 0.0068
8 0.0057
9 0.0047
10 0.0045
11 0.0035
12 0.0033
13 0.0033
14 0.0032
15 0.0032
16 0.0032
17 0.0032
18 0.003
19 0.0032
20 0.0032
21 0.0031
22 0.0031
23 0.0031
0 0.0039
1 0.0034
2 0.0035
3 0.0034
4 0.0034
5 0.0038
6 0.0034
7 0.0038
8 0.0035
9 0.0034
10 0.0036
11 0.0036
12 0.0045
13 0.0043
14 0.0034
15 0.0034
16 0.0040999999999999995
17 0.0036
18 0.0034
19 0.0032
20 0.0033
21 0.0034
22 0.0034
23 0.0048
0 0.0045
1 0.0043
2 0.0038
3 0.004900000000000001
4 0.0037
5 0.006
6 0.0035
7 0.0039
8 0.0043
9 0.0044
10 0.0038
11 0.0037
12 0.004
13 0.0044
14 0.0043
15 0.004
16 0.0038
17 0.0037
18 0.0036
19 0.0036
20 0.0036
21 0.0035
22 0.0035
23 0.0035
0 0.0035
1 0.0035
2 0.0034
3 0.0035
4 0.0036
5 0.0035
6 0.005
7 0.0105
8 0.0124
9 0.0060999999999999995
10 0.0054
11 0.004900000000000001
12 0.0046
13 0.0046
14 0.0044
15 0.0046
16 0.0045
17 0.0040999999999999995
18 0.0040999999999999995
19 0.0039
20 0.0039
21 0.0039
22 0.0039
23 0.0040999999999999995
0 0.0045
1 0.0039
2 0.0037
3 0.0039
4 0.0040999999999999995
5 0.004200000000000001
6 0.0046
7 0.004900000000000001
8 0.0086
9 0.0259
10 0.0351
11 0.0288
12 0.039700000000000006
13 0.16040000000000001
14 0.1754
15 0.0373
16 0.0095
17 0.0099
18 0.0
19 0.0070999999999999995
20 0.007
21 0.0070999999999999995
22 0.0067
23 0.0057
0 0.0058
1 0.0054
2 0.0046
3 0.0053
4 0.0053
5 0.0047
6 0.0044
7 0.0043
8 0.004
9 0.004900000000000001
10 0.0055
11 0.0046
12 0.0048
13 0.004200000000000001
14 0.0039
15 0.0036
16 0.0043
17 0.0038
18 0.0038
19 0.0037
20 0.0035
21 0.0034
22 0.0035
23 0.0034
0 0.0033
1 0.0037
2 0.0045
3 0.0077
4 0.0063
5 0.0044
6 0.0056
7 0.004
8 0.006
9 0.007
10 0.0
11 0.0043
12 0.0039
