0 0.0354
1 0.0314
2 0.02
3 0.0161
4 0.0161
5 0.017
6 0.0175
7 0.0188
8 0.0147
9 0.0229
10 0.027100000000000003
11 0.0349
12 0.0348
13 0.0345
14 0.0349
15 0.0352
16 0.0351
17 0.0355
18 0.0351
19 0.0343
20 0.0343
21 0.033600000000000005
22 0.0332
23 0.032
0 0.0201
1 0.0198
2 0.0212
3 0.0219
4 0.0206
5 0.0171
6 0.016800000000000002
7 0.0132
8 0.0141
9 0.0193
10 0.0223
11 0.0265
12 0.0287
13 0.0312
14 0.032299999999999995
15 0.0285
16 0.032100000000000004
17 0.0303
18 0.0272
19 0.0237
20 0.0207
21 0.027100000000000003
22 0.0209
23 0.0078
0 0.012199999999999999
1 0.011
2 0.0157
3 0.011800000000000001
4 0.0054
5 0.0067
6 0.0052
7 0.0064
8 0.0174
9 0.0218
10 0.0237
11 0.026699999999999998
12 0.0293
13 0.028399999999999998
14 0.0277
15 0.0265
16 0.0241
17 0.0229
18 0.0211
19 0.0242
20 0.0213
21 0.0154
22 0.0127
23 0.0169
0 0.0185
1 0.0185
2 0.0188
3 0.018
4 0.0078
5 0.0068
6 0.0052
7 0.0063
8 0.0114
9 0.023100000000000002
10 0.0257
11 0.0285
12 0.030100000000000002
13 0.0314
14 0.0299
15 0.0287
16 0.026699999999999998
17 0.024399999999999998
18 0.0218
19 0.022
20 0.027800000000000002
21 0.026199999999999998
22 0.0217
23 0.0198
0 0.0189
1 0.0189
2 0.0201
3 0.0211
4 0.020399999999999998
5 0.019
6 0.016300000000000002
7 0.004200000000000001
8 0.008199999999999999
9 0.023
10 0.0368
11 0.0444
12 0.0589
13 0.09240000000000001
14 0.09029999999999999
15 0.0562
16 0.0515
17 0.0599
18 0.0442
19 0.0343
20 0.0352
21 0.0319
22 0.0289
23 0.0258
0 0.023600000000000003
1 0.0228
2 0.0221
3 0.0222
4 0.0217
5 0.0161
6 0.012
7 0.0091
8 0.0149
9 0.0183
10 0.0219
11 0.0221
12 0.024300000000000002
13 0.0264
14 0.0269
15 0.0249
16 0.0258
17 0.0233
18 0.019399999999999997
19 0.0162
20 0.0146
21 0.0135
22 0.0134
23 0.0134
0 0.013699999999999999
1 0.0124
2 0.009300000000000001
3 0.0101
4 0.0095
5 0.008400000000000001
6 0.0054
7 0.0043
8 0.006900000000000001
9 0.0123
10 0.0
11 0.023399999999999997
12 0.0237
