0 12.0
1 12.0
2 13.0
3 15.1
4 17.0
5 20.9
6 18.9
7 22.1
8 25.0
9 21.1
10 24.1
11 22.0
12 17.0
13 14.0
14 14.0
15 13.6
16 12.2
17 12.1
18 16.6
19 15.5
20 13.1
21 11.2
22 15.3
23 14.7
0 12.5
1 10.5
2 16.0
3 17.0
4 15.2
5 13.6
6 13.9
7 18.6
8 0.0
9 0.0
10 0.0
11 0.0
12 0.0
13 0.0
14 0.0
15 0.0
16 0.0
17 0.0
18 0.0
19 0.0
20 0.0
21 0.0
22 0.0
23 0.0
0 0.0
1 0.0
2 0.0
3 0.0
4 0.0
5 0.0
6 0.0
7 0.0
8 0.0
9 0.0
10 0.0
11 0.0
12 0.0
13 0.0
14 0.0
15 0.0
16 0.0
17 0.0
18 0.0
19 0.0
20 0.0
21 0.0
22 0.0
23 0.0
0 0.0
1 0.0
2 0.0
3 0.0
4 0.0
5 0.0
6 0.0
7 0.0
8 0.0
9 0.0
10 0.0
11 0.0
12 0.0
13 0.0
14 8.4
15 0.0
16 26.7
17 23.0
18 26.9
19 26.3
20 29.0
21 24.8
22 20.0
23 23.9
0 16.5
1 20.9
2 18.7
3 14.0
4 14.0
5 17.9
6 16.0
7 19.0
8 24.1
9 0.0
10 0.0
11 0.0
12 0.0
13 0.0
14 0.0
15 0.0
16 42.3
17 27.0
18 33.6
19 38.1
20 45.4
21 37.0
22 33.9
23 36.8
0 30.9
1 30.0
2 28.0
3 22.6
4 21.0
5 17.8
6 16.0
7 18.7
8 26.4
9 18.7
10 14.9
11 15.5
12 15.8
13 12.4
14 16.3
15 15.0
16 16.9
17 17.4
18 19.0
19 19.0
20 21.0
21 17.0
22 15.0
23 15.5
0 17.0
1 16.0
2 14.0
3 16.2
4 17.0
5 17.7
6 18.9
7 17.9
8 18.6
9 26.1
10 0.0
11 24.3
12 23.7
