0 0.45
1 0.45
2 0.47
3 0.48
4 0.46
5 0.48
6 0.56
7 0.57
8 0.67
9 0.64
10 0.63
11 0.49
12 0.51
13 0.49
14 0.5
15 0.51
16 0.51
17 0.51
18 0.5
19 0.5
20 0.49
21 0.49
22 0.48
23 0.5
0 0.85
1 0.83
2 0.76
3 0.64
4 0.58
5 1.13
6 0.76
7 0.59
8 0.68
9 0.59
10 0.57
11 0.57
12 0.59
13 0.63
14 0.56
15 0.62
16 0.58
17 0.58
18 0.62
19 0.61
20 0.62
21 0.58
22 0.61
23 0.81
0 0.72
1 0.64
2 0.56
3 0.57
4 0.61
5 0.71
6 0.85
7 1.14
8 1.13
9 0.62
10 0.55
11 0.54
12 0.54
13 0.55
14 0.55
15 0.56
16 0.56
17 0.56
18 0.59
19 0.62
20 0.6
21 0.6
22 0.62
23 0.54
0 0.53
1 0.53
2 0.52
3 0.58
4 0.6
5 1.49
6 0.65
7 0.64
8 0.72
9 0.66
10 0.56
11 0.55
12 0.55
13 0.56
14 0.57
15 0.57
16 0.57
17 0.6
18 0.64
19 0.63
20 0.63
21 0.59
22 0.58
23 0.53
0 0.52
1 0.5
2 0.5
3 0.5
4 0.51
5 0.55
6 0.6
7 0.93
8 0.84
9 0.65
10 0.56
11 0.62
12 0.64
13 0.67
14 0.7
15 0.61
16 0.57
17 0.58
18 0.0
19 0.73
20 0.63
21 0.59
22 0.61
23 0.56
0 0.53
1 0.53
2 0.52
3 0.51
4 0.51
5 0.53
6 0.65
7 0.74
8 0.59
9 0.54
10 0.51
11 0.51
12 0.52
13 0.52
14 0.52
15 0.53
16 0.53
17 0.54
18 0.57
19 0.59
20 0.57
21 0.56
22 0.54
23 0.52
0 0.5
1 0.52
2 0.61
3 0.57
4 0.58
5 0.57
6 1.44
7 2.27
8 0.74
9 0.67
10 0.0
11 0.54
12 0.52
