0 0.0
1 0.0
2 0.0
3 0.0
4 0.0
5 0.0
6 0.0
7 0.0
8 0.0
9 0.5970445845900085
10 0.60997835123763
11 0.572535974955855
12 0.5564378356326398
13 0.5397532870324102
14 0.5276364832826419
15 0.5214615074059459
16 0.516409433022747
17 0.5110802839553329
18 0.5028392585983364
19 0.5037676045722779
20 0.5011483196138482
21 0.5007111306093835
22 0.497337817541104
23 0.49655198863766337
0 0.6499808805553585
1 0.7297976900557537
2 0.7441272088293257
3 0.6994380486010993
4 0.647856740861774
5 0.8859607843137254
6 0.8235294117647058
7 0.7095916023075381
8 0.6947880877214712
9 0.6432195929109353
10 0.6058215832864742
11 0.5879232773322889
12 0.588973309183772
13 0.607880627384485
14 0.5923829300011512
15 0.5986770843701859
16 0.590016797804146
17 0.5881942008423836
18 0.5952762756664047
19 0.5997507227486776
20 0.604129500727174
21 0.5977186100899701
22 0.6026686855762163
23 0.6658917717350631
0 0.6842071579106551
1 0.6729193601448221
2 0.6379274494708226
3 0.6162823268275679
4 0.6141733719507474
5 0.6459590382169672
6 0.7191324988095759
7 0.9474509803921568
8 1.0395294117647056
9 0.8297254901960783
10 0.6898431372549021
11 0.6148627450980393
12 0.5772941176470587
13 0.5633333333333335
14 0.556078431372549
15 0.5569019607843136
16 0.5566666183292651
17 0.5517775579954909
18 0.5590054820925546
19 0.5733396165255569
20 0.5797123691431773
21 0.5855145717512896
22 0.5935197943598535
23 0.5867365618197423
0 0.5766899634544874
1 0.5681752649169319
2 0.5556566260791514
3 0.5574911481958662
4 0.5643474146158879
5 1.0355294117647058
6 0.8428235294117646
7 0.7416078431372549
8 0.7311764705882353
9 0.695843137254902
10 0.628
11 0.5889411764705883
12 0.569372549019608
13 0.5845039107780406
14 0.5786021407765147
15 0.5744034986866046
16 0.5696305249609968
17 0.5687853072505338
18 0.5852361061483027
19 0.5962948693831599
20 0.6047095755109121
21 0.6042826954333533
22 0.6023434979771569
23 0.5879266368346305
0 0.5721698842856064
1 0.5502595658227869
2 0.5357420284723556
3 0.5233552079662818
4 0.5189787605581097
5 0.5215860211260608
6 0.5355474553352196
7 0.7328217754220497
8 0.7834173965258077
9 0.7222173289745486
10 0.6474086360867151
11 0.6363463297578454
12 0.6415416768623664
13 0.6542121087204342
14 0.6731285279670383
15 0.6474337827121333
16 0.624218752403188
17 0.6125526855722587
18 0.0
19 0.0
20 0.0
21 0.6194142259414225
22 0.6143724696356275
23 0.5866533864541833
0 0.5580237154150198
1 0.5438582677165354
2 0.5497553367228132
3 0.5422076151573852
4 0.5327995259943782
5 0.5292559055733694
6 0.5550828183031176
7 0.6217231783275272
8 0.6128633694167135
9 0.5903833294676739
10 0.5652326386823769
11 0.5480657374702868
12 0.5395092858289204
13 0.5332789059043169
14 0.526984799682417
15 0.5265356987167241
16 0.5227609772277179
17 0.5237187007150669
18 0.5340179374787215
19 0.546583799422328
20 0.5527584966679885
21 0.5563348612456883
22 0.5555337359362073
23 0.5508339581756373
0 0.5407618241985627
1 0.5364889296782809
2 0.5501111120440932
3 0.5527746984319091
4 0.5581456462381077
5 0.5607447837841717
6 1.0076862745098039
7 1.6422745098039218
8 1.1916078431372548
9 0.9310980392156862
10 0.0
11 0.0
12 0.0
