0 0.0
1 0.0
2 0.0
3 0.0
4 0.0
5 0.0
6 0.0
7 0.0
8 0.0
9 0.005478817764670843
10 0.005092044186999798
11 0.0042243931761673965
12 0.003747450980392157
13 0.003521960784313725
14 0.0033545098039215694
15 0.0033073800190997074
16 0.0033098052381253457
17 0.003262464645669254
18 0.003197560404241178
19 0.0031873807614469407
20 0.0031805785088085993
21 0.0031589623561184724
22 0.003146029312001512
23 0.0031339045831418623
0 0.003325444341098781
1 0.0033490979862522904
2 0.0033901788333036186
3 0.003399970600325698
4 0.003407753799753505
5 0.0035154346493172783
6 0.0035034214999813
7 0.003581963878244686
8 0.003542142524231287
9 0.0035271801532595726
10 0.0035421825757486745
11 0.003562942971334296
12 0.0038246161802602987
13 0.003955343629476521
14 0.0038195929644933707
15 0.0037054077829933333
16 0.003819290676864117
17 0.003771495295387051
18 0.003674876328091609
19 0.0035144833988683655
20 0.003445760084956309
21 0.003419619210827365
22 0.0034153125547920896
23 0.003881934972244251
0 0.004093370340999206
1 0.004171720856463125
2 0.004053227597145123
3 0.004353091767668536
4 0.004148674510498057
5 0.004945177019132566
6 0.004328749872161503
7 0.004145008113125716
8 0.004208455626219225
9 0.004288832001846603
10 0.004085152001077184
11 0.003917877362003699
12 0.003953793787491657
13 0.004058245639731805
14 0.0041278087466123615
15 0.00411277941997588
16 0.004036499642447747
17 0.003945838427059029
18 0.0038698957376989457
19 0.003816255121644605
20 0.0037586613536365427
21 0.0036685244944254574
22 0.0036210675315087562
23 0.0035830629604750954
0 0.0035546734755041135
1 0.0035348863611575332
2 0.0035057513155307913
3 0.0034958491418606743
4 0.0035016353006461927
5 0.003501544450610293
6 0.004011330930135574
7 0.0073949019607843156
8 0.009914901960784313
9 0.008012549019607844
10 0.006710196078431372
11 0.005807843137254902
12 0.005205882352941177
13 0.004905098039215686
14 0.004651372549019607
15 0.004614117647058824
16 0.004635961685413809
17 0.004467492837518576
18 0.004385042718973853
19 0.004261232623464929
20 0.004167468161781301
21 0.004087972205136486
22 0.004031657539243164
23 0.0040179166222440955
0 0.004082194405944883
1 0.004045451430185751
2 0.0039711914327049
3 0.003958535178001808
4 0.003993072699068375
5 0.004043942103856552
6 0.004183004034156559
7 0.004398560150026827
8 0.0066215686274509805
9 0.016303921568627446
10 0.025763529411764706
11 0.02733058823529412
12 0.0335850980392157
13 0.09729882352941177
14 0.1366843137254902
15 0.08705568627450981
16 0.04827960784313726
17 0.02905843137254902
18 0.0
19 0.0
20 0.0
21 0.008164016736401674
22 0.007066801619433198
23 0.0063095617529880495
0 0.006045454545454545
1 0.005712598425196851
2 0.00542631212328857
3 0.00536152898676887
4 0.0053206849825219
5 0.005106961140219764
6 0.00491806025318263
7 0.004709278834783272
8 0.004478385209354959
9 0.004579034229166341
10 0.004845209550693885
11 0.004762123589757176
12 0.004760874499159626
13 0.00459632970599777
14 0.004380883357481176
15 0.004073535443174049
16 0.0041553820433273495
17 0.0040193646058377655
18 0.003968966511233574
19 0.0038766935142009323
20 0.003774737973216901
21 0.0036580095523919285
22 0.00360983960429201
23 0.003558370596454507
0 0.003497446795733441
1 0.0035178071480018894
2 0.0037913777506087647
3 0.005867843137254902
4 0.006089411764705881
5 0.005246666666666668
6 0.005427450980392157
7 0.0047149019607843155
8 0.005362745098039215
9 0.006153200043971051
10 0.0
11 0.0
12 0.0
