0 0.0
1 0.0
2 0.0
3 0.0
4 0.0
5 0.0
6 0.0
7 0.0
8 0.0
9 0.01894354611692135
10 0.022955843252304993
11 0.02917686274509804
12 0.03202509803921568
13 0.033296862745098035
14 0.03413254901960785
15 0.034698431372549014
16 0.03456926710702491
17 0.03478963555253962
18 0.035012535518235334
19 0.034926869136612165
20 0.0348523053150346
21 0.03469151751743789
22 0.03442715681053883
23 0.03388864940363677
0 0.02731434844305463
1 0.02395208041992554
2 0.022824173138338347
3 0.022368046338008225
4 0.021603983683120862
5 0.019228799060917626
6 0.018057919840227227
7 0.016235368684527435
8 0.015344814714221585
9 0.016912531302657498
10 0.01912110990562362
11 0.023098039215686275
12 0.025914901960784314
13 0.028585098039215683
14 0.03047294117647059
15 0.02951647058823529
16 0.030493881233761008
17 0.030295673371835866
18 0.029603966566890134
19 0.02788661289579325
20 0.024823484525906884
21 0.025597932698123094
22 0.02381453218236236
23 0.015394117647058822
0 0.013758039215686276
1 0.012341176470588236
2 0.013998039215686271
3 0.012875686274509803
4 0.009107843137254901
5 0.007863921568627452
6 0.006501176470588236
7 0.006447843137254903
8 0.011934117647058826
9 0.016888235294117645
10 0.020309803921568625
11 0.02353411764705882
12 0.02646392156862745
13 0.027474509803921573
14 0.02763137254901961
15 0.027054426780716734
16 0.02618424313370879
17 0.025527954353269485
18 0.024045557284054404
19 0.024034228066308328
20 0.02319676604914283
21 0.019293338182465956
22 0.015745490196078432
23 0.01639520733681144
0 0.01738002005945943
1 0.01790014297947884
2 0.01832143653262828
3 0.018079561617759227
4 0.012958431372549019
5 0.00986235294117647
6 0.007516470588235295
7 0.006887450980392156
8 0.009129803921568626
9 0.01612392156862745
10 0.020925490196078433
11 0.024733333333333336
12 0.027460392156862745
13 0.029478431372549022
14 0.029737647058823532
15 0.02926274509803922
16 0.02840010103461534
17 0.02755142007838658
18 0.025470226224790338
19 0.024295877012034135
20 0.025327079213637214
21 0.02549450360551919
22 0.02433302934468174
23 0.022778441675111637
0 0.02131764249829797
1 0.02045944531628576
2 0.0203183444918591
3 0.020554807932283675
4 0.020410567887146274
5 0.01992739140041476
6 0.018890042988252066
7 0.011063137254901961
8 0.009610588235294117
9 0.016313333333333336
10 0.026589411764705875
11 0.03554039215686275
12 0.04729568627450981
13 0.06999176470588238
14 0.08029098039215686
15 0.06834745098039216
16 0.060008627450980394
17 0.06002666666666668
18 0.05212784313725491
19 0.04319411764705881
20 0.03915058823529412
21 0.03540666666666666
22 0.03203294117647059
23 0.02885686274509804
0 0.02617372549019608
1 0.02453718072843021
2 0.024094772635186848
3 0.023278205602461004
4 0.022797995922457653
5 0.019498125046299285
6 0.015517647058823528
7 0.012276078431372548
8 0.013570980392156864
9 0.015926666666666672
10 0.018912941176470587
11 0.020506274509803926
12 0.022408235294117652
13 0.024424313725490192
14 0.025691372549019605
15 0.02521302739715717
16 0.02524141155447262
17 0.024699584340239368
18 0.023179082455980785
19 0.019968558249069925
20 0.017183938400882368
21 0.015140823260258037
22 0.014337058386961442
23 0.013857266281427891
0 0.013851347549751128
1 0.013321649909509238
2 0.011474038146444635
3 0.011093284731432939
4 0.010617864368343253
5 0.009574028536603994
6 0.007290980392156864
7 0.005777647058823529
8 0.006325490196078433
9 0.009312549019607843
10 0.0
11 0.0
12 0.0
