0 0.0031
1 0.0046
2 0.0029
3 0.0121
4 0.0132
5 0.0172
6 0.0088
7 0.008400000000000001
8 0.013099999999999999
9 0.0079
10 0.004900000000000001
11 0.0027
12 0.0026
13 0.0025
14 0.0027
15 0.0027
16 0.0024
17 0.0026
18 0.0025
19 0.0024
20 0.0021000000000000003
21 0.0019
22 0.0018
23 0.0018
0 0.0070999999999999995
1 0.0062
2 0.0053
3 0.0046
4 0.0055
5 0.0067
6 0.0077
7 0.0148
8 0.0078
9 0.0048
10 0.0087
11 0.006900000000000001
12 0.0043
13 0.0037
14 0.0032
15 0.0045
16 0.004
17 0.0031
18 0.0045
19 0.0058
20 0.0070999999999999995
21 0.0045
22 0.0060999999999999995
23 0.016
0 0.0088
1 0.0066
2 0.0036
3 0.0114
4 0.017
5 0.0221
6 0.0126
7 0.020300000000000002
8 0.010199999999999999
9 0.0032
10 0.0025
11 0.0022
12 0.0023
13 0.002
14 0.0023
15 0.0018
16 0.0016
17 0.002
18 0.0025
19 0.004
20 0.0038
21 0.0053
22 0.0063
23 0.0037
0 0.0027
1 0.0023
2 0.002
3 0.0037
4 0.024300000000000002
5 0.0173
6 0.0067
7 0.006
8 0.006
9 0.0025
10 0.0022
11 0.0023
12 0.002
13 0.0022
14 0.0019
15 0.0022
16 0.0019
17 0.0024
18 0.0034
19 0.004
20 0.004200000000000001
21 0.0038
22 0.0039
23 0.0037
0 0.0038
1 0.0040999999999999995
2 0.0022
3 0.0015
4 0.0022
5 0.0027
6 0.0036
7 0.01
8 0.0089
9 0.0062
10 0.0040999999999999995
11 0.005
12 0.0072
13 0.010199999999999999
14 0.0088
15 0.0040999999999999995
16 0.0038
17 0.004900000000000001
18 0.0
19 0.0067
20 0.0066
21 0.0058
22 0.006
23 0.005
0 0.0062
1 0.0055
2 0.0028
3 0.002
4 0.0021000000000000003
5 0.0040999999999999995
6 0.0079
7 0.0094
8 0.0045
9 0.0024
10 0.0016
11 0.0012
12 0.0014
13 0.0021000000000000003
14 0.0014
15 0.0018
16 0.0018
17 0.0021000000000000003
18 0.0034
19 0.0035
20 0.0033
21 0.0034
22 0.0038
23 0.0027
0 0.0029
1 0.0033
2 0.0074
3 0.0047
4 0.0050999999999999995
5 0.0063
6 0.0075
7 0.0048
8 0.0034
9 0.0045
10 0.0
11 0.0021000000000000003
12 0.0022
