0 0.0
1 0.0
2 0.0
3 0.0
4 0.0
5 0.0
6 0.0
7 0.0
8 0.0
9 0.0
10 0.0
11 0.0
12 0.0
13 17.043080401127806
14 15.895962759881185
15 14.778378519471293
16 13.358705738705739
17 12.728278388278387
18 14.663858363858365
19 15.08112332112332
20 14.091217775011755
21 12.643345543345543
22 13.96182757229297
23 14.15558964105837
0 13.593912570560207
1 12.428263522971067
2 13.743796088235873
3 15.005057186508173
4 15.083140734281391
5 14.517830807186971
6 14.278409450203535
7 16.142438987941517
8 0.0
9 0.0
10 0.0
11 0.0
12 0.0
13 0.0
14 0.0
15 0.0
16 0.0
17 0.0
18 0.0
19 0.0
20 0.0
21 0.0
22 0.0
23 0.0
0 0.0
1 0.0
2 0.0
3 0.0
4 0.0
5 0.0
6 0.0
7 0.0
8 0.0
9 0.0
10 0.0
11 0.0
12 0.0
13 0.0
14 0.0
15 0.0
16 0.0
17 0.0
18 0.0
19 0.0
20 0.0
21 0.0
22 0.0
23 0.0
0 0.0
1 0.0
2 0.0
3 0.0
4 0.0
5 0.0
6 0.0
7 0.0
8 0.0
9 0.0
10 0.0
11 0.0
12 0.0
13 0.0
14 0.0
15 0.0
16 0.0
17 0.0
18 25.15862068965517
19 25.757377049180327
20 27.417600000000004
21 26.093280632411066
22 23.028683693516697
23 23.465621939275223
0 19.97770171149145
1 20.439188859027606
2 19.570639960918413
3 16.784639804639806
4 15.390769230769232
5 16.644761904761904
6 16.32105006105006
7 17.6596336996337
8 20.392150768017512
9 0.0
10 0.0
11 0.0
12 0.0
13 0.0
14 0.0
15 0.0
16 0.0
17 0.0
18 32.94831335377753
19 35.6969799531372
20 40.70645161290323
21 38.82380952380953
22 36.34251968503937
23 36.57215686274509
0 33.730528375733854
1 31.863440860215057
2 29.930776746458235
3 26.264493284493284
4 23.629645909645905
5 20.71369963369964
6 18.35470085470086
7 18.524981684981682
8 22.46017094017094
9 20.577851037851033
10 17.73660561660562
11 16.615702075702078
12 16.206007326007324
13 14.300854700854702
14 15.298998778998778
15 15.14857142857143
16 16.0237851037851
17 16.711843711843713
18 17.856288156288155
19 18.428180708180708
20 19.307159671113624
21 18.361069892061362
22 16.984705449397914
23 16.37668321773972
0 16.632830724262682
1 16.604670768167797
2 15.66492144611213
3 15.846387848562138
4 16.231184139415372
5 16.721566147398764
6 17.4474518578919
7 17.595453261147824
8 17.692226579399613
9 21.870144188177562
10 0.0
11 0.0
12 0.0
