0 0.0024618
1 0.0024779
2 0.0033232
3 0.0031332
4 0.0027597999999999998
5 0.0030158
6 0.0022194
7 0.0018364
8 0.0018903000000000001
9 0.0018382000000000001
10 0.0021025999999999996
11 0.0023578
12 0.0022657
13 0.0025077
14 0.0028466
15 0.0029209
16 0.0025225
17 0.0021418
18 0.0022293
19 0.0021553
20 0.0021798
21 0.0022461
22 0.0024048
23 0.0024759
0 0.0023961
1 0.0025041000000000004
2 0.0026357
3 0.0023945
4 0.0026318
5 0.0036551
6 0.0030941000000000002
7 0.0030724999999999997
8 0.0028818999999999997
9 0.0024682
10 0.0026453
11 0.0031163
12 0.0050753000000000005
13 0.008585800000000001
14 0.012003
15 0.0067415
16 0.004326
17 0.0033734999999999998
18 0.0031131
19 0.0027513999999999998
20 0.0024246
21 0.0023338
22 0.0025463
23 0.0021926999999999997
0 0.0022641
1 0.0025627
2 0.003373
3 0.0029146999999999997
4 0.003579
5 0.0059775
6 0.0065122
7 0.0077337
8 0.0070351
9 0.0086129
10 0.01483
11 0.029096
12 0.027586
13 0.022947
14 0.010688000000000001
15 0.016577
16 0.013108
17 0.0048484999999999995
18 0.0033815
19 0.0032483
20 0.0030171
21 0.0034809999999999997
22 0.0039119
23 0.0040272
0 0.0040408
1 0.0039706
2 0.0033607
3 0.004116399999999999
4 0.0037327
5 0.0036385000000000002
6 0.0042473
7 0.0051402999999999996
8 0.0046296
9 0.0045634
10 0.015298
11 0.010448
12 0.008051399999999998
13 0.0058193
14 0.0062307
15 0.00577
16 0.003169
17 0.004094
18 0.0050062
19 0.003095
20 0.0027267999999999997
21 0.0029159000000000003
22 0.0030301
23 0.0033236
0 0.0065315
1 0.0047599
2 0.0041344
3 0.0041321000000000005
4 0.0041633
5 0.0036669
6 0.0036634000000000002
7 0.0037364
8 0.0039915
9 0.0060834
10 0.0086456
11 0.0055531
12 0.0046133
13 0.0054397000000000004
14 0.0037909000000000003
15 0.0029253
16 0.0023898
17 0.0023981
18 0.0037654
19 0.0024738000000000004
20 0.0017249000000000001
21 0.0013090999999999999
22 0.0012288
23 0.0014979
0 0.0012481999999999999
1 0.0012195
2 0.00098321
3 0.0010602
4 0.0010577000000000002
5 0.0012312
6 0.0010351
7 0.0011443
8 0.0011207
9 0.0010022
10 0.0011317999999999999
11 0.0013781000000000002
12 0.0014734000000000001
13 0.0015741000000000002
14 0.0013433
15 0.0014333
16 0.0014766999999999998
17 0.0017667
18 0.0021931
19 0.0020707
20 0.0021694
21 0.0025299
22 0.0027167
23 0.0029365999999999997
0 0.0026200999999999998
1 0.0024582000000000002
2 0.0021714000000000004
3 0.0019507
4 0.0019371
5 0.002011
6 0.0019356
7 0.0017228
8 0.0017108000000000002
9 0.0016541
10 0.0015665
11 0.001768
12 0.0015306
