0 36.382
1 47.872
2 82.328
3 43.042
4 26.264
5 30.056
6 43.725
7 14.681
8 10.777
9 17.627
10 17.799
11 24.585
12 22.382
13 27.275
14 31.273
15 31.509
16 31.263
17 26.376
18 25.613
19 26.569
20 33.351
21 25.954
22 43.284
23 41.07
0 41.334
1 41.229
2 51.825
3 37.681
4 40.045
5 40.606
6 32.413
7 29.913
8 40.934
9 35.481
10 36.767
11 53.127
12 52.035
13 60.186
14 76.251
15 109.82
16 74.342
17 47.43
18 38.413
19 45.057
20 51.477
21 38.932
22 38.433
23 44.234
0 44.558
1 51.729
2 117.75
3 124.75
4 138.83
5 72.15
6 64.209
7 60.324
8 75.025
9 70.304
10 66.227
11 94.784
12 71.811
13 61.633
14 82.199
15 71.895
16 73.675
17 38.635
18 31.213
19 36.001
20 46.662
21 49.81
22 73.315
23 279.25
0 127.38
1 122.83
2 62.111
3 44.807
4 37.464
5 34.333
6 36.42
7 31.452
8 39.821
9 59.906
10 83.535
11 231.49
12 91.582
13 70.553
14 51.786
15 47.721
16 52.919
17 27.238
18 25.151
19 37.147
20 51.178
21 78.201
22 70.401
23 52.952
0 66.972
1 70.492
2 79.582
3 74.301
4 45.712
5 44.487
6 41.638
7 61.005
8 60.222
9 83.73
10 182.55
11 156.01
12 61.757
13 55.599
14 56.338
15 76.327
16 71.565
17 91.798
18 122.93
19 153.58
20 86.731
21 53.754
22 47.353
23 39.11
0 34.228
1 23.891
2 17.47
3 17.361
4 12.417
5 17.15
6 19.79
7 15.445
8 11.712
9 24.392
10 30.024
11 34.798
12 43.668
13 40.774
14 28.236
15 29.438
16 31.401
17 23.265
18 21.335
19 29.602
20 34.966
21 35.192
22 33.624
23 31.018
0 29.631
1 27.799
2 23.381
3 19.27
4 20.472
5 19.877
6 23.977
7 24.876
8 29.112
9 43.679
10 36.892
11 35.516
12 34.665
