0 0.028682
1 0.016297
2 0.011499
3 0.019247
4 0.015603
5 0.019769
6 0.034018
7 0.029892
8 0.024277999999999997
9 0.025951000000000002
10 0.029335
11 0.034074
12 0.038178
13 0.042709000000000004
14 0.044992
15 0.047289000000000005
16 0.046052
17 0.043427999999999994
18 0.041680999999999996
19 0.038087
20 0.032038
21 0.027412
22 0.021405
23 0.02496
0 0.020640000000000002
1 0.017564
2 0.021481
3 0.028503
4 0.033049999999999996
5 0.033689
6 0.033844
7 0.03114
8 0.028364999999999998
9 0.028755
10 0.030221
11 0.034491
12 0.039805
13 0.04201
14 0.050173999999999996
15 0.062098999999999994
16 0.056419
17 0.055106
18 0.05486
19 0.043711
20 0.031657
21 0.031047
22 0.026183
23 0.022411
0 0.015268
1 0.0027489
2 0.0017007
3 0.0023910999999999997
4 0.0092568
5 0.010037
6 0.013245
7 0.010291999999999999
8 0.009696699999999999
9 0.013348
10 0.018578
11 0.026302
12 0.041322000000000005
13 0.058508000000000004
14 0.07583100000000001
15 0.077361
16 0.064898
17 0.060179
18 0.053632
19 0.039875999999999995
20 0.02312
21 0.00509
22 0.0024973
23 0.0023554
0 0.0015409
1 0.0092114
2 0.020214
3 0.02225
4 0.030838
5 0.029765
6 0.030117
7 0.022963
8 0.017753
9 0.015744
10 0.020117999999999997
11 0.03793
12 0.053877
13 0.064688
14 0.07188800000000001
15 0.073445
16 0.062455
17 0.057723
18 0.052148
19 0.039642000000000004
20 0.014815
21 0.023510000000000003
22 0.030245
23 0.025148
0 0.018463999999999998
1 0.020279
2 0.014074
3 0.026813
4 0.026296
5 0.026562000000000002
6 0.017824000000000003
7 0.015564
8 0.0057968
9 0.0045451
10 0.008826
11 0.027350000000000003
12 0.03792
13 0.049116
14 0.043877
15 0.043575
16 0.042919
17 0.039335
18 0.032303
19 0.025997
20 0.024004
21 0.026568
22 0.029503
23 0.030156
0 0.032377
1 0.03239
2 0.033960000000000004
3 0.033895
4 0.034037
5 0.033392000000000005
6 0.033352
7 0.03141
8 0.028416
9 0.027937
10 0.02988
11 0.030718
12 0.032873
13 0.035614
14 0.039206000000000005
15 0.041735
16 0.043457
17 0.042582
18 0.040534999999999995
19 0.035139000000000004
20 0.030504999999999997
21 0.029492
22 0.029772
23 0.028317000000000002
0 0.031162
1 0.03025
2 0.029629000000000003
3 0.029943
4 0.031228000000000002
5 0.031002
6 0.030917
7 0.029065
8 0.021276
9 0.023684
10 0.022993
11 0.023406
12 0.019991
