0 0.40211
1 0.47609
2 0.61663
3 0.49509
4 0.49482
5 0.55209
6 0.42852
7 0.48633
8 0.54953
9 0.43105
10 0.3357
11 0.24185
12 0.44566
13 0.49889
14 0.52961
15 0.52814
16 0.52018
17 0.53716
18 0.58321
19 0.66639
20 0.71538
21 0.80026
22 0.81549
23 0.7538
0 0.85672
1 0.81982
2 0.51859
3 0.49542
4 0.51062
5 0.81056
6 0.47874
7 0.69024
8 0.58806
9 0.57313
10 0.58118
11 0.35794
12 0.43702
13 0.41359
14 0.38538
15 0.25117
16 0.20749
17 0.20509
18 0.24575
19 0.31079
20 0.34763
21 0.37119
22 0.42754
23 0.48052
0 0.63331
1 0.90742
2 0.85141
3 0.84048
4 0.56726
5 0.57795
6 0.54377
7 0.57394
8 0.60533
9 0.59109
10 0.57421
11 0.45724
12 0.28959
13 0.52266
14 0.55151
15 0.57497
16 0.41524
17 0.3817
18 0.48928
19 0.68775
20 0.99305
21 1.4725
22 1.5571
23 1.2164
0 1.3848
1 0.93579
2 0.0
3 0.34335
4 0.22594
5 0.20355
6 0.21087
7 0.31746
8 0.42913
9 0.5452
10 0.66858
11 0.43238
12 0.432
13 0.29711
14 0.33667
15 0.36437
16 0.21234
17 0.2575
18 0.32501
19 0.46973
20 0.85084
21 0.71067
22 0.50472
23 0.55235
0 0.75581
1 0.65698
2 0.69821
3 0.4168
4 0.41619
5 0.44999
6 0.46268
7 0.53596
8 0.82948
9 1.4926
10 1.0898
11 0.45167
12 0.25308
13 0.37897
14 0.55726
15 0.57567
16 0.58188
17 0.5889
18 0.58555
19 0.58674
20 0.58924
21 0.60901
22 0.5823
23 0.56926
0 0.55579
1 0.53693
2 0.41947
3 0.41614
4 0.4172
5 0.42003
6 0.41991
7 0.44016
8 0.51239
9 0.50095
10 0.47047
11 0.44859
12 0.41787
13 0.34083
14 0.15162
15 0.094013
16 0.063502
17 0.073348
18 0.10065
19 0.18883
20 0.24576
21 0.2622
22 0.27158
23 0.28327
0 0.21874
1 0.22248
2 0.40803
3 0.39843
4 0.39237
5 0.38846
6 0.40202
7 0.42557
8 0.51906
9 0.46941
10 0.45086
11 0.44419
12 0.45473
