0 0.0
1 0.0
2 0.0
3 0.0
4 0.0
5 0.0
6 0.0
7 0.0
8 0.0
9 0.0019781593158911667
10 0.0020382045149848482
11 0.002162137327781201
12 0.0021989150813717558
13 0.002252246513776467
14 0.002499373173773955
15 0.0026737435347979964
16 0.0026235927485157165
17 0.002470585794589744
18 0.0024109046790464126
19 0.0023378003998879
20 0.0022935668569434124
21 0.00227454207837066
22 0.00229853870518942
23 0.0023119003158102417
0 0.002313252533952777
1 0.002362592407444595
2 0.0024409897405593024
3 0.002441690331463833
4 0.002491403943550974
5 0.0029340047897378095
6 0.0029975680436261534
7 0.0030306367955296285
8 0.0029852229509807807
9 0.002806473160784799
10 0.0027510027461957066
11 0.002886213962843428
12 0.0039937682352941175
13 0.006299452156862746
14 0.009168694509803923
15 0.007962291372549023
16 0.006146977254901961
17 0.004762013725490196
18 0.003938474117647059
19 0.0033442215686274508
20 0.002879213333333333
21 0.002594247843137255
22 0.002551731372549019
23 0.0023668961231035884
0 0.0023709420173664377
1 0.0024338205791898044
2 0.002762149952781074
3 0.002817413693640667
4 0.003137227415493632
5 0.0046192317647058825
6 0.005573492156862744
7 0.0066644607843137265
8 0.006859135294117647
9 0.0077478807843137255
10 0.011311405098039216
11 0.020255038431372552
12 0.02396759176470588
13 0.02349056941176471
14 0.017097472549019607
15 0.016854576078431376
16 0.014993195686274509
17 0.009913466666666666
18 0.006625035294117648
19 0.004885985882352941
20 0.00390336862745098
21 0.0036540156862745104
22 0.00376967137254902
23 0.0038738282352941173
0 0.0038747169868633365
1 0.003826099091153019
2 0.0037076309902171543
3 0.00383836561530243
4 0.0038312085834246016
5 0.0038029410853086493
6 0.003903108014299795
7 0.004364411211026904
8 0.004463261103394557
9 0.004505017646120467
10 0.00996356
11 0.010218194901960785
12 0.00914326549019608
13 0.007485558823529412
14 0.00686201843137255
15 0.006317243921568627
16 0.004740258039215687
17 0.004416208627450981
18 0.004691024313725491
19 0.0038785945098039217
20 0.003292256862745098
21 0.0030983854901960785
22 0.0030579670588235302
23 0.0031864910001624673
0 0.0048653364705882355
1 0.004813923921568626
2 0.004472452549019609
3 0.004304309803921568
4 0.004236621568627451
5 0.003953233333333333
6 0.0038157300581731055
7 0.0038048899147430926
8 0.003915892604478048
9 0.004764461170638194
10 0.006823209019607843
11 0.006190940784313726
12 0.005403002745098039
13 0.005424827450980392
14 0.004608113725490198
15 0.0037651164705882357
16 0.003074317647058823
17 0.002728982745098039
18 0.003237622352941176
19 0.0028496733333333336
20 0.002281623137254902
21 0.0017872623529411763
22 0.0015030074509803921
23 0.0014976549019607844
0 0.0013706890196078431
1 0.0012927835294117645
2 0.0011325414901960785
3 0.0011126310897588716
4 0.0011043859939982817
5 0.0011470049700273604
6 0.001106178197161197
7 0.0011148551173083207
8 0.001111062050601949
9 0.001080460704527789
10 0.0010968812663539628
11 0.0011803448212093146
12 0.0012876201505715018
13 0.0014058410816408474
14 0.0013862260456707451
15 0.0014062426277259646
16 0.001435430345446549
17 0.0015621662001248308
18 0.00182075185829498
19 0.0019230281226902677
20 0.0020239452557863575
21 0.002286768058887166
22 0.0024949855943976465
23 0.002726426618603212
0 0.002643935472712996
1 0.002564801413319071
2 0.0024483846455357707
3 0.0022717526337004534
4 0.002152819028076628
5 0.002097983061467113
6 0.00203260149142245
7 0.0019109860894074894
8 0.0018466214997420306
9 0.0017979156960696212
10 0.001730842264717958
11 0.001732722356981057
12 0.0016693234960510185
