0 0.0
1 0.0
2 0.0
3 0.0
4 0.0
5 0.0
6 0.0
7 0.0
8 0.0
9 0.0
10 0.0
11 0.0
12 0.0
13 24.554755555555555
14 27.907643956043955
15 29.706913797313796
16 30.485567277167274
17 28.43033431013431
18 27.019455677655685
19 26.795679365079362
20 29.923837338039103
21 28.060278454740825
22 35.405641540809945
23 38.14389119859677
0 38.83869006080209
1 39.82507140392443
2 46.18588791208792
3 41.93419755799756
4 40.99067106227106
5 40.800073015873025
6 36.614792586016385
7 33.269678454360104
8 37.09664418422167
9 36.39031102662118
10 36.54580543061639
11 43.79133208337086
12 47.39817875624643
13 54.31197240537241
14 65.28446862026861
15 87.56104249084248
16 80.95570891330892
17 64.19368766788766
18 51.30407643467643
19 48.1823873015873
20 49.83098095238096
21 44.381911843711855
22 41.407659340659336
23 42.81974383394384
0 43.68795897435897
1 47.70744688644688
2 82.73379047619046
3 103.7437181929182
4 121.29473308913312
5 96.72538485958486
6 80.47034212454213
7 70.39903516483517
8 72.71489279609277
9 71.51327692307694
10 68.87353211233211
11 81.83493821733823
12 76.82629670329672
13 69.23085763125763
14 75.71058803418804
15 73.79634041514042
16 73.73712717677601
17 56.1772652014652
18 43.69110378510377
19 39.843082051282046
20 43.249077899877896
21 46.52703663003664
22 59.92188376068377
23 169.60846520146518
0 148.5010175824176
1 135.67298095238098
2 98.88953772893773
3 71.84496141636141
4 54.65005934065934
5 44.4910043956044
6 40.45613797313797
7 35.95351355311355
8 37.88642148962148
9 48.89744346764346
10 66.2174695970696
11 148.8479032967033
12 120.2105807081807
13 95.37540732600732
14 73.57944297924297
15 60.65057728937729
16 56.786675702075705
17 42.01147155067155
18 33.57985982905983
19 35.36412527472528
20 43.27244932844932
21 60.73895848595848
22 65.56837557997558
23 59.23838827838828
0 63.102189255189245
1 66.79708717948718
2 73.19293748473747
3 73.75021416361416
4 59.7302271062271
5 52.11071965811966
6 46.876372893772896
7 53.91651735807845
8 56.924731606726326
9 70.4076271062271
10 126.49250695970697
11 141.26383687423692
12 101.5097816849817
13 78.55257240537239
14 67.4424481074481
15 71.88497142857142
16 71.72814236874238
17 81.76884786324786
18 102.35934969474971
19 127.9809782661783
20 107.35922588522588
21 80.55295286935286
22 63.93646886446887
23 51.508960927960935
0 42.86511916971917
1 33.37418803418804
2 25.417348229548228
3 21.38197435897436
4 16.8922652014652
5 17.012018070818073
6 18.38841562881563
7 16.899841514041515
8 14.296760927960927
9 19.340795360195358
10 24.680281807081805
11 29.738614407814417
12 36.704459829059836
13 38.74129133089134
14 33.489960195360204
15 31.4654547008547
16 31.435545299145293
17 27.351019291819288
18 24.343198290598295
19 26.97432771672772
20 30.973003174603175
21 33.08382026862027
22 33.35434969474969
23 32.18571330891331
0 30.9626575349795
1 29.78923620585558
2 27.261242312478803
3 23.3680741577459
4 22.05420142660401
5 21.06805055939803
6 22.385022523022204
7 23.510466777773964
8 26.04285609416898
9 35.023609279609275
10 35.958203663003665
11 35.73765103785104
12 35.20194017094017
