0 0.0
1 0.0
2 0.0
3 0.0
4 0.0
5 0.0
6 0.0
7 0.0
8 0.0
9 0.4854065618125566
10 0.4213800001212487
11 0.3224760784313726
12 0.3839716470588236
13 0.44132650980392163
14 0.4856664705882353
15 0.5069852156862745
16 0.5135250588235294
17 0.5255505882352941
18 0.5548656078431374
19 0.5865816847881323
20 0.6273307030557526
21 0.6973706299881701
22 0.745033100681531
23 0.75051066039337
0 0.7941526326026803
1 0.8005386129141108
2 0.6935232462359211
3 0.6053859962340215
4 0.564327339698865
5 0.6682247445902209
6 0.584283632873069
7 0.6307617964593106
8 0.6108397862139191
9 0.5938884221690023
10 0.5890710984524906
11 0.471880705882353
12 0.45430603921568624
13 0.43521005975961685
14 0.4109842439571897
15 0.32926996078431375
16 0.2676337647058824
17 0.23564023529411768
18 0.24003741176470586
19 0.27532125490196085
20 0.3113003529411765
21 0.3375639367831087
22 0.38443368627450974
23 0.43292654901960786
0 0.5339532156862745
1 0.722063725490196
2 0.787924431372549
3 0.8152408235294119
4 0.6916810588235295
5 0.6352209411764705
6 0.5955182371198918
7 0.5962827441807902
8 0.5997188365600022
9 0.5960184076326457
10 0.5855326845763159
11 0.546358449676875
12 0.4037918823529413
13 0.46311752941176465
14 0.5073289411764705
15 0.5411514901960784
16 0.4778230196078431
17 0.42980474897892856
18 0.45914934542684566
19 0.5739014509803922
20 0.7848550588235294
21 1.1305399607843136
22 1.345791725490196
23 1.2823535686274508
0 1.3354778823529412
1 1.1367203921568625
2 0.0
3 0.0
4 0.0
5 0.2866827615062762
6 0.24482348178137653
7 0.2799298007968127
8 0.35323094861660076
9 0.4488244881889764
10 0.5591331372549018
11 0.4959311372549019
12 0.46436960784313736
13 0.3809232549019608
14 0.35904329411764707
15 0.3617986274509804
16 0.2866442352941176
17 0.271508
18 0.29758533333333337
19 0.3837309019607843
20 0.618106705882353
21 0.6651992549019607
22 0.585289137254902
23 0.569188156862745
0 0.663564705882353
1 0.6610556470588235
2 0.6772747057493075
3 0.5484785098039215
4 0.4937568540794832
5 0.4730917687421847
6 0.4682522342939671
7 0.49861364177380246
8 0.6642219256142633
9 1.0803514117647057
10 1.0858435294117648
11 0.768825137254902
12 0.5106327450980394
13 0.4446621176470589
14 0.5011465098039216
15 0.5384861176470588
16 0.5596975686274511
17 0.5725268235294115
18 0.5780496862745098
19 0.5826596862745097
20 0.5826921799874403
21 0.5866919024396368
22 0.5880373216770852
23 0.5863381024522765
0 0.5814365099038831
1 0.5719337454346562
2 0.5148618870736887
3 0.48032167408650384
4 0.4576128554954529
5 0.44664138551050137
6 0.4371501596937046
7 0.43564377913092917
8 0.45243594170406765
9 0.4587004883304577
10 0.46314805279823734
11 0.4617673422450588
12 0.453663773606595
13 0.41183101924749926
14 0.2705970980392157
15 0.18162632941176474
16 0.12168399215686276
17 0.09667756078431372
18 0.0979386431372549
19 0.14287498823529413
20 0.19398002352941177
21 0.22793583529411765
22 0.24999313333333328
23 0.2670026588235294
0 0.2431757176470588
1 0.2331202745098039
2 0.32117784313725484
3 0.35479907212718975
4 0.37269582999484463
5 0.3804113291383174
6 0.39085148122976365
7 0.4086496508263154
8 0.46481325490196074
9 0.4471771270278137
10 0.4492800033047566
11 0.4492560139103357
12 0.4523458990742543
