0 0.0
1 0.0
2 0.0
3 0.0
4 0.0
5 0.0
6 0.0
7 0.0
8 0.0
9 0.026066309803921568
10 0.02773562745098039
11 0.030933886274509808
12 0.034414123705419124
13 0.0377937694463351
14 0.04135521632562736
15 0.04446043189868488
16 0.045023314373967144
17 0.04415269897273225
18 0.043326648849214854
19 0.04234670856986894
20 0.03849992730132353
21 0.03303918029140846
22 0.026570074509803924
23 0.025721254901960786
0 0.0231308
1 0.020296686274509805
2 0.020849235294117644
3 0.024366461847349797
4 0.028489619195330017
5 0.031056121339655567
6 0.0324423538714263
7 0.03183160663620767
8 0.030183718781939255
9 0.02985775866935231
10 0.03058730319700812
11 0.03152865359235496
12 0.03409543675867154
13 0.03699691724617848
14 0.04354081956226826
15 0.05342625490196078
16 0.054977635294117644
17 0.05509348627450981
18 0.05484143646022736
19 0.050616588181189255
20 0.040727935898591236
21 0.03575479215686275
22 0.030921854901960786
23 0.02658860784313725
0 0.020847615686274513
1 0.0116955968627451
2 0.006593914509803922
3 0.004411487843137255
4 0.006790221960784314
5 0.008372414901960785
6 0.010783338823529413
7 0.010513906666666666
8 0.010094379215686273
9 0.011741972156862747
10 0.015193078823529412
11 0.020794423529411764
12 0.031121084705882356
13 0.04490958352941176
14 0.06049300941176472
15 0.06905851254901961
16 0.06708649411764706
17 0.06372457254901961
18 0.058747019607843134
19 0.049727291879193385
20 0.0361933725490196
21 0.02053694509803921
22 0.011373330980392156
23 0.006717295686274509
0 0.004004868235294118
1 0.0065081976470588235
2 0.013295573333333335
3 0.01773822588235294
4 0.0243032462745098
5 0.027082505490196078
6 0.02865390901960784
7 0.025848861568627448
8 0.02183271921568628
9 0.01891648586702
10 0.019504362355472617
11 0.028725443137254898
12 0.041346396078431366
13 0.05308567450980392
14 0.0625687411764706
15 0.06810585490196078
16 0.06536807843137256
17 0.06162785098039215
18 0.057163704205199665
19 0.049266290338325656
20 0.031480768627450986
21 0.0274146431372549
22 0.02874816862745098
23 0.026853384313725494
0 0.022572435294117642
1 0.02135229803921569
2 0.017638494117647053
3 0.02220059215686274
4 0.024270807843137253
5 0.02542238823529412
6 0.02170783846786872
7 0.018762478849996548
8 0.012154876078431371
9 0.008319137254901961
10 0.00856227843137255
11 0.01795719215686275
12 0.02796138823529412
13 0.038582917647058824
14 0.0412810431372549
15 0.04248294509803921
16 0.04277376117647059
17 0.04112259607843137
18 0.03733589515767743
19 0.03184779093025646
20 0.027662345098039217
21 0.027490353557696145
22 0.02835992548819699
23 0.029108597921702332
0 0.030298052756342
1 0.030364272796615344
2 0.031582565944113565
3 0.03241434968790736
4 0.03275785741710873
5 0.03289199040355746
6 0.03316069064792783
7 0.03307218056072652
8 0.032044895615487276
9 0.031053666824029203
10 0.030653639783078595
11 0.03051746994843743
12 0.03088270049743987
13 0.0319983064411054
14 0.03444575932836763
15 0.03727637339925446
16 0.0398457925195396
17 0.0405687681286604
18 0.04063167110536495
19 0.03919718179042821
20 0.03649121003125386
21 0.03398986196483487
22 0.0324916105381837
23 0.030680872185640008
0 0.030764342724101838
1 0.030504359962974733
2 0.03016718936932859
3 0.02989212418022064
4 0.030073601173010927
5 0.030278664113222806
6 0.030428039247633227
7 0.03037104280827418
8 0.02719859115727699
9 0.025976654110615307
10 0.024922834401899005
11 0.024338009135223257
12 0.0225429010750084
