0 0.011365
1 0.022642
2 0.022738
3 0.013576000000000001
4 0.013382
5 0.013116
6 0.0044535
7 0.0056905
8 0.0093339
9 0.0074662
10 0.0051296
11 0.0044843
12 0.0041478
13 0.0044829
14 0.004901399999999999
15 0.0049617
16 0.0046717
17 0.0044724000000000005
18 0.0057055
19 0.0086513
20 0.014085
21 0.017363
22 0.018541000000000002
23 0.015666
0 0.019546
1 0.023036
2 0.020367999999999997
3 0.011559
4 0.0078057
5 0.008010999999999999
6 0.0060693000000000006
7 0.0088634
8 0.012085
9 0.013125
10 0.014013
11 0.013476
12 0.010474
13 0.013425000000000001
14 0.014516999999999999
15 0.0073000999999999995
16 0.0055202
17 0.0055636999999999995
18 0.0061356
19 0.0078724
20 0.011108
21 0.010946
22 0.013354
23 0.015646
0 0.020114999999999997
1 0.027135000000000003
2 0.027496
3 0.025133
4 0.015233
5 0.015812
6 0.014397
7 0.015926
8 0.015718
9 0.013827
10 0.01394
11 0.014456
12 0.013777
13 0.011012000000000001
14 0.0072598
15 0.0095108
16 0.0065965
17 0.0043773
18 0.0065863
19 0.013334
20 0.023701
21 0.036679
22 0.038212
23 0.035039
0 0.032055999999999994
1 0.025731
2 0.014753
3 0.012039999999999999
4 0.0084298
5 0.0065165
6 0.0064343000000000004
7 0.013642
8 0.017616
9 0.022373999999999998
10 0.024505
11 0.019357
12 0.012875
13 0.0074749
14 0.0068022
15 0.0063932
16 0.0040736
17 0.0053092
18 0.0092864
19 0.017795000000000002
20 0.036159
21 0.023732
22 0.012221
23 0.018460999999999998
0 0.025974
1 0.02307
2 0.02266
3 0.011195
4 0.010394
5 0.0088513
6 0.014635
7 0.018204
8 0.027072
9 0.033759
10 0.035067999999999995
11 0.010317999999999999
12 0.0063888
13 0.0053479999999999995
14 0.0046039
15 0.0045271999999999995
16 0.0043693
17 0.004235
18 0.0050618
19 0.0047115
20 0.0048847
21 0.0048664
22 0.0044646
23 0.004165899999999999
0 0.0035708000000000003
1 0.0031587
2 0.0024867
3 0.0023386
4 0.0023833
5 0.0024009
6 0.0023149000000000004
7 0.0032162000000000002
8 0.0063620000000000005
9 0.0076148
10 0.006224
11 0.005201900000000001
12 0.0044066
13 0.0038893
14 0.0040663999999999995
15 0.0038686
16 0.0034026
17 0.0035525
18 0.004183200000000001
19 0.0061051000000000005
20 0.0078116
21 0.0085647
22 0.0086446
23 0.0089108
0 0.005848099999999999
1 0.0046426
2 0.0029561
3 0.0025838000000000002
4 0.0022291
5 0.0021181999999999998
6 0.0024325
7 0.0038363
8 0.010537000000000001
9 0.007936799999999999
10 0.0064734
11 0.0059322
12 0.0055521
