0 23.0
1 32.8
2 24.2
3 22.0
4 19.1
5 19.0
6 21.0
7 21.0
8 22.0
9 15.2
10 22.8
11 38.7
12 25.3
13 23.0
14 22.0
15 14.2
16 11.1
17 11.0
18 12.0
19 13.8
20 15.9
21 13.1
22 23.8
23 83.7
0 30.2
1 23.1
2 24.0
3 22.0
4 19.1
5 26.8
6 21.1
7 22.0
8 23.0
9 25.0
10 42.6
11 37.1
12 24.3
13 15.2
14 16.0
15 19.9
16 18.0
17 12.1
18 17.9
19 20.9
20 20.0
21 23.9
22 25.0
23 41.6
0 33.2
1 21.3
2 21.0
3 29.8
4 22.2
5 24.0
6 19.6
7 21.0
8 25.9
9 25.0
10 40.6
11 25.4
12 24.0
13 15.2
14 14.0
15 14.0
16 15.0
17 11.1
18 13.0
19 14.0
20 16.9
21 21.9
22 29.8
23 32.9
0 19.8
1 20.0
2 20.0
3 21.0
4 26.9
5 23.1
6 21.0
7 23.0
8 24.0
9 20.1
10 22.9
11 27.9
12 21.2
13 13.2
14 15.0
15 16.0
16 12.1
17 10.4
18 12.0
19 14.9
20 17.0
21 20.9
22 24.9
23 20.1
0 36.6
1 37.0
2 26.2
3 16.2
4 18.0
5 27.8
6 22.1
7 19.1
8 20.0
9 21.0
10 25.9
11 26.0
12 22.1
13 11.4
14 11.0
15 10.5
16 14.9
17 17.9
18 14.1
19 13.0
20 18.9
21 20.0
22 21.6
23 30.8
0 55.4
1 40.9
2 17.5
3 16.0
4 20.9
5 35.7
6 25.3
7 29.9
8 24.1
9 22.0
10 33.7
11 30.1
12 38.8
13 18.5
14 25.8
15 14.3
16 19.9
17 12.2
18 12.0
19 14.9
20 15.0
21 22.8
22 30.8
23 30.0
0 51.5
1 60.8
2 28.7
3 40.7
4 23.4
5 30.8
6 32.0
7 22.2
8 22.0
9 32.8
10 41.8
11 43.0
12 23.8
