0 27.0
1 26.0
2 17.0
3 14.0
4 12.0
5 11.0
6 13.0
7 16.0
8 30.0
9 47.0
10 54.0
11 69.0
12 58.0
13 42.0
14 30.0
15 27.0
16 26.0
17 21.0
18 20.0
19 18.0
20 19.0
21 23.0
22 28.0
23 27.0
0 23.0
1 24.0
2 19.0
3 13.0
4 13.0
5 15.0
6 16.0
7 22.0
8 31.0
9 57.0
10 77.0
11 56.0
12 48.0
13 38.0
14 38.0
15 33.0
16 34.0
17 31.0
18 29.0
19 27.0
20 26.0
21 26.0
22 29.0
23 27.0
0 25.0
1 25.0
2 23.0
3 22.0
4 25.0
5 22.0
6 16.0
7 21.0
8 29.0
9 30.0
10 37.0
11 38.0
12 40.0
13 38.0
14 28.0
15 24.0
16 25.0
17 23.0
18 22.0
19 30.0
20 31.0
21 29.0
22 31.0
23 24.0
0 27.0
1 32.0
2 23.0
3 21.0
4 20.0
5 23.0
6 20.0
7 32.0
8 40.0
9 51.0
10 76.0
11 77.0
12 70.0
13 59.0
14 40.0
15 34.0
16 34.0
17 36.0
18 30.0
19 32.0
20 29.0
21 26.0
22 30.0
23 28.0
0 30.0
1 26.0
2 20.0
3 20.0
4 20.0
5 18.0
6 20.0
7 25.0
8 34.0
9 51.0
10 63.0
11 68.0
12 54.0
13 38.0
14 33.0
15 29.0
16 32.0
17 30.0
18 32.0
19 29.0
20 23.0
21 22.0
22 21.0
23 22.0
0 23.0
1 26.0
2 18.0
3 17.0
4 16.0
5 17.0
6 20.0
7 24.0
8 37.0
9 55.0
10 67.0
11 57.0
12 45.0
13 48.0
14 49.0
15 48.0
16 46.0
17 43.0
18 40.0
19 39.0
20 32.0
21 27.0
22 25.0
23 30.0
0 33.0
1 26.0
2 23.0
3 18.0
4 17.0
5 17.0
6 20.0
7 31.0
8 0.0
9 0.0
10 0.0
11 0.0
12 0.0
