0 0.01
1 0.011
2 0.009
3 0.008
4 0.008
5 0.006
6 0.0
7 0.0
8 0.0
9 0.012
10 0.032
11 0.04
12 0.054
13 0.055
14 0.051
15 0.035
16 0.033
17 0.031
18 0.025
19 0.019
20 0.021
21 0.007
22 0.008
23 0.007
0 0.006
1 0.008
2 0.009
3 0.009
4 0.007
5 0.005
6 0.0
7 0.002
8 0.004
9 0.017
10 0.036
11 0.046
12 0.049
13 0.056
14 0.057
15 0.054
16 0.052
17 0.05
18 0.039
19 0.027
20 0.024
21 0.009
22 0.006
23 0.008
0 0.014
1 0.012
2 0.007
3 0.011
4 0.012
5 0.008
6 0.007
7 0.005
8 0.011
9 0.023
10 0.044
11 0.062
12 0.061
13 0.051
14 0.048
15 0.045
16 0.051
17 0.052
18 0.048
19 0.027
20 0.027
21 0.014
22 0.014
23 0.013
0 0.011
1 0.014
2 0.014
3 0.013
4 0.015
5 0.008
6 0.007
7 0.003
8 0.007
9 0.021
10 0.046
11 0.058
12 0.057
13 0.058
14 0.07
15 0.057
16 0.042
17 0.04
18 0.037
19 0.03
20 0.021
21 0.018
22 0.019
23 0.021
0 0.018
1 0.016
2 0.015
3 0.017
4 0.015
5 0.014
6 0.01
7 0.004
8 0.007
9 0.018
10 0.037
11 0.056
12 0.063
13 0.062
14 0.063
15 0.068
16 0.064
17 0.042
18 0.034
19 0.026
20 0.007
21 0.016
22 0.018
23 0.02
0 0.014
1 0.016
2 0.011
3 0.014
4 0.01
5 0.012
6 0.007
7 0.002
8 0.0
9 0.0
10 0.0
11 0.0
12 0.0
13 0.0
14 0.0
15 0.0
16 0.0
17 0.0
18 0.0
19 0.0
20 0.0
21 0.0
22 0.0
23 0.0
0 0.0
1 0.0
2 0.0
3 0.0
4 0.0
5 0.0
6 0.0
7 0.0
8 0.0
9 0.0
10 0.0
11 0.0
12 0.0
