0 0.124
1 0.109
2 0.095
3 0.096
4 0.083
5 0.081
6 0.076
7 0.108
8 0.172
9 0.239
10 0.26
11 0.268
12 0.257
13 0.243
14 0.236
15 0.245
16 0.261
17 0.265
18 0.26
19 0.253
20 0.244
21 0.236
22 0.231
23 0.208
0 0.175
1 0.154
2 0.135
3 0.126
4 0.119
5 0.116
6 0.104
7 0.115
8 0.158
9 0.196
10 0.221
11 0.239
12 0.229
13 0.233
14 0.239
15 0.257
16 0.272
17 0.285
18 0.302
19 0.306
20 0.278
21 0.252
22 0.24
23 0.22
0 0.201
1 0.188
2 0.172
3 0.152
4 0.135
5 0.122
6 0.11
7 0.119
8 0.128
9 0.151
10 0.198
11 0.224
12 0.228
13 0.229
14 0.237
15 0.259
16 0.274
17 0.297
18 0.317
19 0.329
20 0.305
21 0.289
22 0.267
23 0.234
0 0.197
1 0.173
2 0.158
3 0.142
4 0.128
5 0.106
6 0.108
7 0.123
8 0.166
9 0.249
10 0.395
11 0.424
12 0.386
13 0.348
14 0.337
15 0.334
16 0.335
17 0.337
18 0.335
19 0.327
20 0.3
21 0.276
22 0.263
23 0.244
0 0.219
1 0.176
2 0.143
3 0.128
4 0.118
5 0.103
6 0.104
7 0.127
8 0.183
9 0.266
10 0.372
11 0.369
12 0.326
13 0.302
14 0.292
15 0.303
16 0.317
17 0.333
18 0.346
19 0.341
20 0.305
21 0.281
22 0.264
23 0.241
0 0.21
1 0.172
2 0.143
3 0.123
4 0.11
5 0.099
6 0.092
7 0.121
8 0.174
9 0.286
10 0.339
11 0.318
12 0.283
13 0.268
14 0.278
15 0.293
16 0.307
17 0.321
18 0.321
19 0.306
20 0.279
21 0.259
22 0.238
23 0.213
0 0.199
1 0.179
2 0.155
3 0.132
4 0.11
5 0.096
6 0.092
7 0.123
8 0.0
9 0.0
10 0.0
11 0.0
12 0.0
