0 0.0
1 0.0
2 0.0
3 0.0
4 0.0
5 0.0
6 0.0
7 0.0
8 0.0
9 0.0
10 0.0
11 0.0
12 0.0
13 49.66959706959707
14 39.83638583638584
15 33.41978021978022
16 29.711599511599513
17 25.357020757020756
18 22.67936507936508
19 20.33992673992674
20 19.66862026862027
21 21.33137973137973
22 24.662515262515264
23 25.826129426129427
0 24.408791208791207
1 24.17773256036192
2 22.27942527589435
3 17.298168498168497
4 15.147496947496947
5 15.073015873015873
6 15.536019536019536
7 18.76849816849817
8 24.885714285714286
9 40.947008547008544
10 58.97948717948718
11 57.49328449328449
12 52.74969474969475
13 45.376556776556775
14 41.69059829059829
15 37.34774114774115
16 35.676434676434674
17 33.34017094017094
18 31.17167277167277
19 29.086446886446886
20 27.542612942612944
21 26.76752136752137
22 27.87789987789988
23 27.485378185476794
0 26.80382453194536
1 26.15729296683304
2 25.152325024189913
3 23.90853846754696
4 24.483105800829442
5 23.965689158705814
6 19.94452601632819
7 20.415528085516183
8 24.264810353755163
9 27.00847822188139
10 32.15848595848596
11 35.08058608058608
12 37.54212454212454
13 37.77264957264957
14 32.886935286935284
15 28.443711843711842
16 26.721855921855923
17 24.86105006105006
18 23.62004960258079
19 26.61000541548651
20 28.58619310338245
21 28.772061144427912
22 29.772563254840748
23 27.170078916108313
0 27.145475519018902
1 28.761513648319387
2 26.943422413952366
3 24.834244071737317
4 22.861648038753064
5 22.913530024220666
6 21.818282229796882
7 25.639100428964085
8 33.3018315018315
9 42.15360195360196
10 59.082295482295486
11 68.04761904761905
12 69.02905982905983
13 64.01782661782661
14 52.010989010989015
15 43.00708180708181
16 38.50525030525031
17 37.25421245421246
18 33.62832722832723
19 32.81416361416361
20 30.905738705738706
21 28.449816849816848
22 29.21929181929182
23 28.603663003663005
0 29.296947496947496
1 28.201683129375642
2 24.339149036773104
3 22.405255023354776
4 21.33086946034459
5 19.895845089843306
6 19.937018617049468
7 22.062068546643946
8 27.783003990394633
9 39.595115995116
10 51.301587301587304
11 59.65567765567766
12 56.83076923076923
13 47.41684981684982
14 40.21001221001221
15 34.606105006105004
16 33.30451770451771
17 31.653724053724055
18 31.82832722832723
19 30.414652014652013
20 26.705982905982907
21 24.349450549450548
22 22.66959706959707
23 22.329181929181928
0 22.775838797200787
1 24.158337270274007
2 21.47982506699375
3 19.291796565061876
4 17.53797313797314
5 17.267399267399266
6 18.608981694154252
7 20.70780027764347
8 29.15946275946276
9 42.08376068376069
10 54.547496947496946
11 55.778021978021975
12 50.39169719169719
13 49.1985347985348
14 49.1030525030525
15 48.55531135531135
16 47.28131868131868
17 45.14383394383395
18 42.57435897435897
19 41.23149940597151
20 36.393894993894996
21 31.693528693528695
22 28.34163614163614
23 29.226048603099624
0 31.07268540395957
1 28.58475128393111
2 25.766056166056167
3 21.87936507936508
4 19.436141636141635
5 18.214896214896214
6 19.105006105006105
7 24.88837097337018
8 0.0
9 0.0
10 0.0
11 0.0
12 0.0
