0 0.0
1 0.0
2 0.0
3 0.0
4 0.0
5 0.0
6 0.0
7 0.0
8 0.0
9 0.18642745098039215
10 0.22353725490196075
11 0.24610588235294117
12 0.2518941176470588
13 0.24776470588235294
14 0.2421960784313725
15 0.24441520056216426
16 0.25090664658333534
17 0.25434779278686004
18 0.25502268320036936
19 0.25365820156172975
20 0.25166984175572904
21 0.2494534925931718
22 0.24662445268416117
23 0.23522494376302522
0 0.20977128373990192
1 0.18340104526676365
2 0.15788247641702796
3 0.14145164107991767
4 0.12966219318499983
5 0.12256603024781433
6 0.11299607843137255
7 0.1153292998110632
8 0.13070902746139115
9 0.1636067774012094
10 0.193678431372549
11 0.21656078431372547
12 0.2229960784313726
13 0.22822745098039213
14 0.23387843137254902
15 0.24168079703721906
16 0.24929642378871378
17 0.2582213695077981
18 0.2719184826905361
19 0.28282229770606376
20 0.2824792229802465
21 0.27588916608394093
22 0.2681939324182047
23 0.25188206389620127
0 0.23067397119920366
1 0.21131521651812069
2 0.1913183917212643
3 0.17237546187721017
4 0.1541770129753564
5 0.13718271186238856
6 0.12309803921568627
7 0.12229370609954202
8 0.12505960223053658
9 0.13464670333378553
10 0.16379153563420337
11 0.19605882352941176
12 0.21221176470588235
13 0.22081568627450981
14 0.22907578180738514
15 0.24435294117647063
16 0.25686427460133066
17 0.26761284694686754
18 0.28234678443637035
19 0.29927629126012617
20 0.30219516908776356
21 0.29881907527641244
22 0.291848248696348
23 0.2735803635854874
0 0.23752641403815128
1 0.20267969421348417
2 0.17872549019607845
3 0.15999607843137253
4 0.14365098039215687
5 0.12446666666666666
6 0.11592156862745097
7 0.11980730418655912
8 0.1385194803970784
9 0.1959294117647059
10 0.29592941176470594
11 0.36051764705882355
12 0.3737647058823529
13 0.36135686274509804
14 0.34962745098039216
15 0.34222745098039214
16 0.34145054274986686
17 0.34880417991018653
18 0.3436570285749364
19 0.33803056985621677
20 0.32792046884534226
21 0.31413505500387234
22 0.2986502976882286
23 0.2785057548286095
0 0.25225215235788684
1 0.21012909454951964
2 0.1749607843137255
3 0.15109019607843133
4 0.13418823529411766
5 0.11825490196078432
6 0.1108156862745098
7 0.118678431372549
8 0.14686047834107321
9 0.20856078431372552
10 0.29072941176470585
11 0.33033725490196075
12 0.3285764705882352
13 0.31567843137254903
14 0.3042078431372548
15 0.3039490196078431
16 0.31280170027181686
17 0.3206513373988016
18 0.32503390425367557
19 0.3252775429800496
20 0.32097735190804644
21 0.31299966760892445
22 0.29961365899894826
23 0.27773912927831657
0 0.24555544953201358
1 0.20348235294117645
2 0.17284313725490197
3 0.14749411764705878
4 0.12836470588235294
5 0.11332549019607843
6 0.10232549019607844
7 0.11142745098039215
8 0.14088326325753509
9 0.2145450980392157
10 0.27715686274509804
11 0.2979607843137255
12 0.29081960784313715
13 0.27974117647058827
14 0.279235294117647
15 0.2863932069774552
16 0.29447439075837645
17 0.30134969453021737
18 0.30324209969211324
19 0.3030851941076094
20 0.298904424354698
21 0.29092577635894395
22 0.2743488490604949
23 0.2488643668786517
0 0.22650695704843823
1 0.2018996471783994
2 0.17646148434981218
3 0.15365098039215688
4 0.13149411764705882
5 0.11342745098039214
6 0.10242745098039216
7 0.1125372549019608
8 0.0
9 0.0
10 0.0
11 0.0
12 0.0
