0 0.0
1 0.0
2 0.0
3 0.0
4 0.0
5 0.0
6 0.0
7 0.0
8 0.0
9 0.0
10 0.0
11 0.0333568281938326
12 0.04437344398340248
13 0.049935483870967745
14 0.05047619047619048
15 0.04267716535433071
16 0.03781960784313726
17 0.03541575591798506
18 0.02970980392156863
19 0.02431372549019608
20 0.022592156862745096
21 0.014701960784313727
22 0.011266666666666668
23 0.009078431372549019
0 0.0074862745098039215
1 0.007698039215686274
2 0.008317647058823529
3 0.008639215686274508
4 0.0078355273592387
5 0.006559958510971093
6 0.0
7 0.0
8 0.0
9 0.010841004184100419
10 0.023882591093117408
11 0.035191235059760954
12 0.04223320158102767
13 0.04924409448818897
14 0.053137254901960786
15 0.05367058823529412
16 0.05292941176470588
17 0.05176195135977689
18 0.047766828561344205
19 0.03609803921568627
20 0.030000000000000002
21 0.019407843137254903
22 0.012603921568627451
23 0.010211764705882354
0 0.01203137254901961
1 0.011941176470588235
2 0.009407843137254904
3 0.010172549019607843
4 0.011062745098039218
5 0.009529411764705883
6 0.008266666666666665
7 0.006627450980392157
8 0.008807843137254901
9 0.015925490196078432
10 0.03003529411764706
11 0.04611764705882353
12 0.053654901960784304
13 0.052411764705882345
14 0.05028627450980393
15 0.04772156862745098
16 0.0494392156862745
17 0.05083760891684455
18 0.05017659529030091
19 0.038129411764705884
20 0.0329162017469678
21 0.023176470588235295
22 0.018521568627450982
23 0.015698039215686275
0 0.013270588235294119
1 0.013560784313725491
2 0.01371372549019608
3 0.013329411764705885
4 0.013763402644473684
5 0.011226842824423454
6 0.009015686274509804
7 0.0059882352941176475
8 0.006486274509803922
9 0.013756862745098039
10 0.02994117647058824
11 0.04405882352941177
12 0.05061176470588235
13 0.05440392156862746
14 0.062325490196078435
15 0.05976862745098039
16 0.0509529411764706
17 0.04693276343528508
18 0.04177010619775688
19 0.035564705882352936
20 0.028211764705882353
21 0.023027450980392158
22 0.020913725490196076
23 0.02088627450980392
0 0.01939607843137255
1 0.01765098039215686
2 0.01628235294117647
3 0.01710758300435267
4 0.016380812612017175
5 0.015430927835051551
6 0.012427450980392158
7 0.008180392156862745
8 0.007568627450980393
9 0.012788235294117647
10 0.024937254901960786
11 0.04054509803921569
12 0.05186666666666666
13 0.05702745098039216
14 0.060117647058823526
15 0.06418431372549022
16 0.06420392156862746
17 0.05399000646054429
18 0.04356862745098039
19 0.03472549019607844
20 0.020752941176470596
21 0.018286274509803923
22 0.018054901960784315
23 0.018933333333333333
0 0.01636862745098039
1 0.01613333333333333
2 0.013521568627450978
3 0.013737254901960786
4 0.011874509803921568
5 0.011929411764705883
6 0.009443137254901961
7 0.005686274509803922
8 0.0
9 0.0
10 0.0
11 0.0
12 0.0
13 0.0
14 0.0
15 0.0
16 0.0
17 0.0
18 0.0
19 0.0
20 0.0
21 0.0
22 0.0
23 0.0
0 0.0
1 0.0
2 0.0
3 0.0
4 0.0
5 0.0
6 0.0
7 0.0
8 0.0
9 0.0
10 0.0
11 0.0
12 0.0
