0 0.0
1 0.0
2 0.0
3 0.0
4 0.0
5 0.0
6 0.0
7 0.0
8 0.0
9 0.0
10 0.0
11 0.0
12 0.0
13 25.230915750915752
14 23.615189255189254
15 18.906642246642246
16 15.002344322344323
17 13.000195360195361
18 12.498998778998777
19 13.148620268620268
20 14.523565323565325
21 13.811526251526253
22 18.805885225885227
23 51.25843711843712
0 40.72981684981685
1 31.914920634920637
2 27.95770451770451
3 24.979804639804637
4 22.040879120879126
5 24.422368742368747
6 22.762295482295478
7 22.38214896214896
8 22.6919413919414
9 23.847423687423685
10 33.226007326007334
11 35.157313797313805
12 29.72793650793651
13 22.46300366300366
14 19.23052503052503
15 19.565006105006105
16 18.78236874236874
17 15.439389499389499
18 16.669304029304033
19 18.784517704517704
20 19.39189255189255
21 21.645811965811966
22 23.32075702075702
23 32.46092796092796
0 32.83155067155067
1 27.066520146520148
2 24.033870573870573
3 26.918144078144078
4 24.559584859584863
5 24.28124542124542
6 21.94083028083028
7 21.47042735042735
8 23.685934065934063
9 24.343101343101345
10 32.473455433455435
11 28.93474969474969
12 26.466251526251526
13 20.83238095238096
14 17.415335775335777
15 15.705738705738705
16 15.351990231990229
17 13.224420024420024
18 13.111404151404153
19 13.554847374847375
20 15.226324786324783
21 18.562783882783883
22 24.180073260073257
23 28.540952380952376
0 24.16996336996337
1 22.085567765567767
2 21.043516483516484
3 21.02261294261294
4 23.96275946275946
5 23.532844932844935
6 22.267399267399266
7 22.637711340368554
8 23.20294121831614
9 21.965801926087753
10 22.331561071269793
11 23.972706845273372
12 23.168096572817213
13 18.174554334554337
14 16.586666666666666
15 16.292722832722827
16 14.194554334554335
17 12.295726495726498
18 12.146764346764346
19 13.52239316239316
20 15.26034188034188
21 18.08026862026862
22 21.490378510378505
23 20.794236874236873
0 28.69899877899878
1 32.852405372405364
2 29.52757020757021
3 22.86380952380953
4 20.43262515262515
5 24.11843711843711
6 23.11045177045177
7 21.105738705738712
8 20.553235653235653
9 20.77663003663003
10 23.33843711843712
11 24.669938949938956
12 23.383199023199023
13 17.388473748473746
14 14.192380952380951
15 12.345494505494505
16 13.622368742368744
17 15.759975579975578
18 14.929010989010987
19 13.963760683760684
20 16.43174603174603
21 18.215750915750917
22 19.907350427350433
23 25.354261294261292
0 40.38119658119659
1 40.64420024420025
2 29.07289377289378
3 22.53711843711843
4 21.71929181929181
5 28.7118192918193
6 27.007277167277174
7 28.455702075702067
8 26.278485958485952
9 24.139487179487187
10 28.921221001221003
11 29.510525030525027
12 34.153235653235654
13 26.323882783882784
14 26.062954822954822
15 20.18126984126984
16 20.04051282051282
17 16.117387057387056
18 14.057069597069598
19 14.476703296703299
20 14.737240537240535
21 18.76871794871795
22 24.784004884004887
23 27.391990231990228
0 39.4475457875458
1 50.12893772893772
2 39.414822954822945
3 40.060634920634925
4 31.730744810744813
5 31.267643467643463
6 31.636263736263732
7 26.919023199023204
8 24.460366300366303
9 28.631404151404144
10 35.21704517704518
11 39.11010989010989
12 31.451672771672772
