0 0.0133
1 0.0148
2 0.012
3 0.0166
4 0.0168
5 0.0139
6 0.0175
7 0.0142
8 0.0139
9 0.0189
10 0.0232
11 0.0199
12 0.0123
13 0.0106
14 0.0068
15 0.0051
16 0.0045
17 0.0055
18 0.0074
19 0.0099
20 0.0134
21 0.0263
22 0.0253
23 0.0234
0 0.0217
1 0.0172
2 0.016
3 0.0134
4 0.0138
5 0.0188
6 0.0179
7 0.0169
8 0.0156
9 0.0231
10 0.0236
11 0.0159
12 0.0075
13 0.0069
14 0.0078
15 0.0078
16 0.0074
17 0.0104
18 0.0174
19 0.0168
20 0.0181
21 0.0254
22 0.0285
23 0.0179
0 0.0138
1 0.0139
2 0.013
3 0.013
4 0.0137
5 0.0137
6 0.0164
7 0.0155
8 0.0137
9 0.0123
10 0.0099
11 0.0128
12 0.0078
13 0.0064
14 0.0065
15 0.0066
16 0.0055
17 0.0067
18 0.0136
19 0.0193
20 0.0191
21 0.0304
22 0.0273
23 0.0174
0 0.0249
1 0.019
2 0.0156
3 0.0142
4 0.0155
5 0.0167
6 0.0185
7 0.0232
8 0.0193
9 0.0163
10 0.0165
11 0.0166
12 0.0112
13 0.0111
14 0.0
15 0.0049
16 0.005
17 0.0062
18 0.0102
19 0.0162
20 0.0207
21 0.0131
22 0.0111
23 0.0
0 0.0142
1 0.0138
2 0.0157
3 0.0124
4 0.0145
5 0.013
6 0.0202
7 0.023
8 0.0218
9 0.0197
10 0.022
11 0.0203
12 0.0102
13 0.0095
14 0.0083
15 0.01
16 0.0086
17 0.007
18 0.0095
19 0.0175
20 0.0295
21 0.024
22 0.016
23 0.016
0 0.018
1 0.0183
2 0.0175
3 0.0137
4 0.0135
5 0.0119
6 0.0198
7 0.0223
8 0.0219
9 0.0236
10 0.031
11 0.0155
12 0.0094
13 0.0103
14 0.0115
15 0.0097
16 0.0072
17 0.0058
18 0.0065
19 0.0
20 0.0285
21 0.0179
22 0.0153
23 0.0
0 0.018
1 0.0188
2 0.0147
3 0.0196
4 0.0148
5 0.0142
6 0.0184
7 0.0232
8 0.0249
9 0.0274
10 0.0339
11 0.0131
12 0.0106
