0 0.0018
1 0.0019
2 0.0019
3 0.0018
4 0.0019
5 0.0022
6 0.0021000000000000003
7 0.0021000000000000003
8 0.002
9 0.0024
10 0.0021000000000000003
11 0.002
12 0.0019
13 0.002
14 0.0021000000000000003
15 0.0022
16 0.0021000000000000003
17 0.0022
18 0.0017
19 0.002
20 0.0022
21 0.0018
22 0.0014
23 0.0015
0 0.002
1 0.0021000000000000003
2 0.0018
3 0.0022
4 0.002
5 0.0021000000000000003
6 0.002
7 0.0014
8 0.0019
9 0.0025
10 0.0024
11 0.0024
12 0.0
13 0.0027
14 0.0027
15 0.0026
16 0.0031
17 0.0029
18 0.0028
19 0.0028
20 0.0035
21 0.0036
22 0.0032
23 0.004900000000000001
0 0.004900000000000001
1 0.004
2 0.0046
3 0.0038
4 0.0033
5 0.0032
6 0.0029
7 0.0031
8 0.0029
9 0.0034
10 0.0031
11 0.0027
12 0.003
13 0.0033
14 0.0033
15 0.0034
16 0.0033
17 0.0031
18 0.0032
19 0.0032
20 0.0
21 0.0035
22 0.0035
23 0.0033
0 0.0036
1 0.0034
2 0.0032
3 0.0036
4 0.0034
5 0.0036
6 0.0034
7 0.0032
8 0.0035
9 0.0031
10 0.0037
11 0.0029
12 0.0031
13 0.0034
14 0.0034
15 0.0037
16 0.0036
17 0.0034
18 0.0035
19 0.0033
20 0.0031
21 0.0031
22 0.0034
23 0.0037
0 0.0033
1 0.0032
2 0.0033
3 0.0028
4 0.0033
5 0.0032
6 0.0032
7 0.0033
8 0.0035
9 0.004200000000000001
10 0.0034
11 0.0033
12 0.0035
13 0.0032
14 0.0034
15 0.0029
16 0.0
17 0.013900000000000001
18 0.0009
19 0.0011
20 0.0022
21 0.0023
22 0.0025
23 0.0023
0 0.002
1 0.0018
2 0.002
3 0.0021000000000000003
4 0.0019
5 0.0021000000000000003
6 0.0022
7 0.0021000000000000003
8 0.0021000000000000003
9 0.0
10 0.0018
11 0.0023
12 0.002
13 0.0017
14 0.0013
15 0.0017
16 0.0021000000000000003
17 0.0019
18 0.0024
19 0.0024
20 0.0026
21 0.0024
22 0.0022
23 0.0025
0 0.002
1 0.002
2 0.0023
3 0.0024
4 0.0022
5 0.0021000000000000003
6 0.0021000000000000003
7 0.0
8 0.0025
9 0.0019
10 0.0021000000000000003
11 0.0025
12 0.0
