0 27.72
1 28.11
2 19.09
3 22.26
4 20.6
5 21.55
6 21.66
7 21.34
8 34.46
9 36.29
10 42.59
11 58.67
12 39.11
13 42.99
14 45.2
15 38.45
16 34.83
17 37.34
18 34.05
19 35.76
20 36.42
21 28.85
22 35.88
23 30.81
0 35.01
1 27.4
2 22.33
3 26.24
4 30.06
5 35.51
6 36.04
7 40.02
8 46.7
9 59.26
10 61.9
11 56.52
12 58.91
13 79.05
14 83.48
15 70.85
16 67.67
17 62.95
18 64.06
19 67.34
20 67.51
21 111.56
22 126.48
23 138.81
0 128.95
1 102.06
2 94.14
3 111.38
4 91.8
5 80.51
6 62.59
7 66.93
8 74.27
9 73.0
10 68.79
11 65.17
12 52.93
13 56.75
14 54.15
15 43.3
16 41.33
17 39.52
18 47.34
19 75.56
20 75.56
21 39.7
22 40.85
23 71.88
0 92.67
1 64.02
2 81.89
3 64.26
4 88.02
5 61.25
6 59.7
7 84.69
8 119.97
9 124.4
10 109.07
11 86.24
12 75.77
13 73.44
14 80.37
15 71.15
16 55.43
17 52.96
18 50.07
19 45.99
20 43.04
21 64.06
22 91.6
23 130.64
0 94.19
1 115.48
2 121.27
3 71.13
4 46.39
5 75.98
6 66.94
7 77.96
8 127.77
9 136.04
10 129.01
11 83.11
12 80.95
13 88.68
14 74.79
15 57.78
16 44.89
17 44.87
18 57.46
19 57.82
20 22.78
21 39.85
22 28.58
23 24.27
0 25.92
1 20.82
2 20.32
3 24.92
4 22.31
5 15.31
6 15.67
7 13.2
8 12.36
9 0.0
10 0.0
11 16.74
12 14.1
13 10.23
14 10.8
15 14.53
16 19.17
17 22.99
18 22.52
19 26.16
20 24.13
21 12.58
22 7.23
23 10.4
0 13.14
1 11.51
2 11.05
3 9.15
4 8.3
5 8.18
6 8.76
7 11.55
8 14.29
9 15.26
10 20.96
11 16.45
12 13.44
