0 0.037
1 0.035
2 0.038
3 0.038
4 0.037
5 0.029
6 0.026
7 0.03
8 0.028
9 0.029
10 0.032
11 0.032
12 0.031
13 0.03
14 0.029
15 0.034
16 0.036
17 0.031
18 0.032
19 0.029
20 0.026
21 0.028
22 0.028
23 0.028
0 0.025
1 0.025
2 0.03
3 0.029
4 0.029
5 0.027
6 0.02
7 0.015
8 0.014
9 0.015
10 0.015
11 0.027
12 0.027
13 0.034
14 0.047
15 0.053
16 0.056
17 0.056
18 0.052
19 0.037
20 0.024
21 0.014
22 0.008
23 0.006
0 0.006
1 0.006
2 0.005
3 0.006
4 0.007
5 0.006
6 0.006
7 0.006
8 0.007
9 0.012
10 0.016
11 0.028
12 0.045
13 0.047
14 0.059
15 0.079
16 0.088
17 0.088
18 0.083
19 0.077
20 0.053
21 0.037
22 0.028
23 0.018
0 0.007
1 0.01
2 0.01
3 0.011
4 0.008
5 0.008
6 0.01
7 0.012
8 0.01
9 0.017
10 0.023
11 0.039
12 0.049
13 0.053
14 0.073
15 0.088
16 0.099
17 0.101
18 0.088
19 0.051
20 0.024
21 0.019
22 0.011
23 0.006
0 0.008
1 0.009
2 0.007
3 0.006
4 0.005
5 0.007
6 0.006
7 0.007
8 0.006
9 0.007
10 0.01
11 0.013
12 0.019
13 0.032
14 0.053
15 0.061
16 0.0
17 0.03
18 0.045
19 0.031
20 0.031
21 0.031
22 0.027
23 0.025
0 0.023
1 0.022
2 0.02
3 0.02
4 0.019
5 0.016
6 0.013
7 0.01
8 0.009
9 0.0
10 0.008
11 0.008
12 0.012
13 0.013
14 0.012
15 0.015
16 0.017
17 0.017
18 0.011
19 0.008
20 0.006
21 0.006
22 0.006
23 0.0
0 0.0
1 0.0
2 0.007
3 0.008
4 0.01
5 0.011
6 0.008
7 0.006
8 0.005
9 0.007
10 0.007
11 0.007
12 0.01
