0 0.25
1 0.27
2 0.22
3 0.2
4 0.18
5 0.31
6 0.32
7 0.3
8 0.38
9 0.42
10 0.42
11 0.46
12 0.45
13 0.4
14 0.41
15 0.4
16 0.43
17 0.37
18 0.35
19 0.41
20 0.48
21 0.4
22 0.35
23 0.36
0 0.4
1 0.37
2 0.33
3 0.31
4 0.33
5 0.28
6 0.35
7 0.33
8 0.41
9 0.6
10 0.64
11 0.39
12 0.54
13 0.48
14 0.43
15 0.71
16 0.86
17 0.89
18 0.82
19 0.62
20 0.76
21 0.91
22 1.03
23 1.56
0 1.73
1 1.17
2 1.28
3 0.84
4 0.84
5 0.69
6 0.64
7 0.6
8 0.67
9 0.9
10 0.91
11 0.88
12 0.47
13 0.48
14 0.44
15 0.52
16 0.61
17 0.69
18 0.71
19 0.75
20 0.86
21 0.93
22 0.94
23 1.18
0 1.57
1 1.26
2 1.11
3 0.98
4 0.85
5 0.71
6 0.72
7 0.75
8 0.95
9 0.81
10 0.86
11 0.67
12 0.48
13 0.69
14 0.89
15 0.95
16 0.93
17 0.81
18 0.67
19 0.6
20 0.81
21 0.93
22 1.01
23 1.49
0 1.0
1 0.74
2 0.67
3 0.67
4 0.56
5 0.5
6 0.71
7 0.59
8 0.84
9 1.71
10 1.11
11 0.91
12 0.81
13 0.87
14 1.07
15 0.54
16 0.0
17 0.3
18 0.38
19 0.36
20 0.34
21 0.32
22 0.29
23 0.31
0 0.29
1 0.26
2 0.25
3 0.25
4 0.24
5 0.26
6 0.33
7 0.39
8 0.48
9 0.0
10 0.6
11 0.59
12 0.45
13 0.45
14 0.46
15 0.39
16 0.39
17 0.41
18 0.51
19 0.53
20 0.56
21 0.73
22 0.53
23 0.61
0 0.63
1 0.56
2 0.5
3 0.46
4 0.35
5 0.33
6 0.4
7 0.52
8 0.52
9 0.48
10 0.67
11 0.95
12 0.78
