0 6.05
1 9.62
2 8.65
3 9.51
4 11.17
5 12.87
6 12.23
7 13.31
8 18.82
9 19.97
10 20.36
11 21.99
12 18.91
13 23.61
14 26.3
15 22.7
16 19.26
17 19.25
18 16.59
19 16.39
20 16.75
21 14.08
22 15.04
23 14.36
0 16.76
1 14.13
2 11.2
3 13.37
4 16.72
5 15.04
6 16.61
7 17.42
8 18.87
9 22.19
10 24.82
11 22.16
12 27.15
13 41.06
14 41.34
15 35.55
16 32.89
17 31.83
18 29.5
19 30.58
20 35.74
21 51.32
22 56.54
23 64.42
0 56.65
1 44.83
2 47.7
3 52.25
4 45.51
5 40.86
6 35.3
7 35.21
8 37.48
9 36.29
10 34.05
11 32.19
12 27.06
13 27.84
14 23.8
15 18.11
16 16.17
17 15.07
18 20.81
19 45.08
20 44.9
21 19.1
22 17.96
23 27.98
0 29.67
1 23.77
2 27.78
3 23.16
4 20.76
5 18.55
6 21.59
7 26.26
8 31.5
9 31.58
10 38.12
11 33.46
12 31.18
13 30.47
14 33.79
15 27.81
16 19.41
17 18.13
18 17.61
19 14.9
20 14.09
21 17.3
22 24.62
23 34.85
0 27.31
1 31.26
2 33.88
3 25.43
4 17.32
5 21.81
6 23.2
7 24.47
8 28.96
9 30.5
10 29.89
11 25.52
12 28.76
13 31.2
14 28.77
15 21.41
16 19.05
17 17.63
18 16.0
19 13.13
20 7.06
21 12.49
22 13.86
23 13.92
0 13.15
1 11.33
2 11.08
3 10.96
4 9.73
5 6.96
6 7.19
7 6.93
8 6.58
9 0.0
10 0.0
11 6.98
12 7.06
13 5.36
14 5.77
15 6.58
16 6.75
17 8.34
18 8.87
19 10.38
20 11.79
21 6.67
22 4.08
23 7.34
0 9.29
1 7.4
2 7.18
3 6.26
4 6.07
5 5.47
6 5.94
7 7.49
8 9.1
9 9.43
10 11.86
11 8.2
12 6.17
