0 0.0
1 0.0
2 0.0
3 0.0
4 0.0
5 0.0
6 0.0
7 0.0
8 0.0
9 0.0021358626536668083
10 0.002132459516744383
11 0.002105922954700899
12 0.002063022339138212
13 0.002042291061468923
14 0.0020543137569962308
15 0.002088465869463097
16 0.0020946696251660326
17 0.0020963207929846775
18 0.0020054420250774133
19 0.0020042052011961828
20 0.002058633427723428
21 0.001993233497495973
22 0.0017535489866251236
23 0.001654314621009379
0 0.001779013433171258
1 0.001894730859092454
2 0.0018612882359844542
3 0.0019864660742049825
4 0.00198937757773375
5 0.002032618799152882
6 0.002022975941393838
7 0.001797859613273781
8 0.0018339966100667864
9 0.002119244239188032
10 0.0022453550473379557
11 0.0023142582509734747
12 0.0
13 0.0
14 0.0
15 0.002626359832635984
16 0.0028732793522267207
17 0.002887649402390438
18 0.002844268774703557
19 0.0028228346456692912
20 0.003014785830190674
21 0.0032059014577636644
22 0.003215365004143177
23 0.0039833923321691495
0 0.004385094867496073
1 0.004225475179694226
2 0.004394856494653259
3 0.004163194255225416
4 0.0038613444512225043
5 0.003627149924989776
6 0.003285183687077321
7 0.0031983703437313987
8 0.0030911563352166104
9 0.0031996195743688293
10 0.0031576909804506177
11 0.0030243764164963795
12 0.003007754316476378
13 0.0030717903541156084
14 0.003134245927688096
15 0.003200563427434823
16 0.0032365068976768843
17 0.003196799110355015
18 0.0032013259257251134
19 0.003224076776941188
20 0.0
21 0.0
22 0.0
23 0.0033736401673640165
0 0.0034910931174089066
1 0.003445418326693227
2 0.003321739130434782
3 0.0034622047244094486
4 0.003433190545463267
5 0.0034588211235803646
6 0.0034451892489028636
7 0.003410849804745084
8 0.0034136591877159473
9 0.0033520435443796545
10 0.003430358426927224
11 0.003291556341984518
12 0.003239366541510814
13 0.00326691662475801
14 0.003295691408594116
15 0.003401063170774257
16 0.003447667276928029
17 0.0034481330516909115
18 0.003452166051655924
19 0.003434758322738805
20 0.0033804731893217017
21 0.0033193901416808144
22 0.003332462010597439
23 0.003392062765635692
0 0.003361532759673617
1 0.003324937652216947
2 0.003310493102726224
3 0.003172645333804018
4 0.0032094867966015184
5 0.0032101108478030907
6 0.0032017881516416993
7 0.0032060913614118864
8 0.0032759653510269497
9 0.0036260745440126895
10 0.00355206978588422
11 0.003472400809117196
12 0.0034850721079920655
13 0.0034171977965653834
14 0.0034192031460478288
15 0.003239748497265328
16 0.0
17 0.0
18 0.0
19 0.0028866108786610874
20 0.0025295546558704455
21 0.002411155378486056
22 0.0024541501976284583
23 0.002375590551181103
0 0.0021870588235294117
1 0.0019698039215686274
2 0.0019870588235294116
3 0.002071085861316308
4 0.0020166430744864637
5 0.0020356238498560686
6 0.002065821940346688
7 0.0020592930472652965
8 0.0020712629751443216
9 0.0
10 0.0
11 0.0
12 0.0020606694560669457
13 0.0018736842105263158
14 0.0015804780876494025
15 0.0016399209486166006
16 0.0018708661417322836
17 0.0018724797813735963
18 0.0021188334273400146
19 0.002248043630918307
20 0.0024372549019607845
21 0.0024199999999999994
22 0.0023163970610900544
23 0.002377246867531222
0 0.002273296951212781
1 0.002219656003839467
2 0.002234972679480668
3 0.0022730559072928216
4 0.002243239851240737
5 0.0022024962394913395
6 0.0021779651110926546
7 0.0
8 0.0
9 0.0
10 0.0021020920502092047
11 0.0023076923076923075
12 0.0
