0 0.0
1 0.0
2 0.0
3 0.0
4 0.0
5 0.0
6 0.0
7 0.0
8 0.0
9 0.02952338509520118
10 0.030209877087715862
11 0.03063348179765031
12 0.030266819881025187
13 0.03026075180587569
14 0.030165170673281016
15 0.031026616329177307
16 0.03236337303214575
17 0.03218209508738901
18 0.03214668770928559
19 0.03140909821523932
20 0.029692278047964447
21 0.029177789451607757
22 0.02882842003464454
23 0.028465069275921358
0 0.027489050006224685
1 0.0267330732362487
2 0.027354112635386906
3 0.02762842719615576
4 0.028008546219484856
5 0.027789947330896805
6 0.025159397303727207
7 0.019431372549019613
8 0.01669411764705882
9 0.01582745098039216
10 0.015384313725490194
11 0.021188235294117654
12 0.023890326130819005
13 0.029058823529411765
14 0.03808235294117648
15 0.04561568627450979
16 0.05089019607843137
17 0.05352549019607844
18 0.05283529411764706
19 0.04493725490196078
20 0.03446274509803921
21 0.0241921568627451
22 0.016019607843137256
23 0.01091764705882353
0 0.008360784313725491
1 0.007082352941176472
2 0.005949019607843138
3 0.005913725490196079
4 0.006423529411764706
5 0.0061748325811024395
6 0.00607658848537897
7 0.006054706060984978
8 0.006345557346837917
9 0.00927450980392157
10 0.012658823529411764
11 0.020372549019607843
12 0.032760784313725484
13 0.0399607843137255
14 0.04958431372549019
15 0.06443529411764706
16 0.07637647058823528
17 0.08233725490196078
18 0.08279999999999998
19 0.07999166922903668
20 0.06742256789230733
21 0.05173725490196078
22 0.039807843137254904
23 0.028784313725490195
0 0.017733333333333334
1 0.013713725490196078
2 0.01171372549019608
3 0.011227450980392156
4 0.009525490196078432
5 0.008705882352941178
6 0.00931764705882353
7 0.01040935996903188
8 0.01016558287073751
9 0.013678431372549019
10 0.018364705882352943
11 0.028737254901960788
12 0.03894901960784314
13 0.046062745098039204
14 0.0596549019607843
15 0.0739764705882353
16 0.0866627450980392
17 0.09399607843137256
18 0.09112549019607843
19 0.07108627450980393
20 0.04749411764705883
21 0.03318039215686275
22 0.02196862745098039
23 0.013823529411764705
0 0.010733333333333334
1 0.009686274509803923
2 0.008184313725490196
3 0.007003921568627452
4 0.0059647058823529405
5 0.006458823529411765
6 0.006251052510759541
7 0.006587988080296894
8 0.0063185200070817555
9 0.006514718163305407
10 0.00832941176470588
11 0.01067843137254902
12 0.014866666666666667
13 0.023482352941176475
14 0.038333333333333344
15 0.049772549019607835
16 0.0
17 0.0
18 0.0
19 0.035945606694560664
20 0.03341700404858299
21 0.03218725099601594
22 0.02952173913043478
23 0.027181102362204723
0 0.025169180834697314
1 0.023525490196078434
2 0.02279082435122435
3 0.021679748975763684
4 0.020412619256287387
5 0.01845666985008799
6 0.015577810078577455
7 0.012686274509803922
8 0.010815686274509802
9 0.0
10 0.0
11 0.0
12 0.010284518828451883
13 0.011680161943319837
14 0.011840637450199202
15 0.013442687747035572
16 0.015244094488188979
17 0.01612549019607843
18 0.013568627450980393
19 0.010784313725490198
20 0.008380392156862745
21 0.0071764705882352954
22 0.006576470588235294
23 0.0
0 0.0
1 0.0
2 0.0
3 0.0
4 0.008960352422907488
5 0.010049792531120332
6 0.009000000000000001
7 0.0074761904761904766
8 0.006228346456692914
9 0.006615686274509804
10 0.006807843137254903
11 0.006901960784313726
12 0.008450980392156865
