0 0.0
1 0.0
2 0.0
3 0.0
4 0.0
5 0.0
6 0.0
7 0.0
8 0.0
9 0.0
10 0.0
11 0.0
12 0.0
13 21.671724053724052
14 23.988017094017096
15 23.345619047619042
16 21.30379731379732
17 20.27767765567765
18 18.467956574462335
19 18.11297982397753
20 17.5967150218041
21 15.748820863931792
22 15.41810422125559
23 14.924501690945151
0 15.776791330935813
1 15.009185188074559
2 13.079223443223443
3 13.40964333748498
4 14.792854047746383
5 14.795150730242302
6 15.397265940137624
7 16.161173425593404
8 17.364085151021218
9 19.937452052679276
10 22.394744810744815
11 22.278324786324784
12 24.71543101343101
13 32.89100366300367
14 37.11918192918193
15 36.33729914529914
16 34.61562393162393
17 33.22486202686202
18 31.364004884004885
19 30.97360927960927
20 33.257244235460824
21 42.342989010989015
22 49.44536752136752
23 56.9378437118437
0 56.79752380952381
1 50.81422222222222
2 49.257887667887665
3 50.755982905982904
4 48.134532356532354
5 44.49836874236875
6 39.89989255189255
7 38.15133679968135
8 37.84749333738994
9 37.13643063107759
10 35.623174094799225
11 34.26654656436373
12 30.61362110964058
13 29.273393106715204
14 26.466107448107447
15 22.283885225885218
16 19.223360195360197
17 17.143531135531138
18 18.974996336996337
19 32.0287032967033
20 38.46525763125765
21 28.780529914529918
22 23.36830036630036
23 25.67363614163614
0 27.672136752136755
1 25.72057142857143
2 26.75077167277167
3 24.956002442002443
4 22.858561660561662
5 20.70470573870574
6 21.147448107448106
7 23.701426129426125
8 26.919448063749225
9 28.943512122566514
10 33.85799267399267
11 33.659665445665446
12 32.42001709401709
13 31.445826617826622
14 32.61864713064713
15 30.21489133089133
16 24.812280830280823
17 21.471089133089137
18 19.540058608058608
19 17.218642246642244
20 15.652195360195359
21 16.47435409035409
22 20.545528693528702
23 27.697934065934064
0 27.503494505494512
1 29.381843711843704
2 31.63093284493285
3 28.530175824175824
4 22.924832722832722
5 22.36786568986569
6 22.784615384615382
7 23.628476190476196
8 26.296053724053728
9 28.39963858363858
10 29.14546275946276
11 27.343232797726714
12 28.035951737309613
13 29.582478377286737
14 29.126695454853802
15 25.692222260591745
16 23.32569868212632
17 20.573166919787738
18 18.06367179990985
19 15.538852258852263
20 11.296752136752136
21 11.891177045177043
22 12.873631257631256
23 13.39539926739927
0 13.270793650793651
1 12.297970695970696
2 11.686825396825398
3 11.322136752136755
4 10.5249304029304
5 8.741162393162393
6 7.964505494505495
7 7.446495726495728
8 7.013189255189255
9 0.0
10 0.0
11 0.0
12 0.0
13 6.107787658313123
14 5.9299052011273385
15 6.262208052013001
16 6.508628613787991
17 7.429882092851879
18 8.152263041880971
19 9.268187820983124
20 10.53065493646139
21 8.599384465070832
22 6.339140415140414
23 6.839614163614164
0 8.065079365079365
1 7.732788766788766
2 7.456566544566545
3 6.858244200244199
4 6.464039072039072
5 5.966669108669107
6 5.952976800976802
7 6.7211355311355305
8 7.9102393162393145
9 8.670456654456657
10 10.266178266178267
11 9.233194139194142
12 7.701216117216119
