0 0.0013
1 0.0106
2 0.0079
3 0.0062
4 0.0072
5 0.009800000000000001
6 0.0154
7 0.0145
8 0.0175
9 0.0022
10 0.0
11 0.0
12 0.0
13 0.0
14 0.0006
15 0.0006
16 0.0
17 0.0
18 0.0
19 0.0
20 0.0
21 0.0
22 0.0
23 0.0
0 0.0021000000000000003
1 0.0
2 0.0
3 0.0
4 0.0
5 0.0
6 0.0
7 0.0
8 0.0
9 0.0
10 0.0
11 0.0
12 0.0
13 0.0
14 0.0006
15 0.0006
16 0.0
17 0.0006
18 0.0119
19 0.027399999999999997
20 0.0249
21 0.0287
22 0.0264
23 0.023
0 0.023600000000000003
1 0.024399999999999998
2 0.019899999999999998
3 0.0224
4 0.0213
5 0.022600000000000002
6 0.0242
7 0.0237
8 0.0206
9 0.019100000000000002
10 0.0
11 0.0006
12 0.0006
13 0.0
14 0.0007
15 0.0006
16 0.0006
17 0.0
18 0.0
19 0.0
20 0.0
21 0.0
22 0.0
23 0.0
0 0.0006
1 0.0006
2 0.0
3 0.0
4 0.0
5 0.0
6 0.0
7 0.0
8 0.0
9 0.0
10 0.0
11 0.0
12 0.0
13 0.0031
14 0.0208
15 0.0214
16 0.0179
17 0.0111
18 0.0114
19 0.0167
20 0.0208
21 0.0184
22 0.0249
23 0.0257
0 0.0232
1 0.0213
2 0.0185
3 0.0175
4 0.0141
5 0.0166
6 0.0161
7 0.0178
8 0.0155
9 0.0162
10 0.0
11 0.0
12 0.0
13 0.0
14 0.0
15 0.0
16 0.0
17 0.0
18 0.0
19 0.0
20 0.0
21 0.0
22 0.0
23 0.0
0 0.0
1 0.0
2 0.0
3 0.0
4 0.0
5 0.0
6 0.0
7 0.0
8 0.0
9 0.0
10 0.0
11 0.0
12 0.0
13 0.0
14 0.0
15 0.0
16 0.0
17 0.0
18 0.0
19 0.0
20 0.0
21 0.0
22 0.0
23 0.0
0 0.0
1 0.0
2 0.0
3 0.0
4 0.0
5 0.0
6 0.0
7 0.0
8 0.0
9 0.0
10 0.0
11 0.0
12 0.0
