0 0.0
1 0.0
2 0.0
3 0.0
4 0.0
5 0.0
6 0.0
7 0.0
8 0.0
9 0.0
10 0.0
11 0.0
12 0.0
13 43.280256410256406
14 44.24331623931625
15 41.34863492063493
16 38.09105494505494
17 37.71745543345544
18 35.885240537240534
19 36.171919580051984
20 36.277225617555494
21 32.48530647130647
22 34.18183394383396
23 33.112315128969755
0 33.79194496295331
1 31.23486079693223
2 27.390997291944323
3 27.04521952514726
4 28.25308654836532
5 31.080199909328346
6 33.00120316969483
7 36.36579340079061
8 41.84347985347985
9 50.55545299145299
10 56.23090354090355
11 56.37859096459097
12 57.64721367521368
13 68.35491330891332
14 75.92492307692308
15 73.39290842490841
16 70.5360463980464
17 66.74637362637363
18 65.40660805860807
19 66.50190136372835
20 67.10349864741278
21 88.96363282274962
22 107.87754334554334
23 123.35381929181928
0 126.16046153846155
1 114.1130402930403
2 104.12782173382175
3 107.75885958485955
4 99.78237606837607
5 90.1483321123321
6 76.3689865689866
7 71.64944322344323
8 72.96054700854701
9 72.9755653235653
10 70.87573870573871
11 68.01387789987788
12 60.462656898656896
13 58.6007960927961
14 56.37051526251527
15 49.82694505494505
16 45.81174441502657
17 43.04645025527127
18 45.05166968943188
19 59.584777084722
20 67.20476816287746
21 54.07910630288987
22 47.76360647895964
23 59.267791379862715
0 76.14048595848598
1 70.08113064713064
2 75.98895238095237
3 70.12703540903543
4 79.07921855921856
5 70.16726251526251
6 64.93514041514041
7 74.81368498168499
8 97.39726495726497
9 110.90897435897436
10 109.99781684981684
11 98.12066178266177
12 86.94326739926738
13 80.1927838827839
14 80.28120634920633
15 75.71644444444443
16 65.56924297924299
17 59.26360927960929
18 54.66562881562882
19 50.32308913308913
20 46.67215140415141
21 55.358708180708184
22 73.47722100122101
23 102.06403174603172
0 98.12926495726494
1 106.80976556776554
2 114.0448766788767
3 92.5874358974359
4 69.48761416361418
5 72.7366178266178
6 69.84036874236874
7 73.90408791208792
8 100.84738949938951
9 118.45248351648353
10 123.7358095238095
11 103.41710134310134
12 92.18193406593406
13 90.42769474969475
14 82.60317216117215
15 70.18995604395607
16 57.53979487179488
17 51.201098901098895
18 54.32939194139193
19 56.07223687423687
20 39.41329914529915
21 39.61990476190476
22 34.08768986568987
23 29.17166056166057
0 27.539111111111108
1 24.171269841269844
2 22.238984126984125
3 23.575479853479848
4 22.9399829059829
5 19.121382173382177
6 17.390588522588523
7 15.289846153846154
8 13.823650793650796
9 0.0
10 0.0
11 0.0
12 0.0
13 12.316453786041498
14 11.519707916986933
15 13.059687421855465
16 16.150691870521374
17 19.59144927536232
18 21.0608670095518
19 23.615759354365373
20 23.874506353861197
21 18.224494382022474
22 12.725904761904761
23 11.562178266178265
0 12.350971916971918
1 11.930642246642245
2 11.49035164835165
3 10.319518925518926
4 9.308432234432232
5 8.742407814407814
6 8.749523809523811
7 10.147978021978021
8 12.18663426213487
9 13.739221001221003
10 17.351286935286932
11 16.90138217338217
12 15.170727716727717
