0 0.0
1 0.0
2 0.0
3 0.0
4 0.0
5 0.0
6 0.0
7 0.0
8 0.0
9 0.37890196078431376
10 0.39984313725490195
11 0.4304313725490197
12 0.42772349756303296
13 0.41913970542208445
14 0.4170198409823353
15 0.4162534810744069
16 0.4217317585722099
17 0.4087231744859357
18 0.3909625478897702
19 0.39449206585926905
20 0.41738482141371125
21 0.4126764322808311
22 0.39429020239991747
23 0.384062364046703
0 0.38767312571496004
1 0.3828866541671584
2 0.3652599514991688
3 0.34282507235770376
4 0.3436696750276037
5 0.31941333672994104
6 0.3285893357109588
7 0.328461963559922
8 0.3543633116037105
9 0.4851372549019607
10 0.5631764705882354
11 0.4767450980392157
12 0.5087843137254903
13 0.4949916085278693
14 0.4637058874019784
15 0.5774963344878351
16 0.7243921568627449
17 0.8077647058823529
18 0.8142352941176471
19 0.7175686274509804
20 0.73921568627451
21 0.8254509803921569
22 0.9022630512716152
23 1.2461176470588236
0 1.4897647058823527
1 1.3304313725490198
2 1.3061176470588234
3 1.0734901960784313
4 0.9569019607843138
5 0.8230196078431371
6 0.7307450980392158
7 0.6634901960784313
8 0.6646666666666666
9 0.7818039215686277
10 0.8083373192105323
11 0.8332546057683904
12 0.670595292873258
13 0.5779225694023384
14 0.5058039215686273
15 0.5127450980392156
16 0.5612549019607843
17 0.6252156862745097
18 0.6672156862745098
19 0.6917792023796794
20 0.7822866140813338
21 0.8583529411764705
22 0.8891609418698985
23 1.0352549955784955
0 1.3075686274509803
1 1.2849019607843137
2 1.1982352941176473
3 1.1008678095819322
4 0.985009957077156
5 0.8394509803921568
6 0.7792941176470587
7 0.7638039215686274
8 0.8501890352649362
9 0.82993764058168
10 0.8337041578104636
11 0.780172081605031
12 0.6196270654069002
13 0.6544009409189633
14 0.7713192427164486
15 0.8601412755019626
16 0.894660752335416
17 0.8527759590747366
18 0.7619489830463714
19 0.6816791268781252
20 0.7513939033891883
21 0.8194928992805212
22 0.9002005511951923
23 1.2082745098039216
0 1.1042745098039215
1 0.9219999999999999
2 0.796
3 0.7331372549019608
4 0.6460784313725492
5 0.5721960784313724
6 0.6405098039215688
7 0.6134901960784314
8 0.7064957733624396
9 1.2201176470588235
10 1.165921568627451
11 1.0384313725490197
12 0.9247058823529413
13 0.8980784313725491
14 0.9847450980392157
15 0.7622745098039216
16 0.0
17 0.0
18 0.0
19 0.3813807531380753
20 0.35906882591093114
21 0.3381274900398406
22 0.3123320158102767
23 0.31070866141732273
0 0.3122044897328804
1 0.29230046444593505
2 0.2776505599878373
3 0.2699611819690131
4 0.2604391691394659
5 0.2594797510505279
6 0.2785215889844839
7 0.3256196078018332
8 0.4109803921568628
9 0.0
10 0.0
11 0.0
12 0.5057740585774059
13 0.47736842105263155
14 0.468804780876494
15 0.42909090909090913
16 0.40929133858267713
17 0.41974378415968155
18 0.44987414954617866
19 0.4682503043367079
20 0.5009349775647716
21 0.6204835277395068
22 0.5785583258351457
23 0.5938869421599638
0 0.6099618327723918
1 0.5906808852594121
2 0.5619228935916765
3 0.520270003973153
4 0.42537254901960786
5 0.38156379492799175
6 0.38999009881289487
7 0.45165530076194105
8 0.47616971183416573
9 0.4735678464398184
10 0.5769411764705882
11 0.7644313725490194
12 0.7730588235294119
