0 0.0270759834
1 0.0397041486
2 0.07144111169999999
3 0.0415791703
4 0.0381686576
5 0.046194698299999996
6 0.0
7 0.0323979313
8 0.0227625075
9 0.0262467578
10 0.0434377572
11 0.029532783299999997
12 0.0489505727
13 0.023135473099999998
14 0.0132998897
15 0.035356371500000004
16 0.0245956248
17 0.0275619798
18 0.03043362
19 0.0056126514500000006
20 0.0
21 0.0319557136
22 0.0275924273
23 0.0379951815
0 0.0151158353
1 0.025620371500000003
2 0.0323314853
3 0.021198133299999998
4 0.0817870528
5 0.0351130105
6 0.0400822091
7 0.0167161999
8 0.0213737841
9 0.0493500963
10 0.00571484348
11 0.016820644399999998
12 0.0
13 0.0277805551
14 0.0256329846
15 0.0364126693
16 0.0300211871
17 0.0151199991
18 0.0
19 0.0
20 0.0693805772
21 0.049070355999999996
22 0.0343182868
23 0.012332694699999999
0 0.0187472514
1 0.0379181279
2 0.050180984000000005
3 0.045601875
4 0.039289816000000005
5 0.0304565468
6 0.0228345686
7 0.0130529088
8 0.0331966052
9 0.0324609787
10 0.0330170503
11 0.0421223215
12 0.0346020179
13 0.039139276099999995
14 0.0561736468
15 0.028859046899999997
16 0.031391344
17 0.0448172827
18 0.0384606975
19 0.032305186900000005
20 0.038068643299999996
21 0.0028068399400000004
22 0.0318538791
23 0.0533260978
0 0.0015753001
1 0.0277823507
2 0.0360654946
3 0.052225288999999994
4 0.0224059179
5 0.0368390641
6 0.031428377699999996
7 0.0537493855
8 0.0384973281
9 0.0392387291
10 0.0238449821
11 0.0177803564
12 0.0555073816
13 0.0352155471
14 0.00667543285
15 0.0105753215
16 0.061837763500000004
17 0.020953301599999998
18 0.0334603559
19 0.0386825416
20 0.020683204700000003
21 0.0470940546
22 0.0256437234
23 0.00861536845
0 0.0455416048
1 0.00611639484
2 0.0269735608
3 0.012405731100000001
4 0.026913039099999998
5 0.0242092777
6 0.0227959564
7 0.054825544000000004
8 0.0148170982
9 0.036679947
10 0.0454994143
11 0.037709530899999996
12 0.0504658638
13 0.0
14 0.0269777397
15 0.020162904000000002
16 0.022739814
17 0.0232520691
18 0.043797420000000004
19 0.0017749836699999999
20 0.00068850506
21 0.0427926824
22 0.058139151300000004
23 0.0352229071
0 0.0402841948
1 0.043193536899999996
2 0.0190234666
3 0.0108719099
4 0.0
5 0.029181986299999997
6 0.0201923925
7 0.00867008436
8 0.038010342100000004
9 0.0482477378
10 0.045415357100000005
11 0.0437566066
12 0.053535061499999995
13 0.0258296977
14 0.0431375254
15 0.0562668495
16 0.036713951700000004
17 0.037775277
18 0.041962661400000004
19 0.0
20 0.0281833602
21 0.059011535000000004
22 0.0620968113
23 0.0339331053
0 0.0489661038
1 0.0771654641
2 0.0304898763
3 0.0387822617
4 0.0404882443
5 0.039442184
6 0.0163148004
7 0.0200002465
8 0.0246426647
9 0.0201251945
10 0.0128671039
11 0.0
12 0.0
