0 1.18889747
1 1.1869483
2 1.2599253
3 1.0169876
4 0.952942982
5 0.771836385
6 0.579108122
7 1.00631942
8 1.12474597
9 0.545110959
10 0.307467475
11 0.362716911
12 0.296743069
13 0.393119267
14 0.445330306
15 0.527707068
16 0.507944677
17 0.446782975
18 0.914845944
19 2.38650269
20 2.83848712
21 4.40173678
22 5.78251556
23 5.77885557
0 4.96938047
1 1.6592085
2 0.563195821
3 0.842132156
4 1.11233612
5 0.474848306
6 0.568665044
7 0.840186544
8 1.72990577
9 0.978830288
10 0.71974908
11 0.571339613
12 0.449428337
13 0.427370039
14 0.398583975
15 0.4421118
16 0.468939055
17 0.542077202
18 1.11315045
19 1.84849791
20 2.60452752
21 4.21898184
22 5.2635993
23 5.52500169
0 5.79939807
1 1.99541175
2 0.869821577
3 0.819528836
4 0.874949725
5 0.853107587
6 0.60760497
7 0.954231091
8 0.887526921
9 0.476180485
10 0.50692799
11 0.520123057
12 0.543431522
13 0.663062541
14 0.572059028
15 0.371337532
16 0.349140631
17 0.47724259
18 0.875386584
19 1.27180617
20 0.683835944
21 0.601714803
22 1.08601337
23 1.57220278
0 1.66839582
1 1.61904953
2 1.61946028
3 1.23270746
4 1.14874992
5 0.496743886
6 0.38813093
7 0.622520654
8 0.935249909
9 0.459510084
10 0.388231443
11 0.324291436
12 0.360191511
13 0.35810109
14 0.31536569
15 0.309462287
16 0.340844238
17 0.283352026
18 0.544334266
19 1.74758086
20 2.47433557
21 1.7570627
22 1.89705197
23 3.05572196
0 3.02493513
1 2.96411755
2 2.59854951
3 2.76778794
4 2.55340417
5 1.63337862
6 0.911114057
7 1.13688454
8 1.23054548
9 0.55598867
10 0.392949461
11 0.437714881
12 0.393170164
13 0.382024689
14 0.437230918
15 0.427118799
16 0.334836728
17 0.470571451
18 0.909823459
19 2.6175676
20 2.68217612
21 2.97104816
22 2.52491623
23 2.68561334
0 3.80086933
1 3.16344857
2 2.49148113
3 0.444460061
4 0.240419482
5 0.245753689
6 0.419621865
7 0.665575209
8 1.24392008
9 0.546421899
10 0.305054752
11 0.333524525
12 0.308316993
13 0.26844585
14 0.317480484
15 0.299004956
16 0.279860074
17 0.335482891
18 0.697384631
19 1.4383957
20 2.60219259
21 3.42051129
22 2.80999871
23 3.01501908
0 1.92979745
1 0.6546444
2 0.31907527
3 0.263338277
4 0.268811057
5 0.349647645
6 0.374499073
7 0.793507106
8 1.50369798
9 0.512891004
10 0.33844521
11 0.0
12 0.0
