0 53.4629057
1 37.2975681
2 38.4397554
3 60.3589949
4 57.6976101
5 49.5052192
6 45.1314736
7 41.1550678
8 48.2962498
9 37.8493886
10 21.9195502
11 13.2429677
12 144.629056
13 0.0
14 16.7826555
15 17.9119563
16 20.7158803
17 20.4498438
18 23.9172353
19 32.1968322
20 40.6489894
21 53.8348134
22 79.700167
23 108.637881
0 104.607598
1 126.590758
2 47.7514786
3 25.8011151
4 22.2603144
5 27.2833122
6 20.9057067
7 27.8141446
8 28.3741889
9 36.9899672
10 32.860283
11 23.7315787
12 22.5827289
13 17.7216742
14 16.1756631
15 15.1495389
16 19.1301491
17 18.6455587
18 24.9007881
19 27.4953865
20 42.3690191
21 60.0042901
22 85.500118
23 121.466329
0 128.822973
1 129.076974
2 65.1464343
3 35.2039442
4 34.306747
5 66.5523277
6 41.35106
7 49.6192023
8 58.8460906
9 42.6718856
10 30.8938914
11 32.6270075
12 32.6315883
13 32.5065877
14 47.2622041
15 31.6686961
16 16.1843701
17 14.5502677
18 14.7869117
19 16.4962361
20 24.9640216
21 16.2477192
22 14.2346327
23 19.8416158
0 28.6479277
1 35.4972363
2 41.8740731
3 49.8177208
4 36.5285513
5 34.4663901
6 45.1192724
7 25.3366956
8 33.1411704
9 36.7539289
10 15.4007069
11 16.4995061
12 15.463811
13 15.4702705
14 14.8205938
15 10.5914525
16 11.1236597
17 15.4912984
18 12.407552
19 14.6838188
20 41.3040262
21 74.8895998
22 80.5023406
23 90.5287467
0 87.87118
1 98.7028091
2 83.0090156
3 72.4974257
4 84.2016774
5 89.2167846
6 75.0145807
7 46.5847003
8 42.455616
9 35.2952384
10 13.6556956
11 15.5494492
12 31.6723383
13 19.8319872
14 11.2040993
15 17.0731615
16 18.5929944
17 11.9068989
18 18.6234885
19 19.3522663
20 34.4291644
21 41.3164477
22 50.6152688
23 73.1251063
0 92.9269043
1 98.2589252
2 121.558579
3 91.4498162
4 17.1447045
5 10.8228279
6 13.7167854
7 25.3590403
8 39.5767175
9 38.6573858
10 29.06381
11 25.4238807
12 25.856252
13 22.9633335
14 20.1242382
15 15.9624471
16 17.512416
17 16.4241822
18 17.0074558
19 22.8255552
20 37.393144
21 47.3507862
22 52.397248
23 56.5759829
0 60.5406345
1 73.3992001
2 34.120432
3 26.3114176
4 13.2254555
5 17.2544454
6 17.3423083
7 27.8808224
8 38.5117979
9 45.4632618
10 22.6546824
11 0.0
12 0.0
