0 0.0
1 0.0
2 0.0
3 0.0
4 0.0
5 0.0
6 0.0
7 0.0
8 0.0
9 0.8862156862745099
10 0.7722230143591734
11 0.7116642402472041
12 0.6641316575308942
13 0.6668750822943991
14 0.6950935748388147
15 0.6965657786938937
16 0.6861891207101823
17 0.8834665336808685
18 1.246129411764706
19 1.7622509803921567
20 2.9620392156862745
21 3.1773372549019605
22 2.9550901960784315
23 3.4794901960784324
0 2.3110784313725485
1 1.5308392156862745
2 1.1583686274509803
3 0.9943686274509803
4 0.9187294117647059
5 0.9195568627450981
6 0.9990627450980394
7 1.363109803921569
8 1.243019607843137
9 1.0748117647058824
10 0.9409411764705884
11 0.8166901960784314
12 0.7339450980392157
13 0.679878431372549
14 0.6650901960784313
15 0.6744103836159966
16 0.6758336817090408
17 0.7653226760095305
18 1.1352823529411764
19 1.6038352941176472
20 2.2292196078431368
21 3.2095686274509805
22 3.875380392156863
23 4.628368627450981
0 3.696274509803922
1 2.6966078431372553
2 2.0035098039215686
3 1.8555529411764706
4 1.8749176470588236
5 1.527607843137255
6 1.2473529411764706
7 1.1788705882352941
8 1.0732389771474338
9 0.9585607843137256
10 0.931486274509804
11 0.9292156862745098
12 0.9133601465371843
13 0.7987559386014856
14 0.6962029256091505
15 0.6674817927028471
16 0.6525038716351118
17 0.7511647189930872
18 0.9479749888747507
19 0.8790537534609657
20 0.8009761475376238
21 0.8717612026071052
22 0.8301303693242609
23 0.9005640847314873
0 1.1905647058823532
1 1.1195294117647059
2 1.0123098039215688
3 0.9799333333333333
4 1.093123650110327
5 1.0078909741067248
6 1.0057740259929107
7 1.0853675303912929
8 1.0213187058773754
9 0.9168637798291698
10 0.0
11 0.0
12 0.0
13 0.0
14 0.6721212121212121
15 0.6799094650205763
16 0.6876947791164658
17 0.8345079365079365
18 1.2903149606299213
19 2.054141176470588
20 2.6045176470588234
21 2.57143137254902
22 2.9503882352941178
23 3.6674117647058826
0 3.0360431372549015
1 3.0164666666666675
2 3.4125911449665676
3 3.5533435846597405
4 3.1524953810915974
5 2.2906156862745095
6 1.839035294117647
7 1.736674509803922
8 1.3706156862745094
9 1.0764980392156862
10 0.8880745098039214
11 0.792137254901961
12 0.7497372549019609
13 0.7379333333333333
14 0.7341686274509803
15 0.7511508311275767
16 0.743419278401083
17 0.9750661534691104
18 1.496619607843137
19 1.8100745098039215
20 2.4230705882352943
21 2.5086784313725494
22 2.338643137254902
23 2.96481568627451
0 3.448094117647059
1 2.869512506589416
2 1.8472784313725488
3 1.3622156862745096
4 1.0566627450980393
5 0.9052509803921569
6 1.04521568627451
7 1.290113725490196
8 1.2758666666666665
9 1.0616313725490196
10 0.9262352941176472
11 0.8177803921568626
12 0.7627882352941177
13 0.7332823529411765
14 0.7372666666666667
15 0.7389872651965758
16 0.7588957367956022
17 0.9064154194674554
18 1.231019607843137
19 1.774149019607843
20 2.4633490196078425
21 2.1508901960784317
22 2.1095333333333333
23 2.601360784313725
0 1.984745098039216
1 1.3852039215686276
2 1.042027450980392
3 0.8673529411764705
4 0.7994666666666668
5 0.8634627450980392
6 1.0998117647058825
7 1.2051384797448799
8 1.1043567832570336
9 0.9228717915099871
10 0.8072168497845907
11 0.0
12 0.0
