0 0.0
1 0.0
2 0.0
3 0.0
4 0.0
5 0.0
6 0.0
7 0.0
8 0.0
9 0.008820681053592332
10 0.008725720165869685
11 0.008699216005807938
12 0.008666250673004371
13 0.0086886725589309
14 0.008691910880212967
15 0.008795856263854684
16 0.008933037123348708
17 0.008986212235697495
18 0.009234659564955342
19 0.010020741442762791
20 0.013286052086361154
21 0.013828824234045554
22 0.013357400724867475
23 0.014239888760060637
0 0.012056589556782231
1 0.01028289098357879
2 0.009473897634405874
3 0.009047820161727341
4 0.008880445261563553
5 0.008821899706902385
6 0.00906458810482797
7 0.009606933093831009
8 0.00964135454944785
9 0.009486720311305553
10 0.009323808648513269
11 0.00917347073115139
12 0.009096925409489382
13 0.009026600970399791
14 0.008981219778184037
15 0.009039329304540522
16 0.009186503965161729
17 0.009555858922052487
18 0.009826685424867547
19 0.010654289899318338
20 0.01205705860891369
21 0.014265652049695677
22 0.015170894287961619
23 0.016591488146067417
0 0.014972600972109592
1 0.013202767573802428
2 0.011527616898817636
3 0.011143325278543358
4 0.011160102053721945
5 0.010396442046194889
6 0.009767882115545171
7 0.00989847542652815
8 0.009853828334637002
9 0.00989229825246517
10 0.01012360718526703
11 0.010316640205830098
12 0.010585685458443688
13 0.010580803410758283
14 0.01099087056105253
15 0.01421195265086138
16 0.013463967340079246
17 0.012279025611980339
18 0.011391209853417395
19 0.010580281393422283
20 0.010495120347433665
21 0.011131500578985676
22 0.010615903325157534
23 0.01039139034758337
0 0.010426014300191454
1 0.010343366320175903
2 0.010173478423257682
3 0.010105518621460153
4 0.010185988025052063
5 0.010029837874752496
6 0.01002652255533555
7 0.010117693409144939
8 0.010092831867869067
9 0.010182618521698727
10 0.0
11 0.0
12 0.0
13 0.0
14 0.010721212121212123
15 0.010341975308641976
16 0.010526104417670682
17 0.010563492063492061
18 0.011035433070866142
19 0.01201826372733425
20 0.013195014060547725
21 0.013442341427444148
22 0.014374061444635393
23 0.016066916914304116
0 0.014977537811663317
1 0.014941098747581648
2 0.01565673304329244
3 0.016025724399766215
4 0.015528459540432988
5 0.013935230098705105
6 0.012757045504169055
7 0.012308160750654802
8 0.011618468980001179
9 0.011274478978782568
10 0.011101815578204737
11 0.011041422623109556
12 0.011006550157957196
13 0.011030709358784387
14 0.011034964047280082
15 0.010980175266040736
16 0.010993070911962605
17 0.011027875649437675
18 0.011354800529229396
19 0.01178386517010588
20 0.013048498013321749
21 0.013560086519571095
22 0.013684266654290489
23 0.015040779559332858
0 0.016021443434660484
1 0.015191345508817034
2 0.01339321652249492
3 0.012202461568905181
4 0.011421354564635307
5 0.010980046082020729
6 0.010887762853770503
7 0.011100890282313617
8 0.011083768294010019
9 0.010860946941184823
10 0.010905223162557752
11 0.010987626322392313
12 0.011087200405246697
13 0.011156234941654943
14 0.0111966485785747
15 0.011165908906820395
16 0.011156523218104439
17 0.011175564520053529
18 0.011288195078027061
19 0.01172259560554378
20 0.013497955514585833
21 0.013093381881148336
22 0.012988583770679357
23 0.013593770005536325
0 0.012853979434472331
1 0.012081194707735466
2 0.011532523220152125
3 0.01117384246053736
4 0.010956671702270769
5 0.010820995385356256
6 0.010902475888775912
7 0.010821376895286044
8 0.010774470356926864
9 0.010753180714247022
10 0.010758209566128727
11 0.0
12 0.0
