0 0.0
1 0.0
2 0.0
3 0.0
4 0.0
5 0.0
6 0.0
7 0.0
8 0.0
9 0.013136862745098038
10 0.018459215686274507
11 0.020967450980392155
12 0.023022745098039213
13 0.02303960784313726
14 0.023253333333333327
15 0.022912156862745097
16 0.021389822019199957
17 0.012885098039215687
18 0.007952156862745098
19 0.0054360784313725475
20 0.004174901960784314
21 0.003447843137254902
22 0.003083529411764706
23 0.002903137254901961
0 0.003465447677364452
1 0.005190196078431372
2 0.005149019607843137
3 0.005279215686274511
4 0.004741960784313726
5 0.004122352941176471
6 0.00356156862745098
7 0.003331372549019608
8 0.006376078431372549
9 0.010904705882352943
10 0.01628470588235294
11 0.020831372549019605
12 0.02335803921568628
13 0.025174901960784313
14 0.026234901960784308
15 0.024154509803921573
16 0.021781824053823094
17 0.01596313725490196
18 0.009545490196078433
19 0.0062290196078431375
20 0.00462
21 0.003712941176470588
22 0.00335921568627451
23 0.0031423529411764707
0 0.0028901960784313728
1 0.002907467404704501
2 0.0028962527911895845
3 0.0029736670776902233
4 0.0032421950968854977
5 0.003174097026212052
6 0.0032764815060085145
7 0.004384705882352942
8 0.009314901960784312
9 0.015394117647058824
10 0.019136078431372546
11 0.02190980392156863
12 0.024701176470588233
13 0.024843529411764702
14 0.023407843137254906
15 0.02035648535601824
16 0.016912156862745102
17 0.014688627450980393
18 0.009407843137254904
19 0.008420392156862746
20 0.008724313725490197
21 0.006270980392156862
22 0.006907450980392156
23 0.0053278431372549015
0 0.004092941176470587
1 0.0036784313725490196
2 0.003788627450980391
3 0.0036866666666666662
4 0.0031807843137254903
5 0.002988235294117647
6 0.003071875471991138
7 0.003923402810143801
8 0.008216078431372549
9 0.012986274509803924
10 0.0
11 0.0
12 0.0
13 0.0
14 0.025827705627705626
15 0.02517119341563786
16 0.02212730923694779
17 0.020192063492063494
18 0.012586614173228344
19 0.007774509803921567
20 0.005285098039215686
21 0.004046274509803922
22 0.003479607843137255
23 0.003097254901960784
0 0.002816078431372549
1 0.002779727779269388
2 0.00282490419949564
3 0.002828691778746314
4 0.002799082486613658
5 0.0028320966825484107
6 0.0029863003042298482
7 0.0031023364553197912
8 0.006149019607843137
9 0.011050196078431372
10 0.013751764705882349
11 0.015855294117647058
12 0.01826274509803922
13 0.019415686274509802
14 0.021647843137254902
15 0.022312156862745097
16 0.020227767974096304
17 0.01251529411764706
18 0.00778156862745098
19 0.0053113725490196075
20 0.004121176470588235
21 0.003425882352941176
22 0.0031219607843137255
23 0.0029717647058823526
0 0.002914138559724194
1 0.0029506677856528697
2 0.005710196078431372
3 0.006563921568627451
4 0.009098823529411763
5 0.009914901960784313
6 0.006708627450980392
7 0.005055294117647059
8 0.0061862745098039225
9 0.010415686274509802
10 0.015130196078431375
11 0.018794509803921566
12 0.021170588235294118
13 0.02326392156862745
14 0.02347137254901961
15 0.02317372549019608
16 0.0214354953778586
17 0.015420392156862745
18 0.009127058823529413
19 0.005975294117647059
20 0.00449764705882353
21 0.003504313725490196
22 0.003061176470588235
23 0.0027909803921568627
0 0.0032152941176470592
1 0.0077627450980392145
2 0.011455294117647057
3 0.012749411764705882
4 0.012944313725490196
5 0.008324313725490194
6 0.006315294117647058
7 0.007118039215686275
8 0.010077254901960785
9 0.014451372549019606
10 0.017636862745098042
11 0.0
12 0.0
