0 0.003
1 0.0029
2 0.0029
3 0.0040999999999999995
4 0.0050999999999999995
5 0.0086
6 0.0063
7 0.0044
8 0.0094
9 0.0188
10 0.0237
11 0.023399999999999997
12 0.025
13 0.023
14 0.023399999999999997
15 0.0225
16 0.0177
17 0.0055
18 0.0031
19 0.003
20 0.003
21 0.0028
22 0.0028
23 0.0028
0 0.0040999999999999995
1 0.006900000000000001
2 0.0050999999999999995
3 0.0054
4 0.004200000000000001
5 0.0035
6 0.003
7 0.0031
8 0.0094
9 0.0154
10 0.0216
11 0.0253
12 0.0258
13 0.0269
14 0.0272
15 0.022
16 0.0185
17 0.0106
18 0.0032
19 0.003
20 0.0031
21 0.0029
22 0.0031
23 0.003
0 0.0027
1 0.0027
2 0.0029
3 0.0033
4 0.0038
5 0.003
6 0.0035
7 0.0054
8 0.014199999999999999
9 0.0214
10 0.0228
11 0.0246
12 0.027399999999999997
13 0.0249
14 0.0219
15 0.017
16 0.0136
17 0.0125
18 0.004200000000000001
19 0.0075
20 0.0091
21 0.0039
22 0.0076
23 0.0038
0 0.0029
1 0.0033
2 0.0039
3 0.0036
4 0.0027
5 0.0028
6 0.003
7 0.005
8 0.0124
9 0.0177
10 0.0
11 0.0
12 0.0295
13 0.0265
14 0.0252
15 0.0245
16 0.0192
17 0.0183
18 0.0050999999999999995
19 0.003
20 0.0029
21 0.0029
22 0.003
23 0.0028
0 0.0026
1 0.0028
2 0.0028
3 0.0029
4 0.0027
5 0.003
6 0.0034
7 0.0034
8 0.009
9 0.0159
10 0.016399999999999998
11 0.0179
12 0.0206
13 0.0205
14 0.0238
15 0.0229
16 0.0176
17 0.0050999999999999995
18 0.0031
19 0.0029
20 0.003
21 0.0028
22 0.0029
23 0.0029
0 0.0029
1 0.0031
2 0.008400000000000001
3 0.0074
4 0.0116
5 0.0107
6 0.0035
7 0.0034
8 0.0073
9 0.0146
10 0.0198
11 0.0224
12 0.0235
13 0.0253
14 0.023600000000000003
15 0.0228
16 0.019100000000000002
17 0.009699999999999999
18 0.0029
19 0.0029
20 0.0031
21 0.0026
22 0.0027
23 0.0026
0 0.0037
1 0.0123
2 0.015099999999999999
3 0.014
4 0.013099999999999999
5 0.0037
6 0.0043
7 0.0079
8 0.013
9 0.0188
10 0.0208
11 0.0
12 0.0
