0 1.426
1 1.416
2 1.519
3 1.051
4 0.997
5 0.735
6 0.893
7 1.224
8 1.073
9 0.706
10 0.643
11 0.647
12 0.622
13 0.67
14 0.725
15 0.704
16 0.716
17 1.109
18 1.58
19 2.272
20 4.148
21 3.382
22 2.725
23 3.991
0 1.141
1 0.752
2 0.789
3 0.836
4 0.856
5 0.93
6 1.085
7 1.736
8 1.123
9 0.906
10 0.807
11 0.693
12 0.652
13 0.627
14 0.652
15 0.682
16 0.67
17 0.944
18 1.461
19 2.067
20 2.846
21 4.176
22 4.526
23 5.363
0 2.756
1 1.694
2 1.311
3 1.709
4 1.898
5 1.192
6 0.981
7 1.127
8 0.967
9 0.851
10 0.906
11 0.93
12 0.843
13 0.667
14 0.6
15 0.592
16 0.623
17 0.922
18 1.138
19 0.805
20 0.717
21 0.947
22 0.784
23 0.981
0 1.472
1 1.048
2 0.906
3 0.947
4 1.214
5 0.911
6 0.985
7 1.208
8 0.922
9 0.756
10 0.0
11 0.0
12 0.622
13 0.658
14 0.681
15 0.689
16 0.696
17 0.977
18 1.739
19 2.812
20 3.145
21 2.531
22 3.319
23 4.37
0 2.398
1 2.989
2 3.861
3 3.717
4 2.669
5 1.461
6 1.395
7 1.645
8 1.01
9 0.791
10 0.712
11 0.708
12 0.715
13 0.729
14 0.733
15 0.778
16 0.764
17 1.254
18 1.981
19 2.118
20 3.027
21 2.587
22 2.163
23 3.58
0 3.919
1 2.282
2 0.832
3 0.882
4 0.76
5 0.761
6 1.189
7 1.543
8 1.272
9 0.853
10 0.791
11 0.71
12 0.708
13 0.704
14 0.743
15 0.741
16 0.823
17 1.128
18 1.505
19 2.311
20 3.143
21 1.834
22 2.063
23 3.084
0 1.366
1 0.787
2 0.702
3 0.699
4 0.741
5 0.931
6 1.339
7 1.329
8 1.002
9 0.725
10 0.688
11 0.0
12 0.0
