0 0.0
1 0.0
2 0.0
3 0.0
4 0.0
5 0.0
6 0.0
7 0.0
8 0.0
9 0.0
10 0.0
11 0.0
12 0.0
13 8.596092796092796
14 9.294749694749695
15 11.643467643467643
16 14.31965811965812
17 13.656898656898656
18 20.32991452991453
19 21.165811965811965
20 31.085225885225885
21 40.04664224664225
22 46.52869352869353
23 47.26886446886447
0 58.14163614163614
1 42.57338217338217
2 30.287667887667887
3 21.643711843711845
4 19.821978021978023
5 18.41147741147741
6 21.205372405372405
7 23.103052503052503
8 34.052014652014655
9 33.023931623931624
10 26.50793650793651
11 23.25054945054945
12 18.61855921855922
13 16.307692307692307
14 14.153113553113553
15 14.576800976800977
16 15.788278388278389
17 18.394627594627593
18 22.6976800976801
19 28.85006105006105
20 43.92673992673993
21 59.46862026862027
22 68.24126984126984
23 81.62979242979243
0 90.32527472527472
1 73.16776556776557
2 59.08791208791209
3 46.54627594627595
4 45.776556776556774
5 52.392918192918195
6 44.6976800976801
7 39.34871794871795
8 39.17191697191697
9 37.08107448107448
10 36.03540903540904
11 37.51086691086691
12 40.7137297046452
13 38.28070655328717
14 25.55702075702076
15 18.775824175824177
16 16.384126984126983
17 14.186324786324786
18 13.09010989010989
19 16.043223443223443
20 16.51892551892552
21 13.256410256410257
22 14.125763125763125
23 10.558974358974359
0 10.775335775335776
1 13.885470085470086
2 14.943101343101343
3 15.472039072039072
4 20.237362637362637
5 32.12258852258852
6 32.06373626373627
7 32.533577533577535
8 33.76898656898657
9 29.386324786324785
10 0.0
11 0.0
12 0.0
13 0.0
14 0.0
15 7.109679188374006
16 6.520278997675019
17 7.276424805423048
18 11.189650903689031
19 17.6378165724121
20 31.367066895368783
21 47.21526418786693
22 46.60703812316716
23 55.30776746458231
0 70.15750915750915
1 57.58363858363858
2 58.2981684981685
3 74.15921855921856
4 70.58705738705738
5 66.8002442002442
6 50.402442002442
7 36.7010989010989
8 33.34871794871795
9 22.168009768009767
10 16.57973137973138
11 11.782905982905984
12 9.381929181929182
13 8.186324786324786
14 9.587301587301587
15 10.784126984126985
16 11.385347985347986
17 10.686202686202686
18 10.84029304029304
19 21.42124542124542
20 23.21001221001221
21 34.10915750915751
22 42.55946275946276
23 50.78608058608059
0 55.899633699633696
1 63.457631257631256
2 61.734798534798536
3 38.36776556776557
4 36.186568986568986
5 23.593406593406595
6 16.296459096459095
7 18.646886446886448
8 20.323076923076922
9 19.158241758241758
10 15.074236874236874
11 13.031257631257631
12 10.009035409035409
13 8.496703296703297
14 6.2415140415140415
15 7.1199023199023195
16 7.0566544566544565
17 7.527960927960928
18 11.764835164835166
19 13.381684981684982
20 22.19194139194139
21 37.6002442002442
22 33.3023199023199
23 34.654212454212455
0 47.83369963369963
1 39.41978021978022
2 27.21123321123321
3 18.105738705738705
4 15.053479853479853
5 13.527228327228327
6 17.264224664224663
7 20.133089133089133
8 20.565323565323567
9 17.77802197802198
10 11.386080586080586
11 0.0
12 0.0
