0 0.0095
1 0.0095
2 0.01
3 0.009
4 0.0089
5 0.0083
6 0.0085
7 0.0091
8 0.009
9 0.0085
10 0.0086
11 0.0087
12 0.0086
13 0.0086
14 0.0086
15 0.0095
16 0.0096
17 0.0091
18 0.01
19 0.0116
20 0.016300000000000002
21 0.0144
22 0.0129
23 0.015300000000000001
0 0.009300000000000001
1 0.0085
2 0.0086
3 0.0086
4 0.0086
5 0.0088
6 0.0094
7 0.0114
8 0.009699999999999999
9 0.009
10 0.0088
11 0.0087
12 0.0088
13 0.0088
14 0.0089
15 0.0096
16 0.01
17 0.0106
18 0.0106
19 0.0121
20 0.013900000000000001
21 0.016399999999999998
22 0.0166
23 0.0181
0 0.0129
1 0.0107
2 0.009800000000000001
3 0.0107
4 0.0112
5 0.0096
6 0.0092
7 0.0095
8 0.0096
9 0.010199999999999999
10 0.0109
11 0.0111
12 0.0115
13 0.0104
14 0.012
15 0.0176
16 0.0127
17 0.0106
18 0.010199999999999999
19 0.009699999999999999
20 0.0104
21 0.0119
22 0.01
23 0.009699999999999999
0 0.0108
1 0.0101
2 0.0096
3 0.009800000000000001
4 0.0105
5 0.009800000000000001
6 0.01
7 0.0104
8 0.0103
9 0.0106
10 0.0
11 0.0
12 0.0145
13 0.0111
14 0.0096
15 0.01
16 0.0107
17 0.0106
18 0.0115
19 0.014
20 0.015099999999999999
21 0.013800000000000002
22 0.0158
23 0.0181
0 0.0134
1 0.0148
2 0.0172
3 0.016800000000000002
4 0.014199999999999999
5 0.0114
6 0.0111
7 0.0114
8 0.0107
9 0.0108
10 0.0109
11 0.0108
12 0.0111
13 0.0114
14 0.0111
15 0.0109
16 0.0109
17 0.0111
18 0.0126
19 0.013099999999999999
20 0.015300000000000001
21 0.0146
22 0.013800000000000002
23 0.017
0 0.0175
1 0.013800000000000002
2 0.0106
3 0.0105
4 0.0104
5 0.0104
6 0.0108
7 0.0115
8 0.011300000000000001
9 0.0109
10 0.011
11 0.0112
12 0.011300000000000001
13 0.0112
14 0.0112
15 0.0112
16 0.0112
17 0.0111
18 0.011800000000000001
19 0.0132
20 0.016399999999999998
21 0.012199999999999999
22 0.0127
23 0.0147
0 0.011300000000000001
1 0.0107
2 0.0106
3 0.0106
4 0.0104
5 0.0106
6 0.0112
7 0.0111
8 0.0108
9 0.0106
10 0.0107
11 0.0
12 0.0
