0 24.0
1 33.0
2 37.0
3 46.0
4 34.0
5 37.0
6 15.0
7 15.0
8 22.0
9 16.0
10 9.0
11 11.0
12 10.0
13 6.0
14 10.0
15 14.0
16 17.0
17 13.0
18 27.0
19 22.0
20 41.0
21 49.0
22 53.0
23 48.0
0 69.0
1 27.0
2 18.0
3 13.0
4 18.0
5 17.0
6 24.0
7 25.0
8 45.0
9 32.0
10 20.0
11 20.0
12 14.0
13 14.0
14 12.0
15 15.0
16 17.0
17 21.0
18 27.0
19 35.0
20 59.0
21 75.0
22 77.0
23 95.0
0 99.0
1 56.0
2 45.0
3 34.0
4 45.0
5 59.0
6 37.0
7 34.0
8 39.0
9 35.0
10 35.0
11 39.0
12 45.0
13 35.0
14 13.0
15 12.0
16 14.0
17 12.0
18 12.0
19 19.0
20 17.0
21 10.0
22 15.0
23 7.0
0 11.0
1 17.0
2 16.0
3 16.0
4 25.0
5 44.0
6 32.0
7 33.0
8 35.0
9 25.0
10 0.0
11 0.0
12 0.0
13 5.0
14 7.0
15 7.0
16 6.0
17 8.0
18 15.0
19 24.0
20 45.0
21 63.0
22 46.0
23 64.0
0 85.0
1 45.0
2 59.0
3 90.0
4 67.0
5 63.0
6 34.0
7 23.0
8 30.0
9 11.0
10 11.0
11 7.0
12 7.0
13 7.0
14 11.0
15 12.0
16 12.0
17 10.0
18 11.0
19 32.0
20 25.0
21 45.0
22 51.0
23 59.0
0 61.0
1 71.0
2 60.0
3 15.0
4 34.0
5 11.0
6 9.0
7 21.0
8 22.0
9 18.0
10 11.0
11 11.0
12 7.0
13 7.0
14 4.0
15 8.0
16 7.0
17 8.0
18 16.0
19 15.0
20 31.0
21 53.0
22 29.0
23 36.0
0 61.0
1 31.0
2 15.0
3 9.0
4 12.0
5 12.0
6 21.0
7 23.0
8 21.0
9 15.0
10 5.0
11 0.0
12 0.0
