0 0.0212
1 0.0202
2 0.019100000000000002
3 0.0177
4 0.0167
5 0.0132
6 0.0177
7 0.0222
8 0.0209
9 0.011300000000000001
10 0.0085
11 0.0088
12 0.0070999999999999995
13 0.0091
14 0.0119
15 0.013800000000000002
16 0.0144
17 0.028300000000000002
18 0.035
19 0.023600000000000003
20 0.022699999999999998
21 0.0298
22 0.0299
23 0.0252
0 0.0235
1 0.0156
2 0.015
3 0.0152
4 0.018699999999999998
5 0.0193
6 0.0193
7 0.0246
8 0.027100000000000003
9 0.0217
10 0.0145
11 0.0088
12 0.0076
13 0.006900000000000001
14 0.0085
15 0.0119
16 0.0116
17 0.0248
18 0.0414
19 0.0344
20 0.0313
21 0.0272
22 0.0223
23 0.0245
0 0.0238
1 0.0219
2 0.0235
3 0.0215
4 0.0189
5 0.0197
6 0.0175
7 0.0223
8 0.0182
9 0.014
10 0.019399999999999997
11 0.019899999999999998
12 0.0183
13 0.009
14 0.0068
15 0.004900000000000001
16 0.0101
17 0.022
18 0.0318
19 0.0201
20 0.0174
21 0.0281
22 0.0212
23 0.0252
0 0.025
1 0.023899999999999998
2 0.018699999999999998
3 0.0184
4 0.0193
5 0.0159
6 0.0136
7 0.0202
8 0.0165
9 0.0114
10 0.0
11 0.0
12 0.0
13 0.0070999999999999995
14 0.0076
15 0.008199999999999999
16 0.0087
17 0.0175
18 0.033299999999999996
19 0.0329
20 0.0332
21 0.031100000000000003
22 0.027
23 0.026600000000000002
0 0.030100000000000002
1 0.027600000000000003
2 0.0249
3 0.0195
4 0.022600000000000002
5 0.0228
6 0.0218
7 0.0268
8 0.0195
9 0.012
10 0.0086
11 0.008400000000000001
12 0.0103
13 0.0123
14 0.0107
15 0.011699999999999999
16 0.0136
17 0.0296
18 0.031100000000000003
19 0.032600000000000004
20 0.0295
21 0.0281
22 0.023600000000000003
23 0.0224
0 0.0205
1 0.0238
2 0.0149
3 0.0166
4 0.011699999999999999
5 0.0119
6 0.0211
7 0.0246
8 0.023
9 0.0128
10 0.009800000000000001
11 0.0068
12 0.007
13 0.0062
14 0.0086
15 0.0088
16 0.0134
17 0.0292
18 0.04
19 0.0356
20 0.0361
21 0.037200000000000004
22 0.036
23 0.030100000000000002
0 0.026600000000000002
1 0.0126
2 0.0086
3 0.008199999999999999
4 0.0109
5 0.0192
6 0.023100000000000002
7 0.0255
8 0.019899999999999998
9 0.0088
10 0.0064
11 0.0
12 0.0
