0 66.0
1 72.0
2 70.0
3 94.0
4 55.0
5 54.0
6 32.0
7 44.0
8 81.0
9 76.0
10 36.0
11 26.0
12 28.0
13 26.0
14 32.0
15 44.0
16 58.0
17 54.0
18 109.0
19 146.0
20 285.0
21 371.0
22 253.0
23 196.0
0 249.0
1 60.0
2 44.0
3 33.0
4 32.0
5 41.0
6 68.0
7 94.0
8 158.0
9 74.0
10 70.0
11 48.0
12 40.0
13 29.0
14 24.0
15 30.0
16 50.0
17 63.0
18 83.0
19 147.0
20 237.0
21 282.0
22 351.0
23 335.0
0 342.0
1 188.0
2 115.0
3 84.0
4 130.0
5 118.0
6 82.0
7 71.0
8 90.0
9 87.0
10 78.0
11 80.0
12 80.0
13 78.0
14 42.0
15 35.0
16 26.0
17 40.0
18 64.0
19 91.0
20 51.0
21 42.0
22 63.0
23 32.0
0 44.0
1 80.0
2 48.0
3 43.0
4 57.0
5 106.0
6 84.0
7 95.0
8 127.0
9 69.0
10 0.0
11 0.0
12 0.0
13 30.0
14 22.0
15 31.0
16 34.0
17 30.0
18 62.0
19 117.0
20 243.0
21 289.0
22 185.0
23 222.0
0 370.0
1 125.0
2 163.0
3 224.0
4 183.0
5 135.0
6 77.0
7 84.0
8 127.0
9 63.0
10 37.0
11 34.0
12 34.0
13 42.0
14 56.0
15 50.0
16 51.0
17 44.0
18 75.0
19 117.0
20 140.0
21 235.0
22 198.0
23 160.0
0 199.0
1 193.0
2 145.0
3 38.0
4 56.0
5 33.0
6 35.0
7 83.0
8 104.0
9 89.0
10 45.0
11 42.0
12 38.0
13 35.0
14 30.0
15 34.0
16 32.0
17 42.0
18 72.0
19 103.0
20 185.0
21 256.0
22 111.0
23 124.0
0 244.0
1 105.0
2 54.0
3 35.0
4 30.0
5 33.0
6 54.0
7 84.0
8 83.0
9 66.0
10 26.0
11 0.0
12 0.0
