0 0.0
1 0.0
2 0.0
3 0.0
4 0.0
5 0.0
6 0.0
7 0.0
8 0.0
9 0.0
10 0.0
11 0.0
12 0.0
13 29.83882783882784
14 30.914774114774115
15 37.45128205128205
16 47.72600732600733
17 50.86300366300366
18 79.94090354090353
19 112.98290598290598
20 199.0163614163614
21 285.0442002442002
22 269.0485958485958
23 232.54505494505494
0 240.7995115995116
1 150.4039072039072
2 97.2034188034188
3 65.1003663003663
4 48.547008547008545
5 44.77191697191697
6 56.38095238095238
7 75.18412698412699
8 116.57655677655677
9 95.25201465201465
10 82.603663003663
11 65.28376068376069
12 52.616361416361414
13 40.8043956043956
14 32.3997557997558
15 31.1995115995116
16 40.6019536019536
17 51.803663003663004
18 67.403663003663
19 107.2083028083028
20 172.1137973137973
21 227.08229548229548
22 289.07545787545786
23 312.0727716727717
0 327.0732600732601
1 257.55604395604394
2 186.2891330891331
3 135.15115995115994
4 132.585347985348
5 125.2993894993895
6 103.64957264957265
7 87.31550671550671
8 88.63980463980464
9 87.7960927960928
10 82.86471306471306
11 81.401221001221
12 80.66862026862027
13 79.61152313646053
14 60.65152625152625
15 47.81978021978022
16 36.897191697191694
17 38.43907203907204
18 51.21733821733822
19 71.11111111111111
20 61.05079365079365
21 51.51990231990232
22 57.25811965811966
23 44.62319902319902
0 44.307203907203906
1 62.15384615384615
2 55.07765567765568
3 49.03980463980464
4 53.02368742368743
5 79.51990231990231
6 81.76239316239317
7 88.38168498168498
8 107.7001221001221
9 88.35335775335776
10 0.0
11 0.0
12 0.0
13 0.0
14 0.0
15 29.33397312859885
16 31.799018341513822
17 30.864674868189805
18 46.645456796236694
19 82.06761740840915
20 162.8240627297231
21 226.04696673189824
22 205.50342130987292
23 213.75574010747437
0 291.8969474969475
1 208.46007326007327
2 185.74725274725276
3 204.8971916971917
4 193.96678876678877
5 164.4962148962149
6 120.74993894993895
7 102.37094017094017
8 114.67130647130647
9 88.8080586080586
10 62.88595848595848
11 48.42002442002442
12 41.16898656898657
13 41.57435897435897
14 48.77411477411477
15 49.365811965811965
16 50.16678876678877
17 47.07228327228327
18 61.03589743589744
19 89.02197802197803
20 114.51257631257631
21 174.77728937728938
22 186.4083028083028
23 173.219536019536
0 186.12991452991454
1 189.5833943833944
2 167.3025641025641
3 102.64981684981684
4 79.32551892551892
5 56.161416361416364
6 45.575824175824174
7 64.28376068376069
8 84.13748473748474
9 86.55091575091575
10 65.75677655677656
11 53.86398046398046
12 45.91233211233211
13 40.43687423687424
14 35.20439560439561
15 34.6017094017094
16 33.2979242979243
17 37.65006105006105
18 54.82954822954823
19 78.91721611721611
20 131.96849816849817
21 194.0046398046398
22 152.5103785103785
23 138.26520146520147
0 191.15775335775336
1 148.0874236874237
2 101.04664224664225
3 68.02344322344322
4 49.011477411477415
5 41.00463980463981
6 47.5001221001221
7 65.74774114774115
8 74.36141636141636
9 70.15750915750915
10 48.06837606837607
11 0.0
12 0.0
