0 0.0
1 0.0
2 0.0
3 0.0
4 0.0
5 0.0
6 0.0
7 0.0
8 0.0
9 0.770612783262745
10 0.5371725647686275
11 0.4486618541803922
12 0.37141579509411765
13 0.38152494846274504
14 0.41316531778823523
15 0.46949773730196076
16 0.48200100175549704
17 0.46481453676404744
18 0.6920912021529412
19 1.5432651534862745
20 2.195859948607843
21 3.3066583986431373
22 4.555052048447059
23 5.177250178835294
0 5.0820632377372545
1 3.373013173819608
2 1.9674149873647058
3 1.401745394164706
4 1.2536561472784316
5 0.8565524453176472
6 0.7023855083529411
7 0.761602361419608
8 1.2394021545333331
9 1.1077821463411763
10 0.914072580345098
11 0.7421751309019609
12 0.5945019147686273
13 0.5108428822431372
14 0.4543799363294118
15 0.44746532945098033
16 0.45572970847058825
17 0.49369840191353265
18 0.8063701385529412
19 1.3299382562313726
20 1.9714585727882352
21 3.1026547393372543
22 4.192666265403921
23 4.868800428466665
0 5.344551129654903
1 3.672831115411765
2 2.2708492307686265
3 1.5431714469647055
4 1.2056692569725491
5 1.0227886685490195
6 0.806067418627451
7 0.8711869595215688
8 0.8697258203607842
9 0.669974267847059
10 0.5877395728705881
11 0.5533442447803921
12 0.5477378476980391
13 0.6050275570039216
14 0.5884735945764705
15 0.4787626347411765
16 0.4186608909070793
17 0.44639893951536397
18 0.6609514419803924
19 0.9678526944470588
20 0.8261196220117646
21 0.7137969228235294
22 0.9009129000235296
23 1.238912477752941
0 1.456240923756863
1 1.5398840640156861
2 1.5811311400392158
3 1.406842635882353
4 1.278707873972549
5 0.8875200546588237
6 0.6364570953882352
7 0.6276267528784313
8 0.780000789937255
9 0.6174818302117647
10 0.5004424624156862
11 0.4105857413176471
12 0.3838424332
13 0.3706999129803922
14 0.3428901245490196
15 0.32556236583921566
16 0.3361200693949023
17 0.31954785844825756
18 0.4218955130341759
19 1.0896551783960782
20 1.7861407547058823
21 1.7743447893333335
22 1.8387997253137254
23 2.452645665545098
0 2.744053321090196
1 2.859341838533333
2 2.7224645962925242
3 2.746539297423262
4 2.6648647328234984
5 2.18123149953381
6 1.5251091370823526
7 1.3272344122274509
8 1.275371535035294
9 0.9109582811843139
10 0.6476291651137255
11 0.5381032523529412
12 0.46140095522352936
13 0.4192591869529411
14 0.4273158698509804
15 0.4258256368941177
16 0.3866348040295119
17 0.41535584541226817
18 0.668128051
19 1.647122046517647
20 2.169137330231372
21 2.5751692617254904
22 2.5541362464745103
23 2.6243032139058826
0 3.2193824143098038
1 3.196695643368627
2 2.8993785785029162
3 1.6415638734431377
4 0.9362039196078432
5 0.585635089654902
6 0.49850044916078434
7 0.57807697
8 0.9059848990196079
9 0.721071974164706
10 0.5087762525372548
11 0.4209328681098039
12 0.36475806292941176
13 0.3166464508980392
14 0.3168631902313725
15 0.3072153079137255
16 0.2916473772196078
17 0.3065668798356369
18 0.5060373538784315
19 0.9743829410078433
20 1.7927855607921568
21 2.6128289458666667
22 2.716301118572549
23 2.870985617176471
0 2.4036267049137248
1 1.5297613593372548
2 0.9236765316078431
3 0.5912033701411764
4 0.42543195566274505
5 0.3815184990666667
6 0.37323329654901966
7 0.5790142954431371
8 1.040520648564706
9 0.7764278784470591
10 0.5574745244980391
11 0.0
12 0.0
