0 0.028148836
1 0.0259670061
2 0.0221708554
3 0.019910234800000003
4 0.0179692551
5 0.017218733400000002
6 0.020135295299999998
7 0.0195985127
8 0.0243201816
9 0.0168881495
10 0.00665785212
11 0.00475897444
12 0.00553003388
13 0.008778276480000001
14 0.0103183319
15 0.0159520868
16 0.0168495798
17 0.015568415200000001
18 0.0420439944
19 0.0434107567
20 0.0409802047
21 0.035680010500000005
22 0.0356511039
23 0.0305119659
0 0.026278383699999998
1 0.0268652268
2 0.017870759899999998
3 0.016639672
4 0.0211889543
5 0.0167497409
6 0.0175275047
7 0.0208087854
8 0.0281569271
9 0.0283971996
10 0.0242098955
11 0.017956508700000002
12 0.0107038291
13 0.00824185388
14 0.00883406245
15 0.0119043108
16 0.0157678567
17 0.0237224011
18 0.0428568349
19 0.0508469258
20 0.0496282043
21 0.042892491399999996
22 0.0378030939
23 0.033180652399999996
0 0.0297607353
1 0.0285968658
2 0.0241420065
3 0.0223126547
4 0.0230664524
5 0.0204116256
6 0.0174586483
7 0.0191466725
8 0.020713442100000003
9 0.011593637700000001
10 0.0115368716
11 0.0120690218
12 0.0124189704
13 0.0206766428
14 0.0187085808
15 0.00935345098
16 0.00812711276
17 0.0179867188
18 0.0358739974
19 0.0401900444
20 0.031663186100000004
21 0.0298030191
22 0.035120190600000004
23 0.0335157022
0 0.0314697414
1 0.028920522299999998
2 0.025940174400000002
3 0.024329355400000002
4 0.022416334500000003
5 0.0151047656
6 0.0120923713
7 0.013894357100000001
8 0.0231448523
9 0.0102416995
10 0.0067236560599999995
11 0.00503042503
12 0.00671615186
13 0.00758065836
14 0.004633470220000001
15 0.0046975180099999994
16 0.00667102514
17 0.00546263338
18 0.0198293272
19 0.0460447128
20 0.0438277942
21 0.0436110365
22 0.04111264
23 0.037937967499999996
0 0.0317982756
1 0.029742739799999997
2 0.0291051716
3 0.0266513757
4 0.0243523173
5 0.0212488432
6 0.0245029746
7 0.0229262508
8 0.0256383471
9 0.0174554652
10 0.00797005254
11 0.010256008899999999
12 0.008777570660000001
13 0.0108900765
14 0.015771801
15 0.015506282
16 0.00970219522
17 0.0158948991
18 0.0370093399
19 0.0432631419
20 0.0392364647
21 0.0386171363
22 0.0340793611
23 0.032085868
0 0.0279551248
1 0.025169620599999998
2 0.024730959299999997
3 0.015952903600000002
4 0.00654295516
5 0.00719982422
6 0.0197060945
7 0.021975869
8 0.0248366039
9 0.014998307
10 0.005738968319999999
11 0.00684456033
12 0.00507530434
13 0.00529673726
14 0.00712749747
15 0.00666431006
16 0.007777800840000001
17 0.0104193283
18 0.0314386277
19 0.0465934082
20 0.0458417613
21 0.042998390899999996
22 0.0421357908
23 0.0394255802
0 0.0314455866
1 0.025312238
2 0.0132246013
3 0.008892562679999999
4 0.0109514894
5 0.014622633900000001
6 0.016287301100000002
7 0.025340144
8 0.0328239786
9 0.013240501
10 0.006773016850000001
11 0.0
12 0.0
