0 0.0
1 0.0
2 0.0
3 0.0
4 0.0
5 0.0
6 0.0
7 0.0
8 0.0
9 0.0
10 0.0
11 0.0
12 0.0
13 0.0
14 0.0
15 0.0
16 23.630770795102883
17 21.98532695588606
18 22.96398615097991
19 27.6156654932316
20 34.15695185481736
21 44.017097249033526
22 61.8831387116353
23 85.28358637644756
0 94.94306441021006
1 110.77077539235651
2 79.26490829326008
3 52.533974963882784
4 37.39733325753358
5 32.34115709609279
6 26.623064190036633
7 27.218069268327223
8 27.794630329523812
9 32.390242006984124
10 32.619543347936514
11 28.165193954090356
12 25.363946180512826
13 21.5295172618315
14 18.848734769987786
15 16.99783627623932
16 18.06361049455434
17 18.353529926520146
18 21.627646813186807
19 24.56147773619048
20 33.46695718857143
21 46.73843369592185
22 66.12570317824175
23 93.80794951406595
0 111.3284332038095
1 120.21630009760683
2 92.68734653594628
3 63.94809401330891
4 49.1292735711111
5 57.846650057899886
6 49.60086360915752
7 49.61273427518925
8 54.23142429003663
9 48.449538656312576
10 39.665047601221005
11 36.13518025860805
12 34.37163929948717
13 33.427322243785106
14 40.34257950520147
15 36.00520614837607
16 26.092575379755797
17 20.31507208200244
18 17.547748405250307
19 17.01794793440781
20 20.986847762442
21 18.614057087277168
22 16.422310796117216
23 18.13040220017094
0 23.388678544639806
1 29.44332258087912
2 35.65803994898657
3 42.74009637262515
4 39.63680786332111
5 37.054030742637366
6 41.09035515626373
7 33.21460479931623
8 33.17888603052503
9 34.9689112759707
10 25.18495146578754
11 20.84182071089133
12 18.151206073186817
13 16.808292991623937
14 15.811140162686204
15 13.196506799194138
16 12.156981309230769
17 13.821822993601954
18 13.110693391746032
19 13.895955378315017
20 27.600987474847376
21 51.24995000749695
22 65.88409422117216
23 78.21545943990232
0 83.05216066854702
1 90.88764758739924
2 86.95665740832722
3 79.73460028105006
4 81.97706167540902
5 85.60592502857142
6 80.3178971901343
7 63.4551938465934
8 52.955545532551874
9 44.12055748991454
10 28.879964561440783
11 22.205551899340662
12 26.932083214236872
13 23.372405070134306
14 17.27948479601954
15 17.16955583858364
16 17.87326429108669
17 14.880642049059828
18 16.745179915286933
19 18.045398024126985
20 26.236301181343098
21 33.77710963106227
22 42.20070198393164
23 57.66993413672771
0 75.30589840835165
1 86.79198774288157
2 104.18875766688646
3 97.82836833206348
4 57.486359579658114
5 34.15446137462759
6 23.935024278266177
7 24.647765716971918
8 32.11287012534799
9 35.384803290891334
10 32.22167520969475
11 28.816953629377288
12 27.328413479853484
13 25.13667988898657
14 22.61807389909646
15 19.281043482564108
16 18.3967746389011
17 17.411162345494507
18 17.209710864004883
19 20.017323693162382
20 28.70496723199023
21 38.02893818124541
22 45.21594210625152
23 50.899766178608054
0 55.72443530664225
1 64.5679759287912
2 49.34591290136752
3 37.82992886124542
4 25.527168742222223
5 21.39090844634921
6 19.36664925870574
7 23.62435307809524
8 31.068212076825393
9 38.26550647145299
10 30.456462864835164
11 0.0
12 0.0
