0 0.0
1 0.0
2 0.0
3 0.0
4 0.0
5 0.0
6 0.0
7 0.0
8 0.0
9 0.027321970498326357
10 0.03558416129676113
11 0.03248625736015936
12 0.04080479950790514
13 0.03188996198976378
14 0.022558474722745095
15 0.028963223974509806
16 0.02678301873490196
17 0.02717507813411765
18 0.028778850758823523
19 0.01714884888509804
20 0.0
21 0.0
22 0.0
23 0.033047015441004184
0 0.023771852029149797
1 0.024706973257768928
2 0.028553116412055334
3 0.024891826625196855
4 0.053450998979607846
5 0.04428819551803922
6 0.042209692077254904
7 0.029421222495294115
8 0.025409773785490194
9 0.03742646391490197
10 0.02151846420368628
11 0.019160970990274508
12 0.0
13 0.0
14 0.0
15 0.031246062568284518
16 0.030631293658542513
17 0.022683862962071713
18 0.0
19 0.0
20 0.0
21 0.0
22 0.042901978375324674
23 0.026812992137037035
0 0.02266030574417671
1 0.030425271574603174
2 0.040380906182677166
3 0.04300162778509804
4 0.0410867204
5 0.03573513593490197
6 0.029262335172941183
7 0.021159034170980397
8 0.027206151751764704
9 0.02982286493333333
10 0.03138630284470588
11 0.03674748951843137
12 0.035665561948235294
13 0.037419443983529414
14 0.04686191613333333
15 0.03799866515647752
16 0.034781555285517296
17 0.039690756444800294
18 0.03910554471363092
19 0.03577557237800223
20 0.03689880490758325
21 0.019775690990274507
22 0.025767099226117654
23 0.039594573122666676
0 0.020526473780156866
1 0.024121010412627444
2 0.03008855603003922
3 0.0411959815387451
4 0.031770238493098034
5 0.034371381147843126
6 0.032899045107450973
7 0.043325045279607836
8 0.040983582823137264
9 0.04013361944862745
10 0.031965338985098034
11 0.024805308609019607
12 0.040221249935294134
13 0.037715215150980384
14 0.0221467888145098
15 0.016276400129803924
16 0.0391028473745098
17 0.029992220707843138
18 0.03174514197803922
19 0.03525482646588235
20 0.027900732883137255
21 0.0375206849327451
22 0.03161939689294117
23 0.020113539626274508
0 0.03279561896078432
1 0.019426914926352942
2 0.02318751865709804
3 0.017745101720705883
4 0.022341285771921567
5 0.02323040962439216
6 0.023007599155333333
7 0.03900717976501962
8 0.026851894851921573
9 0.03182584945960785
10 0.03869895708274509
11 0.03825385928509804
12 0.04440604355176471
13 0.0
14 0.0
15 0.0
16 0.02404457543096234
17 0.023608306215789476
18 0.03386034211354583
19 0.017619826401422928
20 0.009022849431338584
21 0.02597398127443137
22 0.04211766709427451
23 0.0386998165149804
0 0.03952640640415686
1 0.04139907256933333
2 0.030162693205450977
3 0.020535138662980394
4 0.0
5 0.0
6 0.0
7 0.015170074869790792
8 0.026955488414331985
9 0.03778134059410359
10 0.041680680711699614
11 0.04278746377905512
12 0.048182336360549013
13 0.03699944391537255
14 0.040113475114352946
15 0.04828348929764705
16 0.04249617855686276
17 0.04011519354156863
18 0.04103215747921569
19 0.0
20 0.0
21 0.0
22 0.05541211198702929
23 0.04427956047004048
0 0.046684581787250996
1 0.06212334695889327
2 0.04622175679527559
3 0.042487422002352934
4 0.04151196037490196
5 0.04043870091098039
6 0.028286982006666666
7 0.024116294922352937
8 0.024331786793333334
9 0.022116646980784315
10 0.01745732098470588
11 0.0
12 0.0
