0 127.613333333333
1 106.771388888889
2 109.231944444444
3 106.220833333333
4 97.0069444444445
5 86.0996111111111
6 76.0081666666667
7 69.4248888888889
8 77.1750833333334
9 104.228194444444
10 109.602222222222
11 104.818083333333
12 71.9959166666667
13 41.2081111111111
14 22.8217222222223
15 20.5040555555556
16 18.4848611111111
17 18.6492222222222
18 21.9002222222222
19 29.3355277777778
20 39.828
21 47.6926111111111
22 62.2171388888889
23 99.7355277777778
0 157.261388888889
1 180.682222222222
2 176.218888888889
3 159.128611111111
4 135.245555555556
5 121.5575
6 106.4665
7 87.3353333333334
8 77.1803611111111
9 77.0070833333333
10 72.9075
11 56.7116666666667
12 35.1674166666667
13 23.5313055555555
14 18.1569166666666
15 16.999
16 13.9864166666667
17 10.3645777777778
18 12.799
19 20.9361666666667
20 37.3692777777778
21 46.0976944444444
22 49.2349444444444
23 59.899
0 82.183
1 75.6089722222222
2 60.1740833333333
3 60.6108888888889
4 77.16175
5 97.39075
6 105.7525
7 103.556111111111
8 99.7816666666665
9 99.2461111111111
10 83.7313611111111
11 59.8875
12 33.4311388888889
13 18.8971944444445
14 12.1375
15 7.67388055555556
16 3.57919166666667
17 5.14898611111111
18 8.83544444444445
19 17.5178333333333
20 33.8689444444445
21 38.2704444444444
22 67.1063333333333
23 99.0099444444444
0 111.825833333333
1 114.198611111111
2 94.1558055555556
3 79.1443611111111
4 61.194111111111
5 39.0429166666667
6 29.1280833333333
7 38.3951944444444
8 98.0865555555555
9 184.964166666667
10 216.0425
11 180.765555555555
12 122.76075
13 71.4870277777778
14 42.4784444444443
15 28.0457777777778
16 20.6442777777778
17 18.8415555555555
18 21.1015833333334
19 29.6735277777778
20 45.8021666666666
21 50.4502777777778
22 51.1531111111111
23 47.3034722222222
0 66.256
1 92.4793333333333
2 95.6338888888889
3 83.4648888888889
4 73.7335833333334
5 64.9051388888889
6 56.4767222222222
7 54.8002777777778
8 81.2076388888888
9 148.890833333333
10 159.153611111111
11 120.773611111111
12 82.57725
13 52.2149722222222
14 32.8111388888888
15 26.4475555555555
16 20.9387222222222
17 20.1886944444445
18 21.6571388888889
19 27.2806944444444
20 49.3506666666667
21 79.1464166666667
22 122.559861111111
23 174.802222222222
0 196.978055555556
1 190.5775
2 158.102222222222
3 117.84175
4 82.8808055555555
5 61.4016944444444
6 49.9624444444445
7 47.6244722222224
8 74.3566388888889
9 167.218611111111
10 254.864722222222
11 257.79
12 180.806666666667
13 104.550138888889
14 59.4290277777776
15 41.0129722222222
16 28.7886666666666
17 23.0841111111111
18 23.4251666666667
19 28.6797222222222
20 42.6380277777778
21 52.93875
22 68.2975833333334
23 103.96225
0 146.976111111111
1 155.851111111111
2 139.679444444444
3 120.718055555555
4 108.956388888889
5 98.5349166666666
6 84.8551388888889
7 76.7665000000001
8 90.313888888889
9 113.208333333333
10 107.023777777778
11 81.3959444444445
12 55.2120555555555
