0 0.0
1 0.0
2 0.0
3 0.0
4 0.0
5 0.0
6 0.0
7 0.0
8 0.0
9 0.0
10 0.0
11 0.0
12 0.0
13 64.2148223171889
14 43.50772157102157
15 31.995422534255887
16 25.230554266720944
17 21.931652543752534
18 21.909330796364113
19 25.617534371184377
20 32.718207102157095
21 40.198506105006096
22 51.20203677248678
23 75.46816169447835
0 116.37518621625297
1 148.54573402523394
2 162.40104126984133
3 160.7817522656356
4 148.02791040564395
5 134.80527031610376
6 120.64621071089408
7 103.99785380545383
8 90.59366818613488
9 83.80395506037173
10 78.35703282458283
11 67.52909652692988
12 51.333348907882275
13 37.41313908560574
14 27.765728490028447
15 22.365010202143512
16 18.160907678741015
17 14.249166058879403
18 13.512646216252888
19 17.21629909510245
20 27.28792749830419
21 36.68903693121692
22 42.959100265906905
23 51.42943930674263
0 66.81196026183692
1 71.21682493148825
2 65.70058443359108
3 63.16106167819834
4 70.1691195550129
5 83.79056068376067
6 94.78287997557999
7 99.17958344865005
8 99.48824561796218
9 99.37366779270107
10 92.24050222885225
11 78.20847176984209
12 54.570672751322746
13 36.72700908289244
14 24.426389268755948
15 16.04367129697464
16 9.802447042463713
17 7.464453846153849
18 8.138115560982232
19 12.817469162935819
20 23.335158852258875
21 30.7953565120065
22 48.94881500474832
23 73.98415657983988
0 92.9145669583501
1 103.56822534934187
2 98.8720298975715
3 89.0169220587437
4 75.11255137362629
5 57.081872473205785
6 43.10745563695561
7 40.7538741690408
8 69.4280558404558
9 127.21402257495606
10 171.64644641161314
11 176.2159833536831
12 149.48970183150172
13 110.48314971509967
14 76.47448726767051
15 52.25389337946002
16 36.44413443901775
17 27.64037840862837
18 24.37000083435085
19 27.02069938949941
20 36.405049097815734
21 43.41123927553928
22 47.26204217880885
23 47.26646146384478
0 56.75433149504815
1 74.61939557726222
2 85.13313251933252
3 84.30577738434405
4 79.02616256952926
5 71.97127509835843
6 64.22831796906797
7 59.51736585266587
8 70.36682538325869
9 109.64084896214878
10 134.4104169108668
11 127.60098472391793
12 105.09111018857676
13 78.64812492199154
14 55.72196123999451
15 41.07779657441318
16 31.001813139329766
17 25.589793908560587
18 23.619214923348263
19 25.446594539411187
20 37.39474086284086
21 58.26206296296298
22 90.40649393569387
23 132.6109549789715
0 164.80847361959042
1 177.709880891331
2 167.92134961334955
3 142.89270904897566
4 112.89432043820372
5 87.1530395536562
6 68.56119808031475
7 58.095319129019224
8 66.22903224121562
9 116.73457530185861
10 185.81580320173643
11 221.81303441866774
12 201.3078760141095
13 152.91850350020363
14 106.16171762990092
15 73.57796412291412
16 51.17671073802737
17 37.12573234296565
18 30.272209299959297
19 29.47365260480259
20 36.05196734500068
21 44.48140508750509
22 56.366714339981044
23 80.14569978293312
0 113.55677473205802
1 134.7102067765567
2 137.2046241961739
3 128.97107187627148
4 118.97351887125205
5 108.76343032153022
6 96.81678521231849
7 86.79751400759737
8 88.56152267670605
9 100.89228692850344
10 103.96276082621088
11 92.676597286664
12 73.93312201872199
