0 2.0
1 1.0
2 2.0
3 0.0
4 0.0
5 0.0
6 0.0
7 2.0
8 7.0
9 9.0
10 11.0
11 7.0
12 5.0
13 5.0
14 6.0
15 5.0
16 3.0
17 1.0
18 1.0
19 3.0
20 5.0
21 6.0
22 5.0
23 3.0
0 2.0
1 1.0
2 2.0
3 3.0
4 2.0
5 0.0
6 0.0
7 0.0
8 7.0
9 9.0
10 7.0
11 5.0
12 7.0
13 11.0
14 7.0
15 5.0
16 3.0
17 2.0
18 3.0
19 3.0
20 4.0
21 6.0
22 6.0
23 4.0
0 3.0
1 4.0
2 3.0
3 4.0
4 3.0
5 3.0
6 7.0
7 10.0
8 15.0
9 15.0
10 9.0
11 7.0
12 6.0
13 9.0
14 10.0
15 7.0
16 3.0
17 3.0
18 4.0
19 4.0
20 3.0
21 4.0
22 5.0
23 6.0
0 6.0
1 6.0
2 5.0
3 4.0
4 3.0
5 4.0
6 6.0
7 10.0
8 13.0
9 14.0
10 12.0
11 8.0
12 6.0
13 8.0
14 9.0
15 7.0
16 7.0
17 8.0
18 7.0
19 5.0
20 12.0
21 20.0
22 19.0
23 17.0
0 16.0
1 12.0
2 11.0
3 10.0
4 8.0
5 8.0
6 11.0
7 15.0
8 30.0
9 46.0
10 31.0
11 19.0
12 15.0
13 14.0
14 15.0
15 9.0
16 7.0
17 8.0
18 9.0
19 10.0
20 9.0
21 14.0
22 17.0
23 23.0
0 26.0
1 16.0
2 17.0
3 16.0
4 10.0
5 9.0
6 12.0
7 15.0
8 26.0
9 40.0
10 34.0
11 20.0
12 11.0
13 12.0
14 13.0
15 12.0
16 11.0
17 10.0
18 15.0
19 16.0
20 13.0
21 16.0
22 17.0
23 17.0
0 16.0
1 17.0
2 17.0
3 17.0
4 18.0
5 18.0
6 20.0
7 25.0
8 30.0
9 33.0
10 30.0
11 15.0
12 17.0
