0 2.0
1 1.9
2 1.8
3 1.8
4 1.7
5 1.7
6 1.7
7 1.8
8 2.0
9 2.1
10 2.2
11 2.2
12 2.3
13 2.3
14 2.4
15 2.4
16 2.3
17 2.3
18 2.2
19 2.2
20 2.2
21 2.2
22 2.1
23 2.0
0 1.9
1 1.9
2 1.8
3 1.8
4 1.7
5 1.7
6 1.7
7 1.8
8 1.9
9 2.0
10 2.1
11 2.1
12 2.2
13 2.3
14 2.3
15 2.4
16 2.4
17 2.3
18 2.2
19 2.2
20 2.1
21 2.2
22 2.2
23 2.1
0 2.0
1 1.9
2 1.9
3 1.8
4 1.8
5 1.8
6 1.8
7 1.9
8 2.0
9 2.1
10 2.1
11 2.2
12 2.2
13 2.3
14 2.3
15 2.4
16 2.4
17 2.3
18 2.2
19 2.1
20 2.1
21 2.0
22 2.0
23 1.9
0 1.9
1 1.8
2 1.8
3 1.7
4 1.7
5 1.7
6 1.7
7 1.8
8 1.9
9 2.1
10 1.7
11 2.0
12 2.1
13 2.2
14 2.3
15 2.3
16 2.4
17 2.5
18 2.5
19 2.5
20 2.5
21 2.4
22 2.3
23 2.3
0 2.2
1 2.1
2 2.0
3 1.9
4 1.9
5 1.8
6 1.8
7 1.9
8 2.2
9 2.3
10 2.4
11 2.4
12 2.5
13 2.5
14 2.5
15 2.5
16 2.5
17 2.5
18 2.4
19 2.5
20 2.6
21 2.5
22 2.5
23 2.5
0 2.4
1 2.3
2 2.1
3 2.0
4 1.9
5 1.8
6 1.8
7 1.9
8 2.1
9 2.3
10 2.5
11 2.5
12 2.5
13 2.5
14 2.5
15 2.5
16 2.4
17 2.4
18 2.3
19 2.2
20 2.1
21 2.1
22 2.0
23 2.0
0 1.9
1 1.8
2 1.8
3 1.8
4 1.7
5 1.7
6 1.7
7 1.9
8 2.1
9 2.3
10 2.4
11 2.4
12 2.4
