0 0.0282
1 0.0282
2 0.028300000000000002
3 0.0285
4 0.028300000000000002
5 0.028399999999999998
6 0.028300000000000002
7 0.028300000000000002
8 0.028399999999999998
9 0.0285
10 0.028399999999999998
11 0.0288
12 0.0286
13 0.0285
14 0.0286
15 0.0289
16 0.0288
17 0.0287
18 0.0286
19 0.0287
20 0.0287
21 0.0287
22 0.0286
23 0.0285
0 0.0282
1 0.028399999999999998
2 0.028399999999999998
3 0.028300000000000002
4 0.028300000000000002
5 0.028300000000000002
6 0.027899999999999998
7 0.0281
8 0.0281
9 0.0282
10 0.027899999999999998
11 0.028
12 0.0282
13 0.0282
14 0.028399999999999998
15 0.0285
16 0.0286
17 0.0287
18 0.0287
19 0.0289
20 0.0287
21 0.0287
22 0.028300000000000002
23 0.0288
0 0.029
1 0.0289
2 0.029
3 0.0291
4 0.0289
5 0.0287
6 0.0292
7 0.0291
8 0.0289
9 0.0289
10 0.0289
11 0.0287
12 0.0288
13 0.0289
14 0.0288
15 0.0291
16 0.0293
17 0.0292
18 0.0293
19 0.0294
20 0.0292
21 0.0293
22 0.0291
23 0.0293
0 0.0291
1 0.0292
2 0.0289
3 0.0292
4 0.0292
5 0.029
6 0.0293
7 0.0292
8 0.0292
9 0.0291
10 0.0292
11 0.0292
12 0.0293
13 0.0293
14 0.0293
15 0.0296
16 0.0293
17 0.0288
18 0.0295
19 0.0295
20 0.0295
21 0.0295
22 0.0296
23 0.0293
0 0.0287
1 0.0297
2 0.0297
3 0.03
4 0.03
5 0.03
6 0.03
7 0.030100000000000002
8 0.0299
9 0.0297
10 0.0298
11 0.0298
12 0.03
13 0.030100000000000002
14 0.030100000000000002
15 0.0303
16 0.0304
17 0.030199999999999998
18 0.030199999999999998
19 0.0303
20 0.0304
21 0.030100000000000002
22 0.0303
23 0.0305
0 0.030600000000000002
1 0.030699999999999998
2 0.0308
3 0.030699999999999998
4 0.030600000000000002
5 0.0308
6 0.030899999999999997
7 0.030600000000000002
8 0.030699999999999998
9 0.030600000000000002
10 0.030699999999999998
11 0.030600000000000002
12 0.030899999999999997
13 0.030899999999999997
14 0.030899999999999997
15 0.031100000000000003
16 0.031100000000000003
17 0.0312
18 0.0312
19 0.031100000000000003
20 0.031100000000000003
21 0.0313
22 0.0312
23 0.0313
0 0.0312
1 0.0315
2 0.0316
3 0.0316
4 0.0318
5 0.0318
6 0.032
7 0.0318
8 0.032
9 0.032100000000000004
10 0.032100000000000004
11 0.0322
12 0.0324
