0 20.0
1 9.0
2 5.0
3 7.0
4 7.0
5 8.0
6 10.0
7 30.0
8 58.0
9 53.0
10 31.0
11 23.0
12 21.0
13 18.0
14 22.0
15 24.0
16 24.0
17 18.0
18 36.0
19 47.0
20 45.0
21 40.0
22 29.0
23 27.0
0 18.0
1 10.0
2 10.0
3 11.0
4 12.0
5 11.0
6 18.0
7 31.0
8 45.0
9 38.0
10 27.0
11 21.0
12 16.0
13 17.0
14 17.0
15 11.0
16 8.0
17 19.0
18 31.0
19 31.0
20 19.0
21 29.0
22 40.0
23 29.0
0 25.0
1 24.0
2 15.0
3 14.0
4 24.0
5 28.0
6 33.0
7 39.0
8 48.0
9 51.0
10 43.0
11 23.0
12 14.0
13 16.0
14 14.0
15 15.0
16 23.0
17 23.0
18 24.0
19 30.0
20 25.0
21 28.0
22 34.0
23 30.0
0 29.0
1 28.0
2 14.0
3 16.0
4 24.0
5 21.0
6 15.0
7 26.0
8 67.0
9 81.0
10 47.0
11 35.0
12 30.0
13 25.0
14 35.0
15 37.0
16 39.0
17 39.0
18 36.0
19 43.0
20 49.0
21 55.0
22 52.0
23 56.0
0 52.0
1 52.0
2 57.0
3 45.0
4 36.0
5 39.0
6 40.0
7 78.0
8 133.0
9 122.0
10 72.0
11 46.0
12 41.0
13 46.0
14 43.0
15 36.0
16 27.0
17 29.0
18 40.0
19 48.0
20 58.0
21 61.0
22 70.0
23 80.0
0 64.0
1 68.0
2 68.0
3 51.0
4 41.0
5 41.0
6 57.0
7 92.0
8 120.0
9 119.0
10 105.0
11 71.0
12 39.0
13 30.0
14 34.0
15 39.0
16 34.0
17 33.0
18 52.0
19 64.0
20 57.0
21 47.0
22 46.0
23 46.0
0 49.0
1 49.0
2 41.0
3 36.0
4 32.0
5 29.0
6 41.0
7 68.0
8 89.0
9 98.0
10 79.0
11 57.0
12 43.0
