0 0.0167
1 0.0171
2 0.0169
3 0.016
4 0.015
5 0.0111
6 0.0056
7 0.0047
8 0.0167
9 0.0223
10 0.027399999999999997
11 0.030100000000000002
12 0.036899999999999995
13 0.0318
14 0.027600000000000003
15 0.025
16 0.0216
17 0.0208
18 0.0172
19 0.0147
20 0.0155
21 0.0173
22 0.019
23 0.0205
0 0.019600000000000003
1 0.021
2 0.022
3 0.0212
4 0.021
5 0.0145
6 0.0132
7 0.0107
8 0.020300000000000002
9 0.023399999999999997
10 0.0257
11 0.0268
12 0.0291
13 0.0325
14 0.0294
15 0.0268
16 0.022
17 0.0174
18 0.0159
19 0.0154
20 0.0092
21 0.0107
22 0.0135
23 0.0123
0 0.014
1 0.014199999999999999
2 0.012
3 0.013099999999999999
4 0.0075
5 0.0062
6 0.0
7 0.0055
8 0.0123
9 0.019
10 0.023399999999999997
11 0.0256
12 0.0295
13 0.0366
14 0.0371
15 0.0343
16 0.0335
17 0.027600000000000003
18 0.016800000000000002
19 0.0158
20 0.016
21 0.0158
22 0.0156
23 0.0154
0 0.0161
1 0.013800000000000002
2 0.013900000000000001
3 0.012
4 0.0101
5 0.0096
6 0.0063
7 0.006
8 0.0108
9 0.0207
10 0.0259
11 0.0318
12 0.0407
13 0.0497
14 0.045
15 0.0363
16 0.032
17 0.027399999999999997
18 0.018600000000000002
19 0.0205
20 0.0176
21 0.0127
22 0.013300000000000001
23 0.0064
0 0.0099
1 0.0085
2 0.0101
3 0.0101
4 0.0088
5 0.0079
6 0.0034
7 0.0038
8 0.0108
9 0.0167
10 0.027399999999999997
11 0.0373
12 0.0458
13 0.044700000000000004
14 0.038299999999999994
15 0.041
16 0.0356
17 0.030199999999999998
18 0.013800000000000002
19 0.0185
20 0.0119
21 0.0108
22 0.0085
23 0.006
0 0.006900000000000001
1 0.0085
2 0.0103
3 0.010199999999999999
4 0.0091
5 0.008
6 0.0038
7 0.004200000000000001
8 0.0109
9 0.0206
10 0.0303
11 0.0317
12 0.0368
13 0.044
14 0.043
15 0.046200000000000005
16 0.0396
17 0.030600000000000002
18 0.0213
19 0.021
20 0.0206
21 0.0197
22 0.0201
23 0.0188
0 0.016300000000000002
1 0.0156
2 0.0161
3 0.0144
4 0.013099999999999999
5 0.009300000000000001
6 0.004
7 0.0043
8 0.0115
9 0.0217
10 0.0288
11 0.033
12 0.038799999999999994
