0 0.0
1 0.0
2 0.0
3 0.0
4 0.0
5 0.0
6 0.0
7 0.0
8 0.0
9 1.8773386580232752
10 1.973601218471118
11 2.038294698490125
12 2.1341052252928496
13 2.192688132702542
14 2.2607104705383643
15 2.287885175303784
16 2.2979724156781236
17 2.307866693049156
18 2.2988778019617264
19 2.2906379851315823
20 2.2748003345564336
21 2.2602824881958803
22 2.214227342503893
23 2.1600555635419143
0 2.0873620473437335
1 2.047409048314355
2 1.9723506690943597
3 1.922739528822706
4 1.8433686764115556
5 1.8049965956348095
6 1.7771035766502121
7 1.7742863275241874
8 1.787519345679536
9 1.826188595775365
10 1.8984609196506328
11 1.9497715901604544
12 2.034631701397341
13 2.1294469264093676
14 2.1729927520131076
15 2.240340838642663
16 2.2791574184769328
17 2.289425770823203
18 2.2847910744373516
19 2.2836448016876134
20 2.2516002257452166
21 2.238606672560016
22 2.2272373135229655
23 2.1917020744314493
0 2.1405982152390415
1 2.082426780869225
2 2.0392146993674634
3 1.9667667467388188
4 1.922739528822706
5 1.882148595873171
6 1.856754932763143
7 1.8540535128802678
8 1.868648161592241
9 1.9166998556980899
10 1.9546326788138118
11 2.02764933090564
12 2.077260471177294
13 2.1531933358674804
14 2.1900619310099994
15 2.2484915720901077
16 2.282726132278887
17 2.2979724156781236
18 2.2912488745683057
19 2.2616921901326825
20 2.234937141399049
21 2.1719216813771394
22 2.1281157122121104
23 2.0499829146328157
0 2.0099380689900004
1 1.9469893976002637
2 1.9124638419067927
3 1.844412501283038
4 1.810539342535847
5 1.7771035766502121
6 1.7564228362709202
7 1.7536727306733453
8 1.769075601128783
9 1.851859272490127
10 1.818626272026789
11 1.86609592303639
12 1.927878779557
13 2.0143269665806014
14 2.112997151616022
15 2.174535511418364
16 2.258565166230732
17 2.349475191881823
18 2.3663012282790246
19 2.400886015362694
20 2.4286033809654577
21 2.4344677185155073
22 2.4237103010342667
23 2.4138134769515256
0 2.369007204089937
1 2.295470364609545
2 2.204627040595037
3 2.1004653691347785
4 2.0478174917511716
5 1.9695370775079355
6 1.914880573447793
7 1.9048990778004316
8 1.958553790927626
9 2.0435271955411665
10 2.1537481983891476
11 2.229217465027554
12 2.3301069513873998
13 2.3929340782085764
14 2.4260981206577483
15 2.438492707056432
16 2.460867345168214
17 2.4779734690151427
18 2.474854530254537
19 2.4862173138176433
20 2.5024063119796605
21 2.5022212110581483
22 2.50205034866906
23 2.5018926295406705
0 2.4854803736704194
1 2.4489199930789263
2 2.3593266437351335
3 2.2486619503370457
4 2.1402288491141315
5 2.013023447198542
6 1.9381198087733018
7 1.9238321322594323
8 1.960225468326073
9 2.03408949695084
10 2.188362156833615
11 2.2865186623556664
12 2.359370928218636
13 2.4140041415270663
14 2.4417587512794703
15 2.459943686374073
16 2.4652296593155167
17 2.471860349044355
18 2.4381011334720153
19 2.3835189171037867
20 2.3080790071033666
21 2.253694026493355
22 2.1706425009766552
23 2.1281157122121104
0 2.0499829146328157
1 1.971792300320566
2 1.9283753669325048
3 1.8976529581891641
4 1.8320225509340162
5 1.7997764672476313
6 1.7679551326552287
7 1.7829846964853113
8 1.8512464524835983
9 1.9959079535870445
10 2.137742682784775
11 2.226074970632608
12 2.2906171029126106
