0 0.0
1 0.0
2 0.0
3 0.0
4 0.0
5 0.0
6 0.0
7 0.0
8 0.0
9 0.0
10 0.0
11 0.0
12 0.0
13 21.93089133089133
14 21.967521367521368
15 22.985836385836386
16 23.494993894993893
17 20.74871794871795
18 28.377533577533576
19 37.69084249084249
20 41.34383394383394
21 40.67032967032967
22 34.834920634920636
23 30.91794871794872
0 24.458608058608057
1 17.228327228327228
2 13.612698412698412
3 12.304761904761905
4 12.15091575091575
5 11.574603174603174
6 14.785103785103786
7 22.89059829059829
8 33.945299145299145
9 35.97240537240537
10 31.485958485958484
11 26.24224664224664
12 21.12087912087912
13 19.06129426129426
14 18.03150183150183
15 14.515750915750916
16 11.257387057387058
17 15.12967032967033
18 23.066422466422466
19 27.033211233211233
20 23.013431013431013
21 26.005616605616606
22 33.004395604395604
23 31.003174603174603
0 28.002686202686203
1 26.002197802197802
2 20.500854700854703
3 17.25079365079365
4 20.62735042735043
5 24.314774114774114
6 28.65763125763126
7 33.82979242979243
8 40.91843711843712
9 45.96190476190476
10 44.48131868131868
11 33.73992673992674
12 23.86862026862027
13 19.933333333333334
14 16.966544566544567
15 15.983394383394383
16 19.49157509157509
17 21.245177045177044
18 22.621489621489623
19 26.30964590964591
20 25.652014652014653
21 26.823199023199024
22 30.41050061050061
23 30.206105006105005
0 29.604884004884006
1 28.803907203907205
2 21.4019536019536
3 18.701098901098902
4 21.35067155067155
5 21.175091575091574
6 18.086446886446886
7 22.042735042735043
8 44.526495726495725
9 62.76971916971917
10 54.88644688644688
11 44.943833943833944
12 37.472039072039074
13 31.235653235653235
14 33.12039072039072
15 35.062759462759466
16 37.03321123321123
17 38.01880341880342
18 37.011965811965815
19 40.00805860805861
20 44.501831501831504
21 49.747741147741145
22 50.874481074481075
23 53.43980463980464
0 52.722588522588524
1 51.953620366757285
2 53.81926509159575
3 50.58198334211129
4 45.20520324763019
5 42.91907573534538
6 41.84958736971723
7 59.244688644688644
8 96.13260073260074
9 109.07448107448107
10 90.53968253968254
11 68.26862026862027
12 54.63296703296703
13 50.31575091575092
14 46.65616605616606
15 41.32698412698413
16 34.162393162393165
17 31.57997557997558
18 35.78998778998779
19 41.89133089133089
20 49.93650793650794
21 55.46080586080586
22 62.73015873015873
23 71.36923076923077
0 67.68742368742369
1 67.84639804639805
2 67.92625152625152
3 59.46495726495726
4 50.23418803418804
5 45.61855921855922
6 51.31640481969487
7 71.66105006105006
8 95.83809523809524
9 107.42612942612942
10 106.21733821733822
11 88.6075702075702
12 63.8007326007326
13 46.89572649572649
14 40.443711843711846
15 39.72039072039072
16 36.85934065934066
17 34.92869352869353
18 43.463736263736266
19 53.72844932844933
20 55.356532356532355
21 51.16947496947497
22 48.57753357753358
23 47.285714285714285
0 48.144078144078144
1 48.56882974376079
2 44.90387579234757
3 40.59054754583453
4 36.1965811965812
5 32.597802197802196
6 36.797557997557995
7 52.3992673992674
8 70.7035409035409
9 84.35799755799756
10 81.68302808302808
11 69.34285714285714
12 56.170695970695974
