0 0.017
1 0.017
2 0.0169
3 0.016800000000000002
4 0.0167
5 0.016800000000000002
6 0.0165
7 0.016399999999999998
8 0.0161
9 0.0165
10 0.016800000000000002
11 0.0176
12 0.0183
13 0.0182
14 0.018
15 0.0178
16 0.0178
17 0.0178
18 0.018
19 0.0177
20 0.0173
21 0.0173
22 0.0175
23 0.0169
0 0.0176
1 0.0175
2 0.0173
3 0.0171
4 0.0171
5 0.0171
6 0.0172
7 0.0171
8 0.0172
9 0.0175
10 0.0176
11 0.0175
12 0.0178
13 0.0184
14 0.0183
15 0.0175
16 0.0171
17 0.0171
18 0.017
19 0.016800000000000002
20 0.0165
21 0.0165
22 0.016399999999999998
23 0.016800000000000002
0 0.016800000000000002
1 0.0166
2 0.0166
3 0.0165
4 0.016300000000000002
5 0.0161
6 0.0158
7 0.015300000000000001
8 0.015300000000000001
9 0.0156
10 0.0165
11 0.016800000000000002
12 0.0175
13 0.0179
14 0.0182
15 0.0182
16 0.018
17 0.0178
18 0.0173
19 0.0171
20 0.0171
21 0.0172
22 0.0171
23 0.0172
0 0.016800000000000002
1 0.016800000000000002
2 0.0167
3 0.0167
4 0.0165
5 0.0165
6 0.016399999999999998
7 0.016399999999999998
8 0.0159
9 0.016300000000000002
10 0.0162
11 0.0176
12 0.018
13 0.0182
14 0.0183
15 0.0181
16 0.0181
17 0.0181
18 0.018
19 0.0178
20 0.0176
21 0.017
22 0.0167
23 0.0175
0 0.016399999999999998
1 0.0162
2 0.016300000000000002
3 0.016399999999999998
4 0.016399999999999998
5 0.016399999999999998
6 0.0162
7 0.015300000000000001
8 0.0149
9 0.015099999999999999
10 0.0161
11 0.0172
12 0.018600000000000002
13 0.019
14 0.018600000000000002
15 0.0183
16 0.0181
17 0.018
18 0.0178
19 0.0176
20 0.0173
21 0.0167
22 0.016
23 0.017
0 0.0158
1 0.0158
2 0.0159
3 0.0159
4 0.016300000000000002
5 0.016300000000000002
6 0.016300000000000002
7 0.0158
8 0.0152
9 0.0156
10 0.016800000000000002
11 0.0177
12 0.018699999999999998
13 0.0188
14 0.0185
15 0.0181
16 0.0179
17 0.0179
18 0.0179
19 0.0178
20 0.0177
21 0.0174
22 0.0174
23 0.0171
0 0.0173
1 0.017
2 0.0169
3 0.0167
4 0.0167
5 0.0167
6 0.0166
7 0.0159
8 0.0152
9 0.015300000000000001
10 0.0162
11 0.0172
12 0.0182
