0 0.0
1 0.0
2 0.0
3 0.0
4 0.0
5 0.0
6 0.0
7 0.0
8 0.0
9 0.0
10 0.0
11 0.0
12 0.0
13 5.762853628536285
14 5.882352941176471
15 5.440313111545988
16 4.2189638318670575
17 2.608695652173913
18 1.8041514041514042
19 2.402197802197802
20 3.700854700854701
21 4.85006105006105
22 4.924297924297925
23 3.961660561660562
0 2.9804639804639805
1 1.9897435897435898
2 1.9943833943833944
3 2.496947496947497
4 2.2483516483516484
5 0.0
6 0.0
7 0.0
8 0.0
9 0.0
10 7.4787496572525365
11 6.167915267372772
12 6.596284207883505
13 8.829908393166626
14 7.909269731989181
15 6.449889732908601
16 4.722113502935421
17 3.3597262952101663
18 3.1797752808988764
19 3.08986568986569
20 3.5445665445665444
21 4.771916971916972
22 5.385836385836386
23 4.692796092796093
0 3.845909645909646
1 3.922100122100122
2 3.4605616605616607
3 3.7301587301587302
4 3.365079365079365
5 3.1826617826617825
6 5.0918192918192915
7 7.546764346764347
8 11.274725274725276
9 13.138461538461538
10 11.06959706959707
11 9.035164835164835
12 7.517948717948718
13 8.25958485958486
14 9.13064713064713
15 8.065689865689865
16 5.532844932844933
17 4.266422466422466
18 4.132844932844933
19 4.0656898656898655
20 3.5313797313797313
21 3.7643467643467643
22 4.381684981684982
23 5.190720390720391
0 5.595360195360195
1 5.797313797313797
2 5.398046398046398
3 4.698656898656899
4 3.8493284493284494
5 3.9247863247863246
6 4.962637362637363
7 7.482051282051282
8 10.242246642246641
9 12.122344322344322
10 12.062026862026862
11 10.031257631257631
12 8.015628815628816
13 8.008058608058608
14 8.504517704517705
15 7.752625152625153
16 7.376800976800977
17 7.688888888888889
18 7.344566544566544
19 6.171672771672772
20 9.085714285714285
21 14.543589743589743
22 16.772649572649573
23 16.887423687423688
0 16.444932844932843
1 14.222954822954822
2 12.611721611721611
3 11.306227106227107
4 9.653235653235653
5 8.826617826617827
6 9.913797313797314
7 12.458119658119658
8 21.23125763125763
9 33.61880341880342
10 32.31086691086691
11 25.655677655677657
12 20.327716727716727
13 17.164102564102564
14 16.082539682539682
15 12.541147741147741
16 9.770451770451771
17 8.885225885225886
18 8.942368742368743
19 9.47057387057387
20 9.232722832722832
21 11.612454212454212
22 14.304517704517705
23 18.652747252747254
0 22.327716727716727
1 19.164102564102564
2 18.082295482295482
3 17.042002442002442
4 13.521367521367521
5 11.260805860805862
6 11.63076923076923
7 13.315995115995117
8 19.66007326007326
9 29.833211233211234
10 31.91868131868132
11 25.95897435897436
12 18.477655677655676
13 15.238339438339437
14 14.118681318681318
15 13.058852258852259
16 12.02954822954823
17 11.014896214896215
18 13.007814407814408
19 14.504029304029304
20 13.750427350427351
21 14.872283272283273
22 15.934065934065934
23 16.17310875028337
0 16.105368471709795
1 16.477285954901806
2 16.695352986000252
3 16.824335669190305
4 17.369463232212066
5 17.32416090989879
6 18.377654716507937
7 21.78088072948943
8 25.565570801800092
9 29.486446886446885
10 29.744810744810746
11 22.37216117216117
12 19.686202686202687
