0 0.0
1 0.0
2 0.0
3 0.0
4 0.0
5 0.0
6 0.0
7 0.0
8 0.0
9 0.02837535583843191
10 0.028387637286056727
11 0.028429645910594922
12 0.028467233600365335
13 0.028479345845968777
14 0.028516070689638948
15 0.028591980714517344
16 0.028641766165081597
17 0.028665866921370246
18 0.028687757218552854
19 0.028676192558690135
20 0.028688256183573714
21 0.028712041582056702
22 0.028710878520651267
23 0.028660991421087637
0 0.028582710334035526
1 0.028544906862199727
2 0.02851930210909126
3 0.028469321028228134
4 0.02842021069790269
5 0.028372555375387982
6 0.028281984193213653
7 0.028233563013767986
8 0.028219681353966273
9 0.02819627445467217
10 0.02813421757705159
11 0.028097166064677857
12 0.028086901399813673
13 0.028076338297118225
14 0.028140557714815436
15 0.028194111699384874
16 0.028260939997960265
17 0.028329609090514025
18 0.028425875536197354
19 0.028537856922750977
20 0.028597666726865426
21 0.028654312035551743
22 0.028636436148578286
23 0.028673914188982925
0 0.028726327938850268
1 0.028752881865342556
2 0.028792389549220757
3 0.028823547208055786
4 0.02884765671977953
5 0.02884359742851412
6 0.028951507696531327
7 0.028988719024419754
8 0.028975643645889646
9 0.028974348377980578
10 0.02896151907216347
11 0.028910816137247074
12 0.028897362383497324
13 0.028920519982469577
14 0.028872775168952515
15 0.02887589853432774
16 0.02893054657950615
17 0.028970192141699616
18 0.029022449545850124
19 0.0291097787068829
20 0.029157138530651855
21 0.029205572643731657
22 0.029237546336701864
23 0.02926204939461572
0 0.029236530053729236
1 0.02923615729807894
2 0.029183306976312866
3 0.029160869341610416
4 0.029161403548550884
5 0.029123966903869192
6 0.02914985887491428
7 0.029138799000970595
8 0.029151378903912447
9 0.029138933091006323
10 0.029174999979846038
11 0.029175255952748638
12 0.029188464171468725
13 0.0292252626929745
14 0.029225772845240885
15 0.02927950698232377
16 0.029291421858440237
17 0.029247357358559118
18 0.029287270397278558
19 0.0293261047052218
20 0.029352861150867667
21 0.029378894449333916
22 0.029417955134248636
23 0.029381682298426283
0 0.029296646102510274
1 0.02940593203065108
2 0.029437196595272594
3 0.02951256740958947
4 0.029584630547616342
5 0.029653570949662048
6 0.029709335722463964
7 0.029810146170761744
8 0.02992780870746669
9 0.02992478134922793
10 0.0299348872817211
11 0.02990956644689852
12 0.029910768221690566
13 0.029925047086111142
14 0.02993913619818062
15 0.029969934045719182
16 0.03003724332109701
17 0.030095801095114588
18 0.030143520096135027
19 0.030202461129182387
20 0.030251607797331288
21 0.03025011166775236
22 0.030274506633447773
23 0.030300851118170134
0 0.030329151718648355
1 0.030394342893107232
2 0.03047220966692517
3 0.030522410158496254
4 0.0305466852832583
5 0.030629456376990685
6 0.030702766331982812
7 0.030713040975038495
8 0.03072487446249415
9 0.030711701990208083
10 0.030699628279788865
11 0.03068670091607275
12 0.03072465207755664
13 0.030738314583434453
14 0.030739884344760326
15 0.03080529544886492
16 0.03085648448248271
17 0.03093300660065301
18 0.030995354915221936
19 0.031052287409402874
20 0.031076676645827635
21 0.031127240281533214
22 0.031163021074481198
23 0.03118818286513361
0 0.031200401636958905
1 0.031239990975162592
2 0.03129280583023726
3 0.03135579912284237
4 0.031445525103253456
5 0.031509524586844376
6 0.03161392304836421
7 0.03167425126322138
8 0.03176809486459996
9 0.03184308673470989
10 0.0319052878732638
11 0.03197875527211602
12 0.032057271180038406
