0 0.0
1 0.0
2 0.0
3 0.0
4 0.0
5 0.0
6 0.0
7 0.0
8 0.0
9 0.017101568627450978
10 0.022271372549019612
11 0.026213333333333335
12 0.03159960784313726
13 0.031740392156862744
14 0.029713333333333335
15 0.027396470588235296
16 0.025267184851995653
17 0.02320145950722091
18 0.019905490196078433
19 0.017272549019607845
20 0.016344313725490195
21 0.016855709590737344
22 0.01777982760060118
23 0.018591101799307598
0 0.01880078259265076
1 0.019478947328375674
2 0.02047138401225682
3 0.020691127289139067
4 0.020732037196126814
5 0.018719954286612613
6 0.016278083861023168
7 0.013072941176470588
8 0.016687843137254906
9 0.020048627450980384
10 0.02288156862745098
11 0.024851764705882358
12 0.02699176470588235
13 0.029781176470588235
14 0.02962235294117647
15 0.028283627542352176
16 0.02623053660670031
17 0.021647372332194
18 0.01855607843137255
19 0.016955686274509805
20 0.013038823529411766
21 0.011826666666666668
22 0.012632156862745098
23 0.01243764705882353
0 0.013164094619518962
1 0.01355045591071628
2 0.012879537445545614
3 0.012930708977269794
4 0.01038161445753327
5 0.008205882352941176
6 0.0
7 0.0
8 0.0
9 0.014698744769874475
10 0.01921336032388664
11 0.02248247011952191
12 0.026062450592885374
13 0.03141181102362205
14 0.03426705882352941
15 0.03434
16 0.03394147923226814
17 0.0314222977337151
18 0.023785882352941178
19 0.019773725490196074
20 0.017860392156862744
21 0.016789411764705886
22 0.016152549019607842
23 0.01573921568627451
0 0.015917263172562167
1 0.015392906187276442
2 0.015059265443303056
3 0.014013560628012156
4 0.012237556829641347
5 0.011038191206668907
6 0.008431372549019607
7 0.007197254901960785
8 0.008988235294117646
9 0.01485764705882353
10 0.02040235294117647
11 0.026139999999999997
12 0.03348
13 0.04166862745098039
14 0.04341019607843138
15 0.03991450980392156
16 0.03599882352941176
17 0.03199021951993107
18 0.02514196078431373
19 0.022798823529411767
20 0.020154117647058822
21 0.016354509803921564
22 0.014765098039215687
23 0.010523921568627451
0 0.010168627450980391
1 0.009297254901960785
2 0.009681960784313727
3 0.009870588235294115
4 0.009318039215686276
5 0.008599607843137257
6 0.005980392156862745
7 0.004885098039215685
8 0.007844313725490196
9 0.012288235294117648
10 0.019878039215686275
11 0.028642352941176466
12 0.03729372549019608
13 0.041069019607843135
14 0.03975294117647059
15 0.04044941176470588
16 0.038073333333333334
17 0.035155284392389116
18 0.02395490196078431
19 0.02119058823529412
20 0.016478823529411768
21 0.013572941176470588
22 0.010978039215686275
23 0.008420392156862744
0 0.007603921568627452
1 0.008009411764705883
2 0.009147843137254903
3 0.009648535781180804
4 0.009331028690483066
5 0.008744198076220113
6 0.006231372549019608
7 0.005212156862745096
8 0.008063921568627452
9 0.014355686274509803
10 0.02236705882352941
11 0.02707568627450981
12 0.03199215686274509
13 0.038066666666666665
14 0.040610196078431374
15 0.04348745098039216
16 0.041600000000000005
17 0.037518268110691
18 0.0286921568627451
19 0.02482509803921569
20 0.02268078431372549
21 0.021142745098039213
22 0.020576470588235293
23 0.019634509803921573
0 0.018068523816736758
1 0.017848901013487045
2 0.017303470742325272
3 0.016171283138479053
4 0.014873764852070408
5 0.011744705882352938
6 0.00784078431372549
7 0.006041960784313725
8 0.008761568627450981
9 0.015242745098039214
10 0.022046274509803926
11 0.02755960784313725
12 0.03323019607843137
