0 38.8738333333333
1 27.8451666666667
2 41.48
3 46.5063333333333
4 66.145
5 50.2013333333333
6 32.4893333333333
7 35.6545
8 63.3438333333333
9 80.3585
10 78.2503333333333
11 62.897
12 61.485
13 62.5133333333333
14 57.1606666666667
15 34.3945
16 31.6160416666667
17 39.3713333333334
18 37.3643333333333
19 21.6527916666667
20 15.0927916666667
21 18.0150416666667
22 42.3825416666667
23 48.6021666666667
0 49.0955416666667
1 44.3737083333333
2 60.576375
3 47.2884583333333
4 44.5159166666666
5 42.5058333333333
6 31.826625
7 49.0387916666667
8 69.1242083333333
9 83.3449166666667
10 66.0740833333333
11 60.388375
12 50.0119583333333
13 48.5017916666667
14 48.4925833333333
15 36.512625
16 24.1225416666667
17 33.6589166666667
18 29.8115
19 25.693875
20 4.97416666666667
21 3.40033333333333
22 12.636375
23 6.73433333333334
0 33.7495833333333
1 41.0014583333333
2 41.8335833333333
3 34.7800833333333
4 30.7524166666667
5 22.0124166666667
6 23.2876666666667
7 46.5681666666667
8 60.28975
9 50.34425
10 35.9321666666667
11 21.7594166666667
12 17.7875833333333
13 17.7459166666667
14 19.0665
15 29.2935833333333
16 22.63925
17 46.1921666666667
18 48.6730833333333
19 28.7485
20 0.152166666666667
21 0.0
22 0.0
23 0.0825
0 1.74466666666667
1 3.14216666666667
2 22.4988333333333
3 22.6800833333333
4 16.47675
5 24.2554166666667
6 19.8430833333333
7 27.734
8 50.8285833333333
9 65.4368333333334
10 57.21775
11 90.81825
12 57.9473333333333
13 42.4452638888889
14 58.95975
15 54.0905416666667
16 58.9958333333333
17 57.0559583333333
18 30.6477083333333
19 17.59
20 0.0
21 0.0
22 0.0
23 0.0
0 8.46045833333333
1 28.5630416666667
2 28.6443333333333
3 26.3815
4 22.5731666666667
5 32.7078333333333
6 28.6603333333333
7 32.74
8 51.738
9 83.0355
10 82.9983333333333
11 110.887166666667
12 79.554
13 49.1331666666667
14 68.0176666666667
15 38.5413333333333
16 66.9395
17 42.2618333333333
18 30.2345
19 26.045
20 151.663
21 14.545
22 0.0
23 0.0
0 0.398666666666667
1 1.45416666666667
2 4.79016666666667
3 16.1038333333333
4 19.5925
5 22.3595
6 37.3505
7 34.7573333333333
8 66.3138333333333
9 112.191896551724
10 70.3043333333333
11 74.916
12 57.3755
13 46.6393333333333
14 34.8716666666667
15 52.3815
16 66.1512068965517
17 22.6320416666667
18 83.6987916666667
19 21.2009166666667
20 23.4125416666667
21 0.0
22 5.65220833333333
23 14.3882083333333
0 17.88675
1 27.152375
2 50.2210833333333
3 65.5558333333333
4 44.9135833333333
5 53.1578333333333
6 51.9985
7 57.64775
8 63.8718333333333
9 88.1290833333333
10 98.8508333333333
11 103.988166666667
12 115.115916666667
