0 0.00171693861111111
1 0.00180364027777778
2 0.0014974772222222199
3 0.0015181838888888902
4 0.00169236805555556
5 0.00168754861111111
6 0.0017668875
7 0.00191793333333333
8 0.00299617638888889
9 0.00347088194444444
10 0.00252859444444444
11 0.0028390913461538497
12 0.0
13 0.0
14 0.0024069625
15 0.0019622513888888898
16 0.001898325
17 0.00208655896464647
18 0.00189108333333333
19 0.0018343103535353499
20 0.00188628333333333
21 0.00198703194444444
22 0.00186400416666667
23 0.00185311166666667
0 0.0016852875000000001
1 0.0018518708333333301
2 0.00197611426767677
3 0.0018250023484848502
4 0.00174708131313131
5 0.00173702916666667
6 0.0018649805555555502
7 0.0026899083333333297
8 0.00326621388888889
9 0.00341103611111111
10 0.0028522833333333303
11 0.0031640305555555603
12 0.00336013888888889
13 0.00284738055555556
14 0.0020195012626262597
15 0.0018745416666666702
16 0.0018626722222222201
17 0.0018673472222222201
18 0.0016909025
19 0.00168276666666667
20 0.0017415527777777798
21 0.00171613611111111
22 0.00180627222222222
23 0.0017976000000000001
0 0.00189201944444444
1 0.00168470555555556
2 0.00158972361111111
3 0.0017658722222222202
4 0.00179119444444444
5 0.0016943
6 0.00180968888888889
7 0.00242314722222222
8 0.00290604166666667
9 0.00393548055555556
10 0.00293354166666667
11 0.00220536414141414
12 0.00173943333333333
13 0.00167181666666667
14 0.0016617497222222199
15 0.0017347570707070702
16 0.00174999111111111
17 0.00178681666666667
18 0.0017837055555555601
19 0.00178535
20 0.00170248585858586
21 0.0016897055808080801
22 0.00168051944444444
23 0.00168991666666667
0 0.0017316111111111102
1 0.00184693055555556
2 0.0018069016666666699
3 0.00192954444444445
4 0.00186425833333333
5 0.00179652777777778
6 0.00173061944444444
7 0.0023736219696969697
8 0.004222487499999999
9 0.00438288472222222
10 0.0037843694444444397
11 0.00440435138888889
12 0.00340629166666667
13 0.00198801158045977
14 0.0019389847222222201
15 0.0019902888888888902
16 0.00197531944444444
17 0.00194323333333333
18 0.0019545333333333297
19 0.00192186666666667
20 0.001851825
21 0.002085875
22 0.0019832499999999998
23 0.00190856666666667
0 0.00250451111111111
1 0.00215002222222222
2 0.00212926944444444
3 0.00206684444444444
4 0.00231375277777778
5 0.00210948611111111
6 0.00213395833333333
7 0.0025430305555555603
8 0.00373472222222222
9 0.004394266666666671
10 0.005670722222222219
11 0.00613974722222222
12 0.00485051111111111
13 0.00349456388888889
14 0.00310515555555556
15 0.00374063888888889
16 0.004064775
17 0.00350233055555556
18 0.00294262222222222
19 0.00263628611111111
20 0.00253629722222222
21 0.0025828722222222197
22 0.00252370833333333
23 0.00221356111111111
0 0.00190621944444444
1 0.00189952138888889
2 0.00252555277777778
3 0.00203996111111111
4 0.00216567222222222
5 0.00222392222222222
6 0.00209561944444445
7 0.00289228055555556
8 0.00436055555555556
9 0.00397817807017544
10 0.00303532777777778
11 0.0023019638888888898
12 0.00200913611111111
13 0.001990525
14 0.00224833055555555
15 0.00221943888888889
16 0.00211250321637427
17 0.0020481916666666698
18 0.00195086666666667
19 0.0017626583333333302
20 0.00176495555555556
21 0.00171821222222222
22 0.00179563055555556
23 0.00182876388888889
0 0.0018496250000000001
1 0.00218074166666667
2 0.00211062777777778
3 0.0020023361111111103
4 0.0017594777777777799
5 0.0018130027777777799
6 0.0017621388888888901
7 0.00226986388888889
8 0.00344949444444444
9 0.00341978611111111
10 0.00384625
11 0.00585265
12 0.0031703
