0 0.0132841666666667
1 0.00986375
2 0.0138629166666667
3 0.0165025
4 0.016355833333333302
5 0.009881666666666669
6 0.009671250000000001
7 0.00747833333333333
8 0.0113179166666667
9 0.0105591666666667
10 0.0158920833333333
11 0.008433333333333331
12 0.0043091666666666695
13 0.12355208333333301
14 0.0611591666666667
15 0.0422945833333333
16 0.037395000000000005
17 0.0467208333333333
18 0.039122500000000004
19 0.0335070833333333
20 0.0377054166666667
21 0.0294266666666667
22 0.0202416666666667
23 0.0168704166666667
0 0.0251054166666667
1 0.01048375
2 0.0103495833333333
3 0.0115829166666667
4 0.0113520833333333
5 0.0121791666666667
6 0.0101908333333333
7 0.009017083333333339
8 0.009694166666666669
9 0.011987083333333301
10 0.0190975
11 0.03338125
12 0.04730125
13 0.058363750000000006
14 0.0504929166666667
15 0.043223750000000005
16 0.0421829166666667
17 0.037383333333333296
18 0.03779
19 0.0349075
20 0.0356675
21 0.0382175
22 0.034851666666666704
23 0.0302720833333333
0 0.0143195833333333
1 0.02110875
2 0.02712125
3 0.0160033333333333
4 0.0113570833333333
5 0.013331250000000001
6 0.014098333333333301
7 0.00849083333333333
8 0.00847416666666667
9 0.0131504166666667
10 0.0261720833333333
11 0.036245833333333304
12 0.027668333333333302
13 0.0268066666666667
14 0.0253920833333333
15 0.0266383333333333
16 0.02845375
17 0.0261270833333333
18 0.023513750000000003
19 0.021257083333333298
20 0.022228750000000002
21 0.0236004166666667
22 0.02553125
23 0.0244708333333333
0 0.02478125
1 0.0127466666666667
2 0.0134870833333333
3 0.01152375
4 0.0150745833333333
5 0.012432083333333298
6 0.0122470833333333
7 0.0088925
8 0.0076974999999999995
9 0.00977375
10 0.014585
11 0.0288433333333333
12 0.03291375
13 0.0293546783625731
14 0.0295316666666667
15 0.0297016666666667
16 0.0286070833333333
17 0.0272895833333333
18 0.0277366666666667
19 0.0306325
20 0.0352545833333333
21 0.0353483333333333
22 0.037445
23 0.0298729166666667
0 0.0155129166666667
1 0.0223095833333333
2 0.0206916666666667
3 0.015814166666666702
4 0.0144241666666667
5 0.01190625
6 0.0178108333333333
7 0.008509583333333341
8 0.00651791666666667
9 0.00833541666666666
10 0.014408333333333299
11 0.02817625
12 0.0483341666666667
13 0.0503791666666667
14 0.047926250000000004
15 0.04913
16 0.0493354166666667
17 0.0462866666666667
18 0.0414504166666667
19 0.03611125
20 0.0353245833333333
21 0.033374166666666705
22 0.0362541666666667
23 0.034414166666666704
0 0.036664999999999996
1 0.0448108333333333
2 0.03828875
3 0.0192691666666667
4 0.0115191666666667
5 0.0076525
6 0.00942708333333334
7 0.00732208333333333
8 0.00744666666666667
9 0.0
10 0.0
11 0.0
12 0.0396220833333333
13 0.03864375
14 0.0375445833333333
15 0.0390116666666667
16 0.0
17 0.0
18 0.0
19 0.0
20 0.0
21 0.0
22 0.0
23 0.0
0 0.0
1 0.0
2 0.0
3 0.0
4 0.0
5 0.0
6 0.0
7 0.0
8 0.0
9 0.0
10 0.0132521929824561
11 0.0281920833333333
12 0.0472508333333333
