0 15.3476666666667
1 13.6231666666667
2 16.8233333333333
3 35.7973333333333
4 59.8151666666667
5 39.1318333333333
6 11.919
7 16.5001666666667
8 18.7128333333333
9 24.8538333333333
10 29.8941666666667
11 17.1891666666667
12 32.0166666666667
13 29.5536666666667
14 28.729
15 13.9455
16 6.80416666666667
17 8.25833333333333
18 11.185
19 8.75316666666667
20 8.40433333333333
21 13.5115
22 13.2081666666667
23 22.142
0 22.359
1 28.095875
2 20.8334166666667
3 19.8488333333333
4 19.5282916666667
5 18.2974583333333
6 13.9028333333333
7 15.3083333333333
8 21.303375
9 26.104875
10 41.0930416666667
11 33.970375
12 41.6215
13 21.646125
14 20.578
15 14.1385833333333
16 7.144
17 13.5747083333333
18 5.4525
19 10.2348333333333
20 2.23104166666667
21 5.76929166666666
22 11.4164166666667
23 5.63041666666667
0 12.0391666666667
1 18.9726666666667
2 31.800125
3 24.2159166666667
4 16.1202083333333
5 9.93075
6 11.106
7 18.4674583333333
8 22.926
9 19.8106666666667
10 10.7995416666667
11 5.71666666666667
12 9.93454166666667
13 4.43354166666667
14 5.92920833333333
15 8.74475
16 4.723875
17 14.872875
18 11.704
19 0.817416666666667
20 0.702
21 0.0
22 2.41916666666667
23 3.73083333333333
0 2.67133333333333
1 4.60566666666667
2 7.197
3 7.48666666666666
4 9.40308333333334
5 6.13141666666667
6 7.34825
7 4.70758333333333
8 10.6656666666667
9 10.5650833333333
10 13.8355833333333
11 18.9614166666667
12 68.7845833333333
13 59.9607222222222
14 26.1785416666667
15 20.9339166666667
16 21.97825
17 13.912375
18 10.2277916666667
19 0.873166666666667
20 0.0
21 0.0
22 0.0
23 3.33075
0 2.40825
1 0.442916666666667
2 15.2483333333333
3 9.7255
4 14.696
5 12.3912083333333
6 13.6504583333333
7 15.6394166666667
8 19.9897083333333
9 43.683125
10 24.530875
11 48.7544583333333
12 62.2393333333333
13 29.1059583333333
14 52.8762083333333
15 27.5901666666667
16 22.7258333333333
17 27.0864166666667
18 18.353
19 9.20345833333333
20 0.237458333333333
21 0.0
22 0.0733333333333333
23 0.651666666666667
0 0.756333333333333
1 5.935
2 12.668
3 8.67616666666667
4 10.8703333333333
5 10.1485
6 12.6988333333333
7 8.27633333333334
8 17.78
9 21.7955172413793
10 11.736
11 17.0221666666667
12 17.651
13 15.1368333333333
14 21.122
15 23.5895
16 28.0390948275862
17 24.977125
18 21.548375
19 8.65395833333333
20 5.82845833333333
21 7.08695833333333
22 8.948375
23 16.3095833333333
0 17.4973333333333
1 31.51275
2 33.0111666666667
3 58.9731666666667
4 30.6024166666667
5 31.5443333333333
6 24.31425
7 25.4068333333333
8 29.61175
9 31.1764166666667
10 32.3249166666667
11 37.4461666666667
12 30.6731666666667
