0 1.27820972222222
1 1.52457361111111
2 1.16166194444445
3 1.00977555555556
4 0.994173194444444
5 1.12929027777778
6 1.20092361111111
7 1.44522916666667
8 2.66557916666667
9 3.20787083333333
10 2.12423888888889
11 1.46270911949686
12 0.0
13 0.0
14 1.21695833333333
15 1.24588106060606
16 1.23715883838384
17 1.20707424242424
18 1.26993964646465
19 1.22886174242424
20 1.27602212121212
21 1.47689494949495
22 1.4603321969697
23 1.44226047979798
0 1.17883775252525
1 1.53323421717172
2 1.48707853535354
3 1.34605580808081
4 1.25219799242424
5 1.22353977272727
6 1.3056226010101
7 1.57396060606061
8 1.97693535353535
9 2.14243651515151
10 1.87712752525253
11 1.3638101010101
12 1.22260315656566
13 1.20020946969697
14 1.14809179292929
15 1.16134166666667
16 1.1493935479798
17 1.17570816919192
18 1.11001743686869
19 1.15561919191919
20 1.11084734848485
21 1.04320566919192
22 1.07197146464646
23 1.19425532828283
0 1.39635176767677
1 1.18179651515152
2 0.932112638888889
3 1.20915218434343
4 1.16188782828283
5 1.12799343434343
6 1.14491228650138
7 1.70041002525253
8 1.71228043593833
9 1.80206313131313
10 1.35699648989899
11 1.14039558080808
12 0.928119734848485
13 0.918473623737374
14 0.891655517676768
15 0.947696830808081
16 1.03966788942052
17 0.967765656565656
18 1.04702638888889
19 0.975790972222222
20 0.94566625
21 0.875723472222222
22 0.82166125
23 0.83989683908046
0 0.843579767676768
1 0.971788308080808
2 0.928401982323232
3 0.93767946969697
4 0.870569393939394
5 0.872393446969697
6 0.924174937304075
7 1.3110012847776
8 2.35385113636364
9 2.30690504179728
10 2.23461805555556
11 1.82233888888889
12 1.2755825
13 0.934543007662835
14 0.919736666666667
15 0.886794722222222
16 0.827907083333333
17 0.76380625
18 0.769077916666667
19 0.92018625
20 0.879639583333333
21 0.903671666666667
22 0.832200138888889
23 0.921918333333333
0 1.18166125
1 1.00246527777778
2 0.982096666666667
3 1.01103861111111
4 1.08370388888889
5 0.972715138888889
6 0.936164166666667
7 1.31002194444444
8 2.4357
9 3.05726666666667
10 2.36437916666667
11 1.73815555555556
12 1.25395736111111
13 0.915144305555555
14 0.879139722222222
15 0.781707777777778
16 0.717713472222222
17 0.741872916666667
18 0.725393472222222
19 0.881535972222222
20 0.985755416666667
21 0.972556388888889
22 0.888422777777778
23 0.857797361111111
0 0.765242638888889
1 0.715258055555556
2 0.758370416666667
3 0.8644775
4 0.943055555555556
5 1.04141791666667
6 0.9900225
7 1.62688819444444
8 3.13270694444444
9 2.79582456140351
10 1.99090277777778
11 1.2829
12 1.09036861111111
13 1.00541222222222
14 0.991723055555555
15 1.00839430555556
16 0.964711695906433
17 1.01085513888889
18 1.08770708333333
19 1.09995583333333
20 1.14636944444445
21 1.16606236111111
22 1.12973305555556
23 1.04277013888889
0 0.958893333333334
1 0.933483611111111
2 0.978869722222221
3 0.985148194444445
4 1.09177916666667
5 1.11425555555556
6 1.21237083333333
7 1.42327222222222
8 2.41321944444444
9 2.70028472222222
10 2.54063194444444
11 1.55675555555556
12 1.04521319444444
