0 0.0
1 0.0
2 0.0
3 0.0
4 0.0
5 0.0
6 0.0
7 0.0
8 0.0
9 0.0
10 0.0
11 0.0
12 0.0
13 28.20588294668298
14 28.468895156695176
15 21.204529466829474
16 13.99787541717542
17 11.124334717134715
18 11.154577737077737
19 9.952926292226296
20 9.177371143671143
21 11.343050671550671
22 12.27357130647132
23 17.2083903947904
0 19.782515995116
1 23.939017501017506
2 22.385253032153052
3 21.117763980463977
4 20.32458144078145
5 19.31224566544565
6 16.607871347171322
7 15.958902726902698
8 18.63271383801382
9 22.37033207163207
10 31.735091615791625
11 32.85417755392756
12 37.24019073056572
13 29.442370350020344
14 25.010153988603996
15 19.57367143874642
16 13.35732359584859
17 13.465439316239296
18 9.45793787138786
19 9.845766127391109
20 6.036075162800155
21 5.90020043752543
22 8.654685032560046
23 7.139090537240546
0 9.585516595441616
1 14.27876520146523
2 23.040815323565337
3 23.629596438746464
4 19.875998382173375
5 14.902929263329261
6 13.005154924704923
7 15.73731183353682
8 19.334182773707767
9 19.574139173789177
10 15.186765099715121
11 10.45172641432643
12 10.192877065527075
13 7.311434137159142
14 6.6171623931623955
15 7.679067165242166
16 6.200079588929589
17 10.537080728530725
18 11.120613380138382
19 5.966859951159952
20 3.331716422466423
21 0.0
22 0.0
23 0.0
0 2.9626475536163905
1 3.8106857932106544
2 5.530882328619865
3 6.5163215091475895
4 7.965937699190982
5 7.045812291003999
6 7.196646643037563
7 5.951982083231534
8 8.310616919068572
9 9.43812539682539
10 11.63824831094829
11 15.301692144892153
12 42.05121017501017
13 51.012725057658365
14 38.59795101071768
15 29.767575749559104
16 25.874448304164982
17 19.89436170804505
18 15.06142827974497
19 7.966829290462635
20 0.0
21 0.0
22 0.0
23 0.0
0 0.0
1 1.5183245704231791
2 8.779168754843694
3 9.264232529918813
4 12.016870007014932
5 12.205140756905152
6 12.930697990688529
7 14.2891824853229
8 17.142231590094482
9 30.419161170819073
10 27.47429912494912
11 38.11992496947496
12 50.186934533984505
13 39.649946194546175
14 46.26767163207161
15 36.93110042735041
16 29.8294473239723
17 28.45972628205129
18 23.406937321937328
19 16.304411996336995
20 8.268523412698412
21 0.0
22 0.0
23 0.0
0 1.125539040114613
1 3.6049405617175023
2 8.203429794095756
3 8.439332266797933
4 9.658147401323834
5 9.901731445232844
6 11.3009587814715
7 9.787793824822861
8 13.78701546979319
9 17.792244194630396
10 14.76554611033921
11 15.895855228551797
12 16.77549045513874
13 15.957285439209562
14 18.54067495403702
15 21.066908396839434
16 24.555097920087576
17 24.767922036966862
18 23.159229048601457
19 15.906639799026003
20 10.866089781482886
21 8.974728140569514
22 8.961211200931894
23 12.635310260620587
0 15.066303034258182
1 23.291526018553594
2 28.152798011311823
3 43.567302689009594
4 37.085172659747684
5 34.31555485347985
6 29.315240140415142
7 27.363082264957246
8 28.49032007529506
9 29.83630969678471
10 31.083467460317486
11 34.26739784289786
12 32.471891025641064
