0 0.0
1 0.0
2 0.0
3 0.0
4 0.0
5 0.0
6 0.0
7 0.0
8 0.0
9 0.010436514705882378
10 0.013168277777777777
11 0.010784983660130715
12 0.007523454248366012
13 0.06576065196078416
14 0.06356086601307184
15 0.05299599183006531
16 0.04524662745098037
17 0.04605463562091501
18 0.0426341176470588
19 0.03811976470588233
20 0.03797807352941178
21 0.03351781045751636
22 0.026799508169934667
23 0.02178511111111114
0 0.0234211666666667
1 0.016881405228758185
2 0.01355907679738561
3 0.012528008169934653
4 0.011888372549019598
5 0.011999950980392167
6 0.011075684640522866
7 0.010030985294117644
8 0.01023698397884957
9 0.010730097059406436
10 0.01502223692810457
11 0.024244485294117643
12 0.03584335620915032
13 0.04719411111111111
14 0.048922537581699364
15 0.046140215686274515
16 0.04422526960784317
17 0.04085409803921568
18 0.039991595793895524
19 0.038109417374021244
20 0.037050175326404096
21 0.037703809845167253
22 0.03703252274178056
23 0.034576462386511055
0 0.02366661437908495
1 0.022355771241830056
2 0.02471759150326797
3 0.02032339542483658
4 0.01579257189542481
5 0.014513114379084953
6 0.01426503104575161
7 0.011335223856209137
8 0.009893233660130712
9 0.01150622058823531
10 0.018837290849673193
11 0.027581253267973838
12 0.02765677614379082
13 0.027258143790849673
14 0.026347258169934627
15 0.02652837908496729
16 0.027530240196078422
17 0.02716077476364872
18 0.02578529313761038
19 0.024573712078163466
20 0.02383277023028217
21 0.02368685968658363
22 0.024157134636496262
23 0.024177566530613245
0 0.02413141801741105
1 0.018638769607843154
2 0.016043266339869272
3 0.013764423202614375
4 0.01440547549019606
5 0.013396880718954219
6 0.012795934640522845
7 0.010813671568627437
8 0.009275448313419222
9 0.009512547668710862
10 0.011997360185943256
11 0.020475975490196058
12 0.02672984150326797
13 0.028075441491801398
14 0.02883744541910332
15 0.029310358330466715
16 0.02899972001490654
17 0.028178996445361752
18 0.028794917131143925
19 0.029196828950951024
20 0.03060681818727494
21 0.03189311553491577
22 0.03381333244544806
23 0.03274867250410586
0 0.024112403594771268
1 0.023201228758169927
2 0.02193263398692812
3 0.01884434477124185
4 0.016593411764705912
5 0.014203866013071909
6 0.015968851307189533
7 0.012197328431372549
8 0.009339985294117647
9 0.008810300653594767
10 0.011596996732026126
11 0.01991086274509803
12 0.03418900490196079
13 0.04235952287581702
14 0.045201936274509816
15 0.0472456160130719
16 0.04837447222222224
17 0.04740498366013074
18 0.044841319993388994
19 0.04302802399615342
20 0.04034557886634366
21 0.037600524898349516
22 0.0369917450563538
23 0.035939469057162075
0 0.03609528403172294
1 0.038334369979344536
2 0.038238345617903256
3 0.029254599673202628
4 0.02034020588235296
5 0.013945918300653604
6 0.011633898692810465
7 0.009424869281045755
8 0.008378477124183008
9 0.0
10 0.0
11 0.0
12 0.0
13 0.0
14 0.03774902533039645
15 0.03848276625172891
16 0.0
17 0.0
18 0.0
19 0.0
20 0.0
21 0.0
22 0.0
23 0.0
0 0.0
1 0.0
2 0.0
3 0.0
4 0.0
5 0.0
6 0.0
7 0.0
8 0.0
9 0.0
10 0.0
11 0.0
12 0.036948527568922265
