0 0.0239569372064883
1 0.0234149300785706
2 0.013619122696815101
3 0.00793676437711431
4 0.00771581586236262
5 0.0166463665611687
6 0.0153963781243558
7 0.0170192105361205
8 0.019407954295147297
9 0.029422215116349
10 0.035383939193222
11 0.026298950942015602
12 0.0
13 0.0
14 0.0133666328868988
15 0.013255260992963301
16 0.012116104096499
17 0.0117047355682788
18 0.0157576620758504
19 0.0158616048461542
20 0.0190465108950532
21 0.0290463002794826
22 0.030730077489243703
23 0.0294433272920115
0 0.0176180847117422
1 0.033884325115778505
2 0.0287845388287858
3 0.024571192266449302
4 0.0213825598447271
5 0.023742035927506802
6 0.0233262294132697
7 0.022204142375197702
8 0.0236496738499231
9 0.0311343977988197
10 0.0381836499062187
11 0.0251952032184928
12 0.0180480732930712
13 0.0141515156647387
14 0.0088712985237553
15 0.011568808590034299
16 0.0112191141895152
17 0.0103287384466551
18 0.0103493516072565
19 0.010866656013273
20 0.0111020907285562
21 0.011303370963295601
22 0.0154625256710959
23 0.02218294161698
0 0.031821916537457404
1 0.021230838596885602
2 0.0133942913133926
3 0.0227384310098032
4 0.0245286785454439
5 0.0213922360125098
6 0.0222737505470954
7 0.027714107231418803
8 0.0282392246188064
9 0.035150937545455695
10 0.027482192196329903
11 0.0173661706884349
12 0.00578627225862695
13 0.00379692716240768
14 0.0042849060182410595
15 0.00516522645998218
16 0.0060899834547275405
17 0.00593840954920287
18 0.0059470525491163995
19 0.006936321856632351
20 0.00652392577077151
21 0.00649981950474231
22 0.00421159155223271
23 0.005604054694497301
0 0.00648023390178155
1 0.017541478517981702
2 0.0162704221967839
3 0.016623828206367
4 0.011781642942727199
5 0.0138902679928623
6 0.0171458540625772
7 0.0216706096450635
8 0.0242738855890917
9 0.029671073041501
10 0.0465486187064092
11 0.0502409167733949
12 0.027266732847250497
13 0.00804353246470584
14 0.00815913021274964
15 0.0079193401885011
16 0.00806828289686033
17 0.00767331395236455
18 0.0075310917071952305
19 0.0113578699040233
20 0.0112087323140426
21 0.0119836288851566
22 0.009168856185019432
23 0.017624973481787102
0 0.046158152708470804
1 0.027370613609765598
2 0.021052197110510398
3 0.0220140648809427
4 0.026447491848989698
5 0.023363493141502
6 0.018279687147472298
7 0.0291298041015436
8 0.0341402105903119
9 0.044082391786325094
10 0.0573985644008737
11 0.0525348801510803
12 0.027657975418923002
13 0.009408646209267969
14 0.00862555870454732
15 0.00642990011280064
16 0.00839390646437232
17 0.010386370257086
18 0.0093880566706813
19 0.010158506397522901
20 0.012291462122827
21 0.0152872060305418
22 0.012599924296639699
23 0.011139593629687599
0 0.00598563615742158
1 0.0027388165126471698
2 0.00776134661661655
3 0.017703569830288403
4 0.024435253477197497
5 0.028222098658129097
6 0.025762515429687
7 0.029532920574194002
8 0.035286823185174496
9 0.0378509060698094
10 0.049122650596205
11 0.0262617076559114
12 0.013243036600341901
13 0.009452373511280029
14 0.008741882363320009
15 0.00857615326074519
16 0.007031580272956
17 0.008220334852908049
18 0.00875624750102604
19 0.010378634047262799
20 0.0108600005106236
21 0.0124466941926074
22 0.0134520884779266
23 0.0120848816985332
0 0.00895282695483469
1 0.0105707902788137
2 0.0121646650532746
3 0.011810538572242301
4 0.0194444532606528
5 0.0188766390816456
6 0.0198626219763626
7 0.0218121468518057
8 0.0241534723690193
9 0.0341571889133971
10 0.0520463473590015
11 0.033327997141432496
12 0.012812983058472399
