0 0.0
1 0.0
2 0.0
3 0.0
4 0.0
5 0.0
6 0.0
7 0.0
8 0.0
9 2.5994465588235287
10 2.36373012962963
11 1.9141077295905808
12 0.0
13 0.0
14 0.0
15 0.0
16 1.2568942465267727
17 1.226637255504026
18 1.2470947062119273
19 1.2374057118807111
20 1.25686594965402
21 1.2983176042602622
22 1.3389702278587676
23 1.3667598618054064
0 1.3301440266930815
1 1.3876637808901349
2 1.4176242436970963
3 1.4048497094426193
4 1.3687993314880724
5 1.3270777368237703
6 1.317144320994073
7 1.3832888841347497
8 1.6296203290392985
9 1.8698981405793975
10 1.8749135454576062
11 1.6557870669430323
12 1.469595614652133
13 1.3476210729860751
14 1.2469803094009555
15 1.2059225525611579
16 1.1770565333022411
17 1.180445529663647
18 1.1673886064845915
19 1.1605425663381068
20 1.1479428991967424
21 1.123511910161505
22 1.1123508465608118
23 1.1237160798406043
0 1.1995278954862234
1 1.1952090179105834
2 1.1131376285408265
3 1.1457896894490058
4 1.1518382665818876
5 1.1450676889611209
6 1.1460113720604252
7 1.3969278780960237
8 1.5428219315780967
9 1.6775981551368362
10 1.521778707519084
11 1.3784999348086282
12 1.1384809546094228
13 1.028455931390509
14 0.9570571542410692
15 0.9509010843001743
16 0.9939656387299202
17 0.9810603854521733
18 0.9912315545460185
19 0.9767108522806157
20 0.9730998483393932
21 0.9553377724785719
22 0.9212832712059588
23 0.8998671141447008
0 0.8806606597328854
1 0.9004207197229797
2 0.9004923151741272
3 0.9040941929584665
4 0.8948135355128302
5 0.8911680841773048
6 0.9015682838365598
7 1.0540584488152749
8 1.7344030828572086
9 2.023271938275707
10 2.1315062049023643
11 1.9786571732077682
12 1.6279139799491007
13 1.2813503556896801
14 1.1005348086867275
15 0.9928329878808367
16 0.9073779884442803
17 0.8325664353166553
18 0.7979485678761926
19 0.8548239618083531
20 0.857033236012324
21 0.8635352296761424
22 0.8538823983001136
23 0.8673160537594249
0 0.9916375165782652
1 0.9973050461555623
2 0.9896586092593446
3 0.9977122085306726
4 1.0270305696020958
5 1.01228275895894
6 0.9980582666841581
7 1.0913042997057452
8 1.7914201732026136
9 2.428372442265796
10 2.3990861623093704
11 2.0700465784313757
12 1.6623358001089332
13 1.2886271688453161
14 1.0837716328976033
15 0.9317037952069719
16 0.8213400326797384
17 0.7770664869281048
18 0.7480162821350761
19 0.808844615630759
20 0.85330296378244
21 0.8870682890555258
22 0.8876530193012163
23 0.8813087538943807
0 0.8513917722088674
1 0.8129112257235549
2 0.7986980264849527
3 0.8163587341603993
4 0.8493544514345533
5 0.9136357130174422
6 0.9392166540217505
7 1.3025978491285384
8 2.2222944836601273
9 2.5131390647001486
10 2.2544376513587894
11 1.7694892619539042
12 1.4302177856610476
13 1.2177444045407622
14 1.1047370644708165
15 1.05535295189772
16 1.0057813528265116
17 1.0048183058135547
18 1.036728504081418
19 1.03795628868125
20 1.0600405732503224
21 1.0878614345039088
22 1.101793070970786
23 1.093270448652801
0 1.069312045173866
1 1.0373486899264777
2 1.021279732025737
3 1.0094264814569998
4 1.0236428440922438
5 1.0374899501691048
6 1.0842074559182289
7 1.2226525591808857
8 1.851653003267971
9 2.2794331786492354
10 2.4130948404139403
11 1.9860459967320265
12 1.5155382897603467
