0 0.0
1 0.0
2 0.0
3 0.0
4 0.0
5 0.0
6 0.0
7 0.0
8 0.0
9 0.002943042943355118
10 0.002737840492374724
11 0.0027910559338863755
12 0.0
13 0.0
14 0.0
15 0.0
16 0.0020150516238391244
17 0.002049722506403065
18 0.001967211461736612
19 0.001897976216530381
20 0.0018920837399586388
21 0.00194962560979904
22 0.0019192445913094492
23 0.0019039327990505322
0 0.0018485058431294045
1 0.0018431388003149246
2 0.0018680539065444163
3 0.0018609993473052136
4 0.0018359700586292303
5 0.001807448033424685
6 0.0018159709887923432
7 0.002149098108528254
8 0.0027187548127060477
9 0.003078325080559535
10 0.00296934578924142
11 0.0030678750285876607
12 0.0032149033265111175
13 0.003042973253529042
14 0.0026291756613229934
15 0.0022606530013857986
16 0.0020725014473720695
17 0.0019796288780275467
18 0.0018172201566009024
19 0.0017465473079132535
20 0.001757156595779965
21 0.0017710508138117068
22 0.0017708638644550042
23 0.0017679098328750135
0 0.0017835816056869138
1 0.0017596472554239177
2 0.00172967198563791
3 0.00173984442394574
4 0.0017506702705288133
5 0.001740510652516354
6 0.0017517439724652687
7 0.0019942046577830527
8 0.0024496524861332596
9 0.003223782576252726
10 0.003081297058823533
11 0.0026441923489799964
12 0.002191711348781936
13 0.0019317199227569827
14 0.0017964447456922156
15 0.0017642511235888287
16 0.0017548543515547624
17 0.0017694592103526207
18 0.0017688010992835078
19 0.0017450394251062888
20 0.0017387747175019487
21 0.0017369312437000403
22 0.0017353844005074867
23 0.0017284680477907672
0 0.0017269287456661408
1 0.00174058756484054
2 0.0017484147203601376
3 0.0017840936576297636
4 0.001804772410567412
5 0.0018105313483512307
6 0.001803373879673745
7 0.001971840563377906
8 0.003155323337492572
9 0.0037740764890077227
10 0.0037831003545256456
11 0.004098578434343434
12 0.003755458645276293
13 0.0028721105713046635
14 0.002405956206131633
15 0.002197370914018481
16 0.002081938967357823
17 0.0020078025201712845
18 0.0019775800128089514
19 0.001953523677856485
20 0.0019399998061815208
21 0.0019599425033660677
22 0.0019656791701035264
23 0.0019535080362172476
0 0.0021106382689597774
1 0.002126188355996575
2 0.0021314583494216584
3 0.002118325985138526
4 0.002177824609561655
5 0.0021622845272975828
6 0.0021601461677183344
7 0.002261147614535795
8 0.0029613965606473166
9 0.003723147156862747
10 0.00470387871459695
11 0.0054297990522875796
12 0.005145129117647057
13 0.00432256234204793
14 0.0037157632570806124
15 0.0037361440873829675
16 0.003899272299755983
17 0.003701187445580831
18 0.003315247418300654
19 0.0030150559408762497
20 0.002871036398287504
21 0.002754615389497201
22 0.0026604154375550696
23 0.002425857454157131
0 0.002181309440058734
1 0.0021170423174621707
2 0.0022645678481700245
3 0.002192282170603713
4 0.0021760659185765586
5 0.0021794953042622934
6 0.0021465984598376254
7 0.0024114569866628844
8 0.0034444529161220087
9 0.0037153912905630113
10 0.003376359092993925
11 0.0028396752218782266
12 0.0024240987329434706
13 0.0022068542248595345
14 0.00222789182375874
15 0.002222346058938194
16 0.002163078539232296
17 0.0021296427899443523
18 0.0020889949455978546
19 0.001990898447887059
20 0.0019333107310613598
21 0.001868007947323663
22 0.0018400269654820372
23 0.0018311785472905262
0 0.0018244785282114171
1 0.0019028512626559808
2 0.0019528304324410405
3 0.0019721972840322445
4 0.001926877399399199
5 0.001908413393188392
6 0.0018787408127444792
7 0.0019759106384053403
8 0.0027322831829762278
9 0.0030719067691415943
10 0.0034696406644880167
11 0.0046686949673202605
12 0.003922263801742918
