0 0.0
1 0.0
2 0.0
3 0.0
4 0.0
5 0.0
6 0.0
7 0.0
8 0.0
9 0.0
10 0.0
11 0.0
12 0.0
13 63.49808205128203
14 60.33128897028898
15 47.36141562881563
16 39.48451265771267
17 39.426600651200694
18 38.39606223036224
19 30.022717338217358
20 22.55186304436307
21 20.275840211640237
22 31.32481147741151
23 39.9617436711437
0 44.52712991452994
1 44.44820427350427
2 52.512706695156695
3 49.90215686813185
4 47.2106118437118
5 44.85860531135528
6 38.34193900081398
7 43.69370916768418
8 56.415555993080964
9 69.88821311558812
10 67.98404096459096
11 64.18764707977208
12 57.09991460113958
13 52.80135717338218
14 50.645494820919815
15 43.57774417989417
16 33.8476528897029
17 33.75220456857959
18 31.781606237281252
19 28.734890201465205
20 16.846695706145706
21 10.113753276353275
22 11.368539387464386
23 9.0448851953602
0 21.395248626373604
1 31.197437688237667
2 36.51469744607243
3 35.647178846153814
4 33.20060726495726
5 27.60508992673994
6 25.445581735856766
7 36.00942295482298
8 48.15634051689053
9 49.256027116402116
10 42.596941310541325
11 32.18001355311359
12 24.981849481074477
13 21.36104356939359
14 20.210991921041938
15 24.751617724867707
16 23.69444324379323
17 34.946257305657326
18 41.81276988196987
19 35.27845915750915
20 17.707970105820102
21 0.0
22 0.0
23 0.0
0 0.0
1 2.8321595257343066
2 13.149666773422139
3 18.028441756272375
4 17.242632484968283
5 20.767001739949247
6 20.300154339129715
7 24.02240714926224
8 37.44151368523947
9 51.4460116430549
10 54.332585551485565
11 72.58649662189661
12 65.27377733007735
13 53.86431952245287
14 56.41648664360331
15 55.257349375932726
16 57.13178293989959
17 57.0978755867589
18 43.87411120607784
19 30.73081701940034
20 0.0
21 0.0
22 0.0
23 0.0
0 0.0
1 0.0
2 25.773397429691094
3 26.092784068309548
4 24.27526759958073
5 28.551229006608825
6 28.605939319393173
7 30.68242565359476
8 41.23081515003262
9 62.153589972303685
10 72.58105318759159
11 91.73878710826226
12 85.65507408424915
13 67.39663199023205
14 67.71195681725686
15 53.1281297924298
16 60.03923203093203
17 51.15169922669922
18 40.69329181929181
19 33.36832844932845
20 92.52786507936507
21 53.52806984126984
22 0.0
23 0.0
0 0.0
1 0.0
2 4.927945297763409
3 10.787902254675874
4 15.28996286571642
5 18.864197141915817
6 28.162714238925727
7 31.47078153318637
8 48.907434499062504
9 80.58479508095407
10 75.44205310266209
11 75.17896232018299
12 66.28418803839836
13 56.467277800232935
14 45.67314518827277
15 49.03175210166591
16 57.59716432290569
17 40.11463627215698
18 61.91237310148347
19 41.55498964394484
20 32.478527402355006
21 0.0
22 0.0
23 0.0
0 16.282567419077637
1 21.890378748236163
2 36.28253760368635
3 51.03608428670846
4 47.96022267508373
5 50.56784947190275
6 51.27999975556097
7 54.469882981105954
8 59.17694770802798
9 73.65655057997554
10 86.2650715201465
11 95.1375592592594
12 105.1386096560849
