0 96.351
1 27.441
2 4.104
3 5.2497
4 13.258
5 9.2806
6 6.8406
7 9.1564
8 11.206
9 15.471
10 27.443
11 12.664
12 7.6106
13 4.9852
14 3.7279
15 0.013177
16 0.0
17 3.5792
18 0.55589
19 0.0
20 7.3286
21 5.9302
22 6.6919
23 10.071
0 9.0701
1 5.6959
2 4.6191
3 2.8746
4 2.985
5 2.4043
6 0.0
7 1.9736
8 10.669
9 8.5634
10 3.9281
11 5.0727
12 4.7045
13 4.3112
14 3.6018
15 5.0058
16 4.6556
17 2.8826
18 5.4589
19 3.3565
20 0.0
21 0.0
22 0.0
23 0.0
0 17.467
1 55.761
2 16.773
3 15.841
4 10.342
5 8.5969
6 5.253
7 6.0171
8 2.7442
9 2.1165
10 10.877
11 6.8869
12 2.5015
13 0.22241
14 1.6805
15 4.4495
16 3.5651
17 1.2589
18 0.0
19 6.3732
20 31.806
21 64.246
22 94.631
23 98.548
0 106.35
1 76.648
2 19.484
3 21.81
4 14.62
5 12.35
6 13.94
7 9.3894
8 4.2957
9 0.59903
10 0.93603
11 2.9219
12 5.0424
13 4.0768
14 2.4178
15 2.5923
16 5.4197
17 5.3727
18 0.40331
19 3.1962
20 4.3408
21 4.3549
22 7.1142
23 5.8118
0 6.0268
1 5.1622
2 2.2967
3 6.56
4 4.4817
5 3.5612
6 5.6489
7 10.605
8 7.3401
9 11.075
10 12.236
11 7.6279
12 3.8296
13 2.3817
14 1.4592
15 0.0
16 0.0
17 2.891
18 0.011248
19 0.3325
20 3.3533
21 1.9004
22 0.69822
23 13.653
0 3.7273
1 0.85335
2 2.0624
3 2.4262
4 1.2409
5 2.3219
6 4.9369
7 5.5632
8 9.8059
9 6.8869
10 14.399
11 7.2268
12 4.1534
13 2.8595
14 0.0
15 0.0
16 0.0
17 0.0
18 0.0
19 0.0
20 0.0
21 0.0
22 0.0
23 0.0
0 6.785
1 1.0587
2 0.0
3 0.0
4 3.3359
5 2.638
6 1.0001
7 0.24472
8 5.1686
9 7.5835
10 7.4122
11 6.8933
12 6.733
13 13.501
