0 0.0083494
1 0.02177
2 0.021768
3 0.019825
4 0.017725
5 0.012568
6 0.008614499999999999
7 0.0029781
8 0.0015955
9 0.0016003
10 0.0090454
11 0.017295
12 0.023552
13 0.031885000000000004
14 0.035698999999999995
15 0.036635
16 0.035116
17 0.0305
18 0.035249
19 0.025518
20 0.0052584
21 0.0055056
22 0.0067745
23 0.016902
0 0.02188
1 0.022928
2 0.025806000000000003
3 0.027207000000000002
4 0.024097999999999998
5 0.024152999999999997
6 0.0229
7 0.014513999999999999
8 0.01159
9 0.013845000000000001
10 0.014246
11 0.02145
12 0.024432
13 0.02597
14 0.027604
15 0.028945000000000002
16 0.026344000000000003
17 0.026486999999999997
18 0.02477
19 0.011136
20 0.0
21 0.0
22 0.0
23 0.0
0 0.002599
1 0.0024596
2 0.0029093
3 0.0035857999999999997
4 0.0036562
5 0.005687299999999999
6 0.0081168
7 0.0079484
8 0.0091217
9 0.012874
10 0.017934000000000002
11 0.021509
12 0.02102
13 0.021652
14 0.025372
15 0.026532
16 0.028494
17 0.027216
18 0.016419
19 0.0039745
20 0.001976
21 0.0015708
22 0.0019871
23 0.0012388
0 0.0012954000000000002
1 0.0022
2 0.0027757999999999997
3 0.0014704
4 0.001167
5 0.00099512
6 0.001135
7 0.0013661
8 0.0022142
9 0.0063277
10 0.013074
11 0.020837
12 0.024787
13 0.028492
14 0.0281
15 0.029322
16 0.027608
17 0.03772
18 0.033837000000000006
19 0.024440999999999997
20 0.016751000000000002
21 0.019169000000000002
22 0.026468
23 0.026168
0 0.027707000000000002
1 0.026946
2 0.023532
3 0.024246
4 0.021276
5 0.017956
6 0.008184499999999999
7 0.0033038
8 0.00092485
9 0.0031176
10 0.013079
11 0.022964
12 0.023208
13 0.031933
14 0.031786999999999996
15 0.03275
16 0.032715
17 0.033985999999999995
18 0.032531
19 0.032441000000000005
20 0.031314
21 0.031056999999999998
22 0.022852
23 0.020339
0 0.023364
1 0.02492
2 0.023399
3 0.022382000000000003
4 0.021443
5 0.021022
6 0.020354
7 0.014691000000000001
8 0.0088543
9 0.0067772
10 0.020117
11 0.025884
12 0.027975
13 0.029002
14 0.0
15 0.0
16 0.0
17 0.0
18 0.0
19 0.0
20 0.0
21 0.0
22 0.0
23 0.0
0 0.023565000000000003
1 0.028375
2 0.028908999999999997
3 0.028202
4 0.026835
5 0.023901
6 0.023234
7 0.022576
8 0.020481000000000003
9 0.019483
10 0.020853999999999998
11 0.022711
12 0.021907
13 0.022687000000000002
