0 397.52
1 100.96
2 18.665
3 13.086
4 10.501
5 15.595
6 14.102
7 24.136
8 48.447
9 68.693
10 126.02
11 41.02
12 20.125
13 14.063
14 11.794
15 13.374
16 13.36
17 18.645
18 14.883
19 28.941
20 35.555
21 49.482
22 57.72
23 56.418
0 41.642
1 21.98
2 15.821
3 11.668
4 13.586
5 12.116
6 9.0978
7 11.598
8 24.047
9 33.476
10 16.388
11 26.841
12 26.301
13 34.725
14 29.483
15 26.905
16 21.199
17 21.522
18 10.575
19 24.731
20 0.0
21 0.0
22 0.0
23 0.0
0 53.141
1 123.82
2 41.726
3 35.108
4 33.214
5 17.034
6 11.305
7 7.8191
8 6.5567
9 7.2983
10 21.647
11 17.257
12 12.675
13 11.77
14 12.414
15 13.466
16 8.4797
17 9.1654
18 7.3601
19 26.55
20 67.443
21 292.39
22 416.54
23 355.39
0 340.28
1 247.64
2 80.146
3 79.091
4 46.988
5 50.161
6 43.134
7 31.191
8 43.574
9 58.188
10 40.279
11 31.943
12 29.725
13 21.952
14 27.609
15 34.848
16 23.582
17 40.957
18 39.122
19 36.933
20 32.116
21 31.403
22 35.227
23 13.996
0 10.524
1 11.929
2 9.5561
3 29.419
4 9.5465
5 11.542
6 12.82
7 28.184
8 38.773
9 80.269
10 53.255
11 16.004
12 10.367
13 62.534
14 171.58
15 142.21
16 122.98
17 169.44
18 96.544
19 94.517
20 76.584
21 51.934
22 45.969
23 57.324
0 53.907
1 55.644
2 63.552
3 78.226
4 72.467
5 73.076
6 68.697
7 70.051
8 82.095
9 82.605
10 114.44
11 48.668
12 28.039
13 23.606
14 0.0
15 0.0
16 0.0
17 0.0
18 0.0
19 0.0
20 0.0
21 0.0
22 0.0
23 0.0
0 38.106
1 12.651
2 10.515
3 9.1209
4 11.798
5 10.792
6 11.657
7 17.475
8 15.452
9 14.502
10 19.182
11 18.96
12 23.913
13 26.054
