0 0.0065198
1 0.0051717
2 0.0048734
3 0.0047093
4 0.0046831
5 0.0047176
6 0.004863
7 0.0048449
8 0.0049063
9 0.005051999999999999
10 0.0046281
11 0.005016
12 0.0051203
13 0.0047679
14 0.0043931
15 0.0044445
16 0.004763
17 0.0048411999999999995
18 0.0046273
19 0.0047573
20 0.004806899999999999
21 0.0047721
22 0.004634699999999999
23 0.0047602
0 0.004646
1 0.0047721
2 0.0044478
3 0.0045153
4 0.0047035
5 0.0045352
6 0.0045111
7 0.0043895
8 0.0048392999999999995
9 0.004769
10 0.0044773
11 0.0043433000000000005
12 0.0045499
13 0.0043581
14 0.0043939
15 0.0044505
16 0.004583599999999999
17 0.004450300000000001
18 0.0045453
19 0.0045475
20 0.0
21 0.0
22 0.0
23 0.0
0 0.0048972
1 0.0050079
2 0.0047933
3 0.0048109
4 0.0047903
5 0.0046679
6 0.004712200000000001
7 0.0048633
8 0.0047819
9 0.004797399999999999
10 0.0049229
11 0.0042103
12 0.0040969
13 0.0043336
14 0.004494799999999999
15 0.0049517
16 0.0049783
17 0.0050172
18 0.0048559
19 0.004939600000000001
20 0.0059222
21 0.0073098
22 0.007468600000000001
23 0.0075096
0 0.0069539
1 0.0053188
2 0.005111500000000001
3 0.0048865
4 0.0047783
5 0.0048655999999999994
6 0.0047666
7 0.0049157
8 0.0048539
9 0.0047741
10 0.0046763
11 0.0038953000000000004
12 0.0041672
13 0.0042137
14 0.0046566
15 0.0048239
16 0.004784900000000001
17 0.0045636999999999995
18 0.004604700000000001
19 0.0047266
20 0.0048797
21 0.0048567
22 0.0048061
23 0.0045909
0 0.0047610000000000005
1 0.0046941
2 0.0048008
3 0.0045579999999999996
4 0.0046557000000000005
5 0.0048501
6 0.0047269
7 0.005035
8 0.0050689
9 0.0050913
10 0.0046939
11 0.0043194
12 0.0044389
13 0.0040789
14 0.004135
15 0.0040612
16 0.0044196
17 0.0046159999999999994
18 0.0046493
19 0.0047577
20 0.0046131
21 0.004475399999999999
22 0.0046342
23 0.0047301
0 0.0045169
1 0.004607999999999999
2 0.0045547
3 0.0045122
4 0.0044357
5 0.0044480000000000006
6 0.0047093
7 0.0046517
8 0.004780700000000001
9 0.0046696
10 0.0046666
11 0.004813
12 0.0049381
13 0.0046772
14 0.0
15 0.0
16 0.0
17 0.0
18 0.0
19 0.0
20 0.0
21 0.0
22 0.0
23 0.0
0 0.004542900000000001
1 0.0044343
2 0.0045251
3 0.00451
4 0.0047225
5 0.0047609
6 0.0045279
7 0.0043617
8 0.004418999999999999
9 0.0045157
10 0.0042474999999999995
11 0.0042732000000000004
12 0.004345
13 0.004353
