0 0.0
1 0.0
2 0.0
3 0.0
4 0.0
5 0.0
6 0.0
7 0.0
8 0.0
9 0.0048456093859967275
10 0.004809271047028672
11 0.004851946906611295
12 0.004913199494098333
13 0.0049031171650176135
14 0.004803928729948427
15 0.004729242678168616
16 0.004725576805016542
17 0.004729552678375604
18 0.004714983222930268
19 0.004705719970095034
20 0.004691963174345297
21 0.004699711471568589
22 0.004712083355649641
23 0.004743751318982123
0 0.004727562194403752
1 0.00472245724641129
2 0.004686658589180418
3 0.004652861258829676
4 0.004648457605836569
5 0.004619464587899036
6 0.004600989280823371
7 0.004551072778071855
8 0.00459092373574469
9 0.004607231766293263
10 0.004597473867480363
11 0.004559043486415437
12 0.00454665853886071
13 0.00451413314299465
14 0.004493075042721067
15 0.0044932576736497944
16 0.004484122472230788
17 0.004453494023127802
18 0.00446492734031045
19 0.004488861288470135
20 0.0
21 0.0
22 0.0
23 0.0
0 0.0
1 0.0
2 0.004868026222222222
3 0.004838226666666667
4 0.004813490322580645
5 0.004739539682539683
6 0.004725762204724411
7 0.004809171697914539
8 0.004796951656187959
9 0.004777615836043271
10 0.004797961478606042
11 0.004686619754477593
12 0.0045473480738907725
13 0.0044947219604769
14 0.004483834551194768
15 0.004567158486463786
16 0.004649534969009466
17 0.0047291442266398686
18 0.004749366994348954
19 0.004817220353948954
20 0.005186701972449013
21 0.0061014327059779935
22 0.006559593713471874
23 0.006929878193981149
0 0.006960377832056918
1 0.006383646582746716
2 0.005957146640672789
3 0.005574238769286548
4 0.005252934216039135
5 0.005087512298987963
6 0.004942166620180931
7 0.0049288981130264295
8 0.004909559802926857
9 0.00485990271943729
10 0.004810161078943712
11 0.004567726257330147
12 0.0044612329856756686
13 0.0043849389257047625
14 0.0044371268191222965
15 0.0045119599961550025
16 0.004560846043801041
17 0.004552457963970585
18 0.004559473090738338
19 0.004611595746530402
20 0.004691790552275479
21 0.004744083309270395
22 0.0047617644485713545
23 0.004729402214430647
0 0.0047292638452353705
1 0.004739044398377315
2 0.0047611462755093184
3 0.004732088522286755
4 0.004707292027701005
5 0.00471543526054017
6 0.004708715152616062
7 0.004776371831539911
8 0.004830102893826669
9 0.004887901732790621
10 0.00485971415663001
11 0.004772210922406186
12 0.004709619365082692
13 0.004532241166672905
14 0.004429192208903543
15 0.0043136245115770406
16 0.0043093118272569154
17 0.0043448794121892865
18 0.0043800135903325575
19 0.0044670150358528185
20 0.004498410978899682
21 0.004517826126573111
22 0.004563547801086819
23 0.004618978501341003
0 0.004620978393209921
1 0.004619456346525789
2 0.004606721974307728
3 0.004578298441055335
4 0.004552619008901623
5 0.004543570224923423
6 0.004560839698414343
7 0.004558886939607334
8 0.0045992072961706255
9 0.004609703865993813
10 0.004623649480274797
11 0.004665221498558985
12 0.004734816892820266
13 0.004743065463879918
14 0.0
15 0.0
16 0.0
17 0.0
18 0.0
19 0.0
20 0.0
21 0.0
22 0.0
23 0.0
0 0.0
1 0.0
2 0.0045017
3 0.004506126666666667
4 0.004617803225806452
5 0.004690487301587302
6 0.004608553543307087
7 0.004547437207726682
8 0.00452643192553067
9 0.004532256828100899
10 0.004478503239635638
11 0.004439242135983898
12 0.0044017841610801845
13 0.004372620521868315
