0 0.0
1 0.0
2 0.0
3 0.0
4 0.0
5 0.0
6 0.0
7 0.0
8 0.0
9 0.0
10 0.0
11 0.0
12 0.0
13 8.486966202686203
14 6.10738717948718
15 3.0596427096459102
16 0.0
17 0.0
18 0.0
19 0.0
20 0.0
21 0.0
22 6.279974245337537
23 8.244243729688685
0 8.664743472035799
1 7.16724367923134
2 5.887656094432181
3 4.378159853157122
4 3.6807285700317767
5 3.0420589030051306
6 0.0
7 0.0
8 0.0
9 7.87880883042459
10 5.839368893370306
11 5.449328280823617
12 5.0734437853802605
13 4.690657195391027
14 4.145038463420602
15 4.576100513321925
16 4.616073760078181
17 3.749183585735222
18 4.6042505494505495
19 3.980544126984127
20 0.0
21 0.0
22 0.0
23 0.0
0 0.0
1 0.0
2 27.805448022130015
3 21.452195175097273
4 15.730111798742136
5 12.111178959107807
6 8.656757220172201
7 7.332402352941177
8 5.033811741682976
9 3.5737300097751716
10 7.227148900830485
11 7.056982905982907
12 4.777414163614165
13 2.493130813186814
14 2.0849726105006106
15 3.2658454017094014
16 3.41464524053724
17 2.33587664957265
18 0.0
19 0.0
20 0.0
21 43.76224122948684
22 70.02784762793043
23 84.52569990573059
0 95.53657332266798
1 86.06460934052464
2 52.7113194274529
3 37.247674529454905
4 25.929659345223556
5 19.139525744992675
6 16.539128009768007
7 12.96463228327228
8 8.626807130647133
9 4.6051472625152625
10 2.759148463980464
11 2.8288482735042733
12 3.9232544664224656
13 3.991166280830282
14 3.202399355311356
15 2.895003194139194
16 4.156228239316239
17 4.76361219047619
18 2.5818082637362636
19 2.8882479413919415
20 3.614529477411478
21 3.9851733308913313
22 5.550441020757023
23 5.681473367521367
0 5.854256879120878
1 5.508360967032965
2 3.902515697191697
3 5.231742305250304
4 4.856606622710623
5 4.208682126984126
6 4.929431550671549
7 7.768120390720392
8 7.5544764102564095
9 9.31555873015873
10 10.77640473748474
11 9.202374114774116
12 6.515718778998781
13 4.448369890109889
14 2.953682686202686
15 0.0
16 0.0
17 0.0
18 0.0
19 0.6852611296146592
20 2.084394152190623
21 1.9890414823705924
22 1.3345502851494937
23 7.530825976909851
0 5.623461150134705
1 3.234718974810467
2 2.6482034565004886
3 2.537147501709819
4 1.8888654788766785
5 2.1053132522588527
6 3.5217080488400487
7 4.543092693528693
8 7.17528421001221
9 7.031700957264956
10 10.71702334554334
11 8.971127032967033
12 6.562315543345544
13 4.711152722832723
14 0.0
15 0.0
16 0.0
17 0.0
18 0.0
19 0.0
20 0.0
21 0.0
22 0.0
23 0.0
0 0.0
1 0.0
2 0.0
3 0.0
4 0.0
5 0.0
6 1.832166956521739
7 0.9959809053497942
8 3.1366432064128253
9 5.388661681503462
10 6.406894230958231
11 6.650871457261816
12 6.691989625825384
13 10.10051110459433
