0 0.0
1 0.0
2 0.0
3 0.0
4 0.0
5 0.0
6 0.0
7 0.0
8 0.0
9 0.003031151372549019
10 0.006013329411764706
11 0.011649203921568627
12 0.017612027450980394
13 0.024786390196078437
14 0.03029580196078431
15 0.03353139490196078
16 0.03438942392156863
17 0.032501378039215684
18 0.03392656862745098
19 0.030757068619901594
20 0.01746253411764706
21 0.011432342745098042
22 0.009046706666666666
23 0.012935661176470587
0 0.01738187764705882
1 0.020140091764705884
2 0.02295453019607844
3 0.0250840768627451
4 0.024627978823529413
5 0.024427052941176464
6 0.023843599143853998
7 0.0194318670594485
8 0.01532476862745098
9 0.014567074509803922
10 0.014383870588235294
11 0.01790564705882353
12 0.021169478431372547
13 0.02357330196078431
14 0.025597874509803924
15 0.02729973333333333
16 0.026850796078431372
17 0.02669368627450981
18 0.026050482411959622
19 0.01842401568627451
20 0.0
21 0.0
22 0.0
23 0.0
0 0.0
1 0.0
2 0.002773816888888889
3 0.0031894533333333332
4 0.0034303548387096777
5 0.0045767396825396826
6 0.0063607070866141735
7 0.007157666666666666
8 0.00815247294117647
9 0.010533656862745098
10 0.01426328862745098
11 0.017921287843137255
12 0.019504690588235292
13 0.02060964862745098
14 0.02302465803921569
15 0.02481476745098039
16 0.02669236862745098
17 0.02640691074516376
18 0.02232232702250029
19 0.012801709803921568
20 0.007351513725490195
21 0.004421781960784314
22 0.0031585882352941175
23 0.0021490996078431376
0 0.0016689192156862747
1 0.0018854086274509804
2 0.0023038529411764704
3 0.0018822164705882352
4 0.0015230219607843137
5 0.0012579421960784317
6 0.00119480031372549
7 0.0012806997647058825
8 0.001749251450980392
9 0.00404656925490196
10 0.00858047717647059
11 0.014746712313725492
12 0.019813169882352943
13 0.024206500392156858
14 0.02620612274509804
15 0.027818876862745097
16 0.027763230196078435
17 0.03280316862745098
18 0.033029991662365296
19 0.029571126554692552
20 0.022813725490196075
21 0.02097308235294118
22 0.023717341176470588
23 0.024936486274509805
0 0.02632193725490196
1 0.026612843137254902
2 0.02510543551391505
3 0.02476419318923413
4 0.023770662100756464
5 0.02159870030722061
6 0.014287019607843137
7 0.008750578039215685
8 0.004785199999999999
9 0.003904677647058823
10 0.00847134274509804
11 0.015715157647058827
12 0.01946536705882353
13 0.025726589411764707
14 0.028803074117647057
15 0.030834274705882354
16 0.031836970980392156
17 0.03297201176470588
18 0.03232518871394275
19 0.03249040637338579
20 0.03242039498489008
21 0.03222940785031557
22 0.02876435801866758
23 0.02489121791961714
0 0.024215156000214958
1 0.024541282325839
2 0.024036460393993767
3 0.023387500466015315
4 0.022606968756621573
5 0.022248755647511755
6 0.02178785878909056
7 0.018487941313337516
8 0.013309978039215686
9 0.010008014901960783
10 0.015056072156862743
11 0.020476902745098037
12 0.024238759215686276
13 0.02663602666666667
14 0.0
15 0.0
16 0.0
17 0.0
18 0.0
19 0.0
20 0.0
21 0.0
22 0.0
23 0.0
0 0.0
1 0.0
2 0.027992999999999997
3 0.028104466666666668
4 0.02744925806451613
5 0.025646968253968255
6 0.024430984251968504
7 0.02480631840013573
8 0.023230893343237174
9 0.02172089518520684
10 0.02139730070350982
11 0.021754299425903914
12 0.02170496582956596
13 0.021811722471184427
