0 0.0
1 0.0
2 0.0
3 0.0
4 0.0
5 0.0
6 0.0
7 0.0
8 0.0
9 0.0
10 0.0
11 0.0
12 0.0
13 28.27235189255189
14 20.032336996336998
15 16.703203663003663
16 15.031950915750915
17 16.838847863247864
18 15.861019291819291
19 22.40159633699634
20 28.976724053724052
21 39.22701636141636
22 48.465168742368746
23 52.44346446886446
0 47.045359462759464
1 34.5136463980464
2 25.167814896214892
3 18.417699145299146
4 16.00187716727717
5 14.058141391941392
6 11.577264322344325
7 11.58551457875458
8 17.81485216117216
9 25.643471746031747
10 21.01068923076923
11 23.922233260073266
12 25.109743492063494
13 29.91892791208791
14 29.70263208791209
15 28.305676483516482
16 24.75326778998779
17 23.138782368742365
18 16.85707155067155
19 20.79563931623932
20 0.0
21 0.0
22 0.0
23 0.0
0 0.0
1 0.0
2 66.41505034578147
3 49.78805058365757
4 41.25236226415094
5 28.962562825278813
6 20.06871414514145
7 13.919316862745099
8 10.230804305283757
9 8.763118866080154
10 15.20820644846116
11 16.23285338217338
12 14.448985787545787
13 13.095811575091574
14 12.751326788766791
15 13.106020903540903
16 10.789840390720391
17 9.976659438339436
18 8.667898046398047
19 17.61123606837607
20 42.53455225885225
21 167.4970858608058
22 292.0667594139195
23 323.7696657875457
0 332.06483350427345
1 289.88121650793653
2 185.02187833943836
3 132.06445199023196
4 89.53092786324788
5 69.85096949938948
6 56.49685274725274
7 43.844493040293045
8 43.70633211233211
9 50.91856996336996
10 45.552843467643484
11 38.708428815628814
12 34.1787956043956
13 28.037841269841273
14 27.81700586080586
15 31.327100854700856
16 27.451692551892553
17 34.203222466422474
18 36.66212136752136
19 36.798261782661775
20 34.45573186813186
21 33.062864373234575
22 34.065755354194074
23 24.03377411477411
0 17.276542612942617
1 14.601547496947497
2 12.076619487179489
3 20.747146862026863
4 15.145109694749696
5 13.339963272283272
6 13.07677015873016
7 20.62931682539682
8 29.701971233211232
9 54.99145216117216
10 54.12542730158731
11 35.06495882783884
12 22.71596024420025
13 42.631158998779
14 107.12536263736263
15 124.68145311355312
16 123.84457680097682
17 146.66156776556772
18 121.6130065934066
19 108.07310256410256
20 92.333168009768
21 72.13012429792428
22 59.048672527472526
23 58.19138144078144
0 56.054506959706956
1 55.84841221001221
2 59.687015873015866
3 68.94869548229546
4 70.7016800976801
5 71.87707399267399
6 70.28363687423686
7 69.97762745899794
8 75.36327616977303
9 78.61290148641093
10 96.91406739926742
11 72.7899768009768
12 50.411329914529915
13 37.00475311355311
14 0.0
15 0.0
16 0.0
17 0.0
18 0.0
19 0.0
20 0.0
21 0.0
22 0.0
23 0.0
0 0.0
1 0.0
2 15.066857142857142
3 11.89568
4 11.845264516129033
5 11.310273015873017
6 11.48500157480315
7 14.491745882352943
8 14.97281252446184
9 14.737176148582599
10 16.96067376648754
11 17.960581001220998
12 20.935057533577538
13 23.496165274725275
