0 0.0059571
1 0.0023667
2 0.0019996000000000002
3 0.0020188000000000003
4 0.0018444
5 0.0024590999999999997
6 0.0029996
7 0.004476
8 0.0047153
9 0.0052792
10 0.0026836000000000004
11 0.0024885000000000003
12 0.0031799
13 0.0022395
14 0.0023580999999999997
15 0.0022275
16 0.0020689000000000003
17 0.0023835
18 0.0032061999999999998
19 0.0063776
20 0.013619999999999998
21 0.011778
22 0.011330999999999999
23 0.0068308
0 0.0047659
1 0.0046679
2 0.0034274
3 0.0027271
4 0.0030905999999999998
5 0.0023348
6 0.0021547
7 0.0034115
8 0.0039764
9 0.0041868999999999995
10 0.0047859
11 0.0035043
12 0.0030059
13 0.0030669
14 0.0023764
15 0.0023508
16 0.0028027
17 0.0026613
18 0.0026695
19 0.006322899999999999
20 0.0
21 0.0
22 0.0
23 0.0
0 0.0074748
1 0.0048175
2 0.0038671
3 0.003599
4 0.0032646000000000003
5 0.0018511
6 0.0010931
7 0.0011465000000000002
8 0.0012835000000000001
9 0.0014448
10 0.0013797
11 0.0013023
12 0.0012368
13 0.001289
14 0.0013319
15 0.0013214
16 0.0015485
17 0.0016802
18 0.0022356
19 0.009207700000000001
20 0.011082000000000002
21 0.010150000000000001
22 0.0097873
23 0.009382699999999999
0 0.0083888
1 0.0068075
2 0.0067484
3 0.0065019
4 0.0059101
5 0.0050118
6 0.005026
7 0.0059817
8 0.007845
9 0.0056757
10 0.0041137
11 0.0032807
12 0.0030310000000000003
13 0.0025897999999999997
14 0.0023986
15 0.0024674000000000002
16 0.0024855
17 0.0024876
18 0.0028719
19 0.0048314000000000005
20 0.0055648
21 0.0048347
22 0.0023426999999999996
23 0.0019696
0 0.0016068
1 0.0014746999999999998
2 0.0013066
3 0.0011504
4 0.0015168
5 0.0016978
6 0.0039049
7 0.005934
8 0.0068414
9 0.0061257
10 0.0030066999999999997
11 0.0019487
12 0.0022658
13 0.001562
14 0.0011558999999999999
15 0.0010092
16 0.00096932
17 0.0010202
18 0.0010882
19 0.001204
20 0.0012088000000000001
21 0.0010500000000000002
22 0.0020694
23 0.0035315
0 0.0020436
1 0.001299
2 0.00096976
3 0.0007459599999999999
4 0.00071174
5 0.00072714
6 0.00093553
7 0.0027801999999999996
8 0.0052706
9 0.0075195
10 0.0027361
11 0.002247
12 0.0016617
13 0.0013942000000000002
14 0.0
15 0.0
16 0.0
17 0.0
18 0.0
19 0.0
20 0.0
21 0.0
22 0.0
23 0.0
0 0.0045268
1 0.0018415999999999999
2 0.0015147
3 0.0015845
4 0.0015576000000000001
5 0.0014895
6 0.0011778
7 0.0011086
8 0.0016266
9 0.0021374
10 0.0019527000000000001
11 0.0019837
12 0.0021396
13 0.0020783
