0 0.0
1 0.0
2 0.0
3 0.0
4 0.0
5 0.0
6 0.0
7 0.0
8 0.0
9 0.698
10 0.696
11 0.573
12 0.531
13 0.543
14 0.622
15 0.695
16 0.739
17 0.682
18 0.838
19 1.08
20 0.919
21 0.698
22 0.682
23 0.841
0 0.551
1 0.551
2 0.423
3 0.405
4 0.415
5 0.366
6 0.437
7 0.579
8 0.637
9 0.535
10 0.441
11 0.362
12 0.329
13 0.363
14 0.347
15 0.315
16 0.302
17 0.335
18 0.346
19 0.358
20 0.38
21 0.375
22 0.396
23 0.647
0 0.697
1 0.689
2 0.709
3 0.439
4 0.45
5 0.434
6 0.449
7 0.57
8 0.546
9 0.487
10 0.455
11 0.375
12 0.308
13 0.364
14 0.395
15 0.382
16 0.389
17 0.32
18 0.317
19 0.372
20 0.353
21 0.378
22 0.479
23 0.502
0 0.467
1 0.349
2 0.369
3 0.326
4 0.258
5 0.27
6 0.427
7 0.711
8 0.849
9 0.429
10 0.463
11 0.381
12 0.38
13 0.347
14 0.353
15 0.274
16 0.264
17 0.315
18 0.313
19 0.357
20 0.347
21 0.429
22 0.514
23 0.434
0 0.548
1 0.492
2 0.339
3 0.24
4 0.259
5 0.297
6 0.385
7 0.714
8 0.895
9 0.502
10 0.346
11 0.297
12 0.336
13 0.382
14 0.291
15 0.299
16 0.292
17 0.317
18 0.339
19 0.344
20 0.244
21 0.226
22 0.194
23 0.206
0 0.237
1 0.262
2 0.235
3 0.223
4 0.238
5 0.283
6 0.393
7 0.533
8 0.619
9 0.403
10 0.354
11 0.266
12 0.314
13 0.375
14 0.371
15 0.318
16 0.254
17 0.211
18 0.243
19 0.24
20 0.213
21 0.238
22 0.292
23 0.373
0 0.351
1 0.293
2 0.233
3 0.186
4 0.158
5 0.215
6 0.32
7 0.519
8 0.564
9 0.487
10 0.373
11 0.284
12 0.241
