0 0.0
1 0.0
2 0.0
3 0.0
4 0.0
5 0.0
6 0.0
7 0.0
8 0.0
9 44.0
10 44.0
11 38.0
12 30.0
13 25.0
14 29.0
15 33.0
16 36.0
17 34.0
18 32.0
19 40.0
20 53.0
21 49.0
22 47.0
23 44.0
0 45.0
1 42.0
2 35.0
3 24.0
4 24.0
5 24.0
6 23.0
7 29.0
8 36.0
9 39.0
10 32.0
11 27.0
12 29.0
13 18.0
14 14.0
15 13.0
16 17.0
17 19.0
18 29.0
19 28.0
20 26.0
21 26.0
22 24.0
23 24.0
0 36.0
1 38.0
2 27.0
3 31.0
4 28.0
5 25.0
6 24.0
7 30.0
8 35.0
9 36.0
10 35.0
11 25.0
12 21.0
13 19.0
14 25.0
15 31.0
16 34.0
17 31.0
18 27.0
19 23.0
20 24.0
21 26.0
22 27.0
23 38.0
0 40.0
1 32.0
2 28.0
3 31.0
4 27.0
5 27.0
6 23.0
7 37.0
8 38.0
9 32.0
10 34.0
11 33.0
12 34.0
13 33.0
14 35.0
15 35.0
16 30.0
17 27.0
18 30.0
19 29.0
20 35.0
21 32.0
22 40.0
23 46.0
0 41.0
1 49.0
2 43.0
3 40.0
4 36.0
5 33.0
6 38.0
7 43.0
8 53.0
9 45.0
10 38.0
11 34.0
12 33.0
13 35.0
14 26.0
15 32.0
16 33.0
17 36.0
18 37.0
19 38.0
20 34.0
21 30.0
22 30.0
23 24.0
0 22.0
1 23.0
2 25.0
3 23.0
4 27.0
5 25.0
6 26.0
7 29.0
8 31.0
9 39.0
10 43.0
11 36.0
12 34.0
13 40.0
14 36.0
15 35.0
16 39.0
17 38.0
18 37.0
19 32.0
20 29.0
21 32.0
22 38.0
23 38.0
0 48.0
1 44.0
2 39.0
3 28.0
4 24.0
5 20.0
6 24.0
7 34.0
8 41.0
9 43.0
10 45.0
11 37.0
12 35.0
