0 0.0
1 0.0
2 0.0
3 0.0
4 0.0
5 0.0
6 0.0
7 0.0
8 0.0
9 0.0028
10 0.0029
11 0.0031
12 0.0027
13 0.0027
14 0.0023
15 0.0022
16 0.0022
17 0.002
18 0.0021000000000000003
19 0.0022
20 0.0023
21 0.0019
22 0.0034
23 0.0025
0 0.0034
1 0.0024
2 0.0031
3 0.0032
4 0.0023
5 0.0029
6 0.002
7 0.0018
8 0.002
9 0.0022
10 0.0028
11 0.0027
12 0.0018
13 0.0015
14 0.0017
15 0.0017
16 0.0017
17 0.0044
18 0.0035
19 0.003
20 0.0025
21 0.0019
22 0.002
23 0.003
0 0.0024
1 0.0026
2 0.0037
3 0.0032
4 0.0029
5 0.0021000000000000003
6 0.002
7 0.002
8 0.0022
9 0.026699999999999998
10 0.0106
11 0.0028
12 0.0077
13 0.006
14 0.0072
15 0.011300000000000001
16 0.0103
17 0.0040999999999999995
18 0.0021000000000000003
19 0.0019
20 0.0019
21 0.0025
22 0.0055
23 0.0026
0 0.0022
1 0.0019
2 0.0019
3 0.002
4 0.0017
5 0.0335
6 0.0125
7 0.007
8 0.0034
9 0.0255
10 0.0087
11 0.0050999999999999995
12 0.005
13 0.0034
14 0.0056
15 0.0031
16 0.0025
17 0.0022
18 0.0022
19 0.0023
20 0.0024
21 0.0024
22 0.0024
23 0.0046
0 0.004200000000000001
1 0.0033
2 0.006900000000000001
3 0.004
4 0.0033
5 0.0028
6 0.0026
7 0.0027
8 0.0026
9 0.0023
10 0.0025
11 0.0023
12 0.0022
13 0.0022
14 0.0024
15 0.0032
16 0.0032
17 0.0023
18 0.0021000000000000003
19 0.0023
20 0.0021000000000000003
21 0.002
22 0.0024
23 0.0021000000000000003
0 0.0021000000000000003
1 0.0021000000000000003
2 0.0033
3 0.0032
4 0.0026
5 0.0027
6 0.0039
7 0.0028
8 0.0025
9 0.038799999999999994
10 0.0136
11 0.0035
12 0.0032
13 0.003
14 0.0023
15 0.0021000000000000003
16 0.005900000000000001
17 0.004900000000000001
18 0.0024
19 0.0021000000000000003
20 0.002
21 0.0021000000000000003
22 0.0024
23 0.0025
0 0.0037
1 0.0039
2 0.0044
3 0.0029
4 0.0021000000000000003
5 0.0022
6 0.0024
7 0.013300000000000001
8 0.0241
9 0.0124
10 0.0055
11 0.0039
12 0.0033
