0 0.0
1 0.0
2 0.0
3 0.0
4 0.0
5 0.0
6 0.0
7 0.0
8 0.0
9 8.0
10 11.0
11 10.0
12 8.0
13 7.0
14 9.0
15 8.0
16 10.0
17 11.0
18 12.0
19 12.0
20 18.0
21 18.0
22 18.0
23 14.0
0 16.0
1 13.0
2 15.0
3 13.0
4 14.0
5 13.0
6 12.0
7 11.0
8 9.0
9 11.0
10 11.0
11 8.0
12 7.0
13 5.0
14 3.0
15 3.0
16 6.0
17 9.0
18 12.0
19 11.0
20 14.0
21 11.0
22 8.0
23 8.0
0 14.0
1 18.0
2 15.0
3 12.0
4 12.0
5 13.0
6 15.0
7 13.0
8 17.0
9 17.0
10 20.0
11 12.0
12 8.0
13 13.0
14 12.0
15 20.0
16 23.0
17 21.0
18 12.0
19 12.0
20 15.0
21 17.0
22 17.0
23 20.0
0 18.0
1 20.0
2 16.0
3 17.0
4 16.0
5 13.0
6 15.0
7 20.0
8 24.0
9 19.0
10 21.0
11 20.0
12 23.0
13 21.0
14 17.0
15 21.0
16 18.0
17 17.0
18 17.0
19 18.0
20 20.0
21 18.0
22 19.0
23 22.0
0 24.0
1 31.0
2 24.0
3 25.0
4 23.0
5 22.0
6 23.0
7 26.0
8 26.0
9 24.0
10 23.0
11 20.0
12 22.0
13 22.0
14 19.0
15 19.0
16 22.0
17 23.0
18 26.0
19 26.0
20 20.0
21 16.0
22 13.0
23 11.0
0 12.0
1 11.0
2 17.0
3 12.0
4 13.0
5 13.0
6 13.0
7 14.0
8 14.0
9 14.0
10 22.0
11 18.0
12 17.0
13 25.0
14 24.0
15 25.0
16 24.0
17 27.0
18 21.0
19 16.0
20 20.0
21 18.0
22 21.0
23 20.0
0 23.0
1 23.0
2 21.0
3 18.0
4 21.0
5 18.0
6 21.0
7 23.0
8 27.0
9 30.0
10 27.0
11 22.0
12 18.0
