0 0.0
1 0.0
2 0.0
3 0.0
4 0.0
5 0.0
6 0.0
7 0.0
8 0.0
9 0.0
10 0.0
11 0.0
12 0.0
13 7.935483870967742
14 8.476190476190476
15 8.236220472440944
16 9.12156862745098
17 10.062622309197652
18 11.03225806451613
19 11.51636541279922
20 14.75897435897436
21 16.38070818070818
22 17.19120879120879
23 15.596092796092796
0 15.7990231990232
1 14.4002442002442
2 14.7008547008547
3 13.974031201034443
4 14.068206922941311
5 13.783035773544837
6 13.188690515696557
7 12.228090182374658
8 10.431746031746032
9 10.715018315018314
10 10.905039702515618
11 9.427594627594628
12 8.212698412698412
13 6.605372405372405
14 4.801221001221001
15 3.8993894993894993
16 4.948717948717949
17 6.973870573870574
18 9.486935286935287
19 10.243467643467643
20 12.122344322344322
21 11.561172161172161
22 9.780219780219781
23 8.89010989010989
0 11.445909645909646
1 14.724542124542124
2 14.863736263736264
3 13.432967032967033
4 12.717216117216116
5 12.85909645909646
6 13.92991452991453
7 13.465201465201465
8 15.232967032967032
9 16.117216117216117
10 18.06007326007326
11 15.272445295001686
12 11.514529914529914
13 12.256654456654458
14 12.127960927960928
15 16.064957264957265
16 19.533821733821735
17 20.267887667887667
18 16.133577533577533
19 14.066666666666666
20 14.533089133089133
21 15.766544566544567
22 16.38290598290598
23 18.19242979242979
0 18.050642650403976
1 18.984306629655954
2 17.55780819627364
3 17.29044637549856
4 16.76715185243508
5 15.285066830649534
6 15.173657935654836
7 16.990396241766277
8 20.37165363299549
9 19.743564210236794
10 20.320600931940067
11 20.17365883813421
12 21.470528101566607
13 21.255161967864034
14 19.30517197877514
15 20.08313847323167
16 19.12895183203138
17 18.453499137976653
18 18.273382801928264
19 18.184189154022885
20 18.715335564575188
21 18.521601385581352
22 18.632151221568204
23 19.52497027067277
0 20.90266054346377
1 26.01766898406133
2 25.10880372594433
3 25.061003753402307
4 24.131899357285864
5 23.170777591673613
6 23.148554463868262
7 24.34925640744506
8 25.045204565964102
9 24.59496359921198
10 24.10182164297269
11 22.592258976008203
12 22.378392812826622
13 22.59336576600744
14 21.502721067460616
15 20.79055580982758
16 21.109782776244295
17 21.625080036654385
18 22.82212097344425
19 23.67770378828618
20 22.649197028892416
21 20.10426887875105
22 16.12112332112332
23 13.55946275946276
0 12.77851037851038
1 11.887912087912088
2 14.443711843711844
3 13.22100122100122
4 13.109401709401709
5 13.053479853479853
6 13.025152625152625
7 13.46828041366395
8 13.598532230555088
9 13.736403746726534
10 17.93968253968254
11 17.97069597069597
12 17.485958485958484
13 21.244688644688644
14 22.623199023199025
15 23.693969016200878
16 23.842928526038083
17 25.455677655677654
18 23.266454845906516
19 19.768155270462177
20 19.880875820956803
21 19.31540781609678
22 20.000957696895725
23 20.00209843085405
0 21.228058457105472
1 21.948429660405925
2 21.559736031200124
3 20.10411502998723
4 20.466808842803868
5 19.733991964600698
6 20.119298757983092
7 20.859905859103037
8 23.07727009832273
9 26.146776650259614
10 26.493301664685994
11 24.69772622365501
12 22.01427267208448
