0 0.0
1 0.0
2 0.0
3 0.0
4 0.0
5 0.0
6 0.0
7 0.0
8 0.0
9 0.0
10 0.0
11 0.626
12 0.5753333333333334
13 0.5586451612903226
14 0.5908253968253968
15 0.6433228346456693
16 0.6596324564930011
17 0.6655835884866613
18 0.736190692661007
19 0.922294117647059
20 0.920897319187951
21 0.8181356666113111
22 0.7703857014936585
23 0.7978041680505695
0 0.6745248924319633
1 0.6137246844001651
2 0.516321568627451
3 0.4593372549019608
4 0.4361803921568627
5 0.4004392156862745
6 0.4182392156862745
7 0.47981641460953794
8 0.5513411928259971
9 0.5443073087694261
10 0.5004491538600069
11 0.4403285244711726
12 0.3818838999985386
13 0.3727458408235104
14 0.3600758348236169
15 0.33637254901960784
16 0.32293853254332333
17 0.3308271971952996
18 0.33478406174920855
19 0.33848513733867214
20 0.3494884370537816
21 0.3551912043498653
22 0.3677297688902526
23 0.5155294117647057
0 0.6070392156862745
1 0.6487137254901961
2 0.6787525890586935
3 0.5638168270304338
4 0.5104025197942875
5 0.48006015186409867
6 0.47489806125496126
7 0.511184691747837
8 0.5235107503961727
9 0.5077737659659859
10 0.48650962813677867
11 0.44741190674060516
12 0.3751042465469589
13 0.36976463058989645
14 0.3811823292357433
15 0.3811840874029584
16 0.3835163916516739
17 0.36055682623223073
18 0.34951598623250446
19 0.35436357180636596
20 0.35614150946929585
21 0.3610324193608044
22 0.40271710895649515
23 0.44271593331849
0 0.45241088015104225
1 0.4145785177458542
2 0.4024430456349836
3 0.3732211724582348
4 0.30936433213522335
5 0.2899742935936682
6 0.3564527961623309
7 0.5347176470588235
8 0.6926078431372548
9 0.5609607843137254
10 0.512164705882353
11 0.4466901960784314
12 0.4135843137254902
13 0.380443137254902
14 0.36657647058823517
15 0.31943137254901965
16 0.2985166424032715
17 0.30504762574135313
18 0.3104596825392238
19 0.3242907826431232
20 0.32865530246028996
21 0.3714195834775141
22 0.44707103294953976
23 0.44109225846817485
0 0.4854707943745382
1 0.4891403245285905
2 0.42940992359538055
3 0.32808235294117644
4 0.2933686274509804
5 0.29492549019607844
6 0.33970980392156863
7 0.5274039215686275
8 0.7118823529411765
9 0.6069607843137255
10 0.4764941176470588
11 0.3868588235294117
12 0.3615803921568627
13 0.3719568627450981
14 0.3312941176470588
15 0.3143333333333334
16 0.30614177832345374
17 0.3132889475463014
18 0.3192005329681794
19 0.3265404085027121
20 0.29775382362174696
21 0.27188831580628875
22 0.23258997443396495
23 0.2205763018549443
0 0.22748988003100917
1 0.24228997935123187
2 0.23864241868084943
3 0.23083044955031
4 0.23253654704136256
5 0.24979695194293566
6 0.3225997979502171
7 0.4302941176470589
8 0.5253960784313725
9 0.4644745098039215
10 0.4094705882352942
11 0.3378196078431372
12 0.32605882352941173
13 0.3507098039215687
14 0.36081176470588233
15 0.3389843137254902
16 0.3070560745956078
17 0.26097209805304533
18 0.25261965989309615
19 0.24698526867014742
20 0.23167411926405032
21 0.23396346673367174
22 0.2544211588414052
23 0.30863419086822236
0 0.32748077574800166
1 0.31273527681520796
2 0.27848341840402435
3 0.22961960784313726
4 0.19370196078431376
5 0.2043058823529412
6 0.2622078431372549
7 0.3908901960784314
8 0.4778627450980391
9 0.4828117647058824
10 0.4281803921568628
11 0.3562823529411765
12 0.29880392156862745
