0 0.0
1 0.0
2 0.0
3 0.0
4 0.0
5 0.0
6 0.0
7 0.0
8 0.0
9 0.0
10 0.0
11 0.003
12 0.00284
13 0.0027677419354838707
14 0.00253015873015873
15 0.0023637795275590553
16 0.002405328864353142
17 0.00222444909087661
18 0.002171505527777724
19 0.0021949448385735182
20 0.002211844486906689
21 0.0021243497742421988
22 0.00266453397035789
23 0.002593216265521483
0 0.0029542335120185336
1 0.0027114131426350823
2 0.00288708455921083
3 0.003029371527297277
4 0.0027075899711367134
5 0.0028165991075614328
6 0.00246267400272592
7 0.0021240133065872397
8 0.0020827565263727907
9 0.002133164690382299
10 0.0024235763547864487
11 0.002506548801235055
12 0.0022342754968102257
13 0.0018730811697786054
14 0.0017917707310188516
15 0.0017488457835440128
16 0.0017252160598217482
17 0.0030627450980392156
18 0.0032827450980392157
19 0.0031419607843137256
20 0.0028223529411764703
21 0.0023619607843137257
22 0.0021815686274509805
23 0.0025933333333333338
0 0.002498039215686274
1 0.0025403756234598377
2 0.0031067623779578372
3 0.0031525939594126986
4 0.003030655888188734
5 0.002601787457332514
6 0.002325290517477035
7 0.002172459448944755
8 0.002184438563004815
9 0.014481960784313725
10 0.012554509803921567
11 0.007676470588235293
12 0.0076976470588235296
13 0.006856470588235294
14 0.00703843137254902
15 0.00918745098039216
16 0.009759607843137254
17 0.006885490196078431
18 0.00447607843137255
19 0.003186274509803922
20 0.002531764705882353
21 0.002509019607843137
22 0.004001176470588235
23 0.003283529411764705
0 0.0027258823529411765
1 0.0023086274509803925
2 0.0021039215686274515
3 0.002052156862745098
4 0.001875686274509804
5 0.01774862745098039
6 0.015138039215686275
7 0.011077647058823532
8 0.007241176470588235
9 0.01641686274509804
10 0.012571764705882352
11 0.008841960784313724
12 0.006927450980392155
13 0.005104705882352941
14 0.005338823529411765
15 0.004211764705882352
16 0.0033541176470588234
17 0.0027313725490196077
18 0.0024529411764705874
19 0.0023709803921568634
20 0.0023803921568627444
21 0.002388235294117647
22 0.002385653177438915
23 0.0034968627450980387
0 0.0038517647058823527
1 0.0035780392156862747
2 0.005248235294117647
3 0.0046274509803921554
4 0.003965490196078431
5 0.003383529411764706
6 0.002992156862745098
7 0.0028423529411764708
8 0.002718039215686274
9 0.0025070588235294117
10 0.00251976815550681
11 0.0024674749779526927
12 0.002405444603860059
13 0.00235126935719914
14 0.002351361855982625
15 0.002609669752151408
16 0.002803997537337824
17 0.0026464983069197545
18 0.0024567617010371762
19 0.0024028748663056467
20 0.002297537015260128
21 0.0021730589358091626
22 0.0022581618348807265
23 0.0021890179354571064
0 0.0021622541196951728
1 0.0021417768626778616
2 0.0025968611503273927
3 0.002841034526712746
4 0.0027497333221655155
5 0.002729868565780966
6 0.003280958344025141
7 0.0030612770174330297
8 0.002803540056352
9 0.02086313725490196
10 0.017251764705882352
11 0.010376470588235294
12 0.006789411764705882
13 0.0048952941176470584
14 0.003594509803921569
15 0.0028458823529411764
16 0.004379607843137255
17 0.004573333333333333
18 0.003464705882352941
19 0.0027796078431372552
20 0.002387450980392157
21 0.0022419607843137254
22 0.0023211764705882354
23 0.0024113725490196086
0 0.003051372549019608
1 0.0034537298913862764
2 0.00394078431372549
3 0.003421960784313726
4 0.0027611764705882356
5 0.0024807843137254902
6 0.0024403921568627446
7 0.007891372549019606
8 0.0160356862745098
9 0.014234509803921568
10 0.009869411764705882
11 0.006886666666666667
12 0.005095686274509802
