0 0.0
1 0.0
2 0.0
3 0.0
4 0.0
5 0.0
6 0.0
7 0.0
8 0.0
9 0.0
10 0.0
11 0.0
12 0.0
13 29.806451612903224
14 29.396825396825395
15 31.212598425196852
16 33.615686274509805
17 33.80821917808219
18 32.903225806451616
19 36.453346360527604
20 44.728693528693526
21 46.86495726495726
22 46.93284493284493
23 45.46715506715507
0 45.235409035409035
1 43.765696063136126
2 40.3711807166104
3 31.654212454212455
4 27.825641025641026
5 25.911599511599512
6 24.454700854700853
7 26.726007326007327
8 31.36092796092796
9 35.17924297924298
10 33.55245268195359
11 30.34638907758551
12 29.819295040387356
13 23.81904761904762
14 18.906959706959707
15 15.952136752136752
16 16.475213675213674
17 17.736996336996338
18 23.369230769230768
19 25.684493284493286
20 25.84102564102564
21 25.91892551892552
22 24.95848595848596
23 24.478876678876677
0 30.24029304029304
1 34.12258852258852
2 30.562881562881564
3 30.783638583638584
4 29.39316239316239
5 27.944284373757178
6 26.483676236025413
7 27.782144233291913
8 30.454765578978375
9 32.512648155207756
10 33.44543256125372
11 30.335447554482386
12 25.963437128713377
13 22.514959425171917
14 23.6880094481814
15 27.14089387542907
16 30.38124029067668
17 30.67475645427959
18 28.94011683463656
19 26.133516904306063
20 25.123595333090755
21 25.56588591262162
22 26.215233238402462
23 32.122832722832726
0 36.06373626373627
1 33.713817828389345
2 31.28711285165671
3 31.165089889702614
4 29.391035619135696
5 28.372622013892567
6 26.08703419087777
7 30.732826794641333
8 33.82915754180537
9 33.055100787203784
10 33.46057402008549
11 33.262050727661084
12 33.51578621476786
13 33.31314290339608
14 33.985703118522096
15 34.38990950746232
16 32.65992002210008
17 30.42574106600796
18 30.89662894113718
19 30.30861851511431
20 31.665873993871095
21 31.742245652414844
22 34.47317191948436
23 39.70873705347314
0 40.24692753953296
1 44.37731445046793
2 43.76174460753273
3 42.074558197090354
4 39.34931771482228
5 36.90655629882143
6 37.35890141903919
7 39.55990121489928
8 44.95220182952901
9 44.81898639597788
10 42.24321288836225
11 39.11713995116091
12 36.79850087645332
13 36.10182364215969
14 30.613919413919415
15 31.305982905982905
16 32.152625152625156
17 34.076678876678876
18 35.538217338217336
19 36.76849816849817
20 35.35827904038817
21 33.49950809881844
22 32.36752453937877
23 29.09056626345842
0 25.757452342680505
1 24.589245091341702
2 24.761596636066276
3 24.014490722170216
4 25.26795991720399
5 25.148557893407904
6 25.500483037525957
7 26.68802506320453
8 27.758560245831642
9 33.22732042840239
10 38.359315859761935
11 37.2089777519998
12 35.64295748897258
13 37.673827605890615
14 36.89811054278991
15 36.079115034185705
16 37.30931505591481
17 37.56242322266598
18 37.3052411605992
19 35.806086693876075
20 33.43636175431575
21 32.94834923753182
22 34.607934449458966
23 35.552601308398245
0 40.74823941507032
1 42.03914853989157
2 40.8389676628161
3 35.5299559409278
4 29.263003663003662
5 24.62930402930403
6 24.313064713064712
7 29.156776556776556
8 35.07985347985348
9 39.041269841269845
10 42.02148962148962
11 39.51062271062271
12 37.253724053724056
