0 0.0
1 0.0
2 0.0
3 0.0
4 0.0
5 0.0
6 0.0
7 0.0
8 0.0
9 0.0025
10 0.0026
11 0.0015
12 0.0007
13 0.0014
14 0.0021000000000000003
15 0.0039
16 0.004
17 0.0039
18 0.0052
19 0.0085
20 0.0054
21 0.004
22 0.0053
23 0.005
0 0.0033
1 0.0028
2 0.0002
3 0.0004
4 0.0003
5 0.0005
6 0.0017
7 0.0033
8 0.0028
9 0.0009
10 0.0003
11 0.0002
12 0.0002
13 0.0003
14 0.0002
15 0.0002
16 0.0002
17 0.0002
18 0.0002
19 0.0002
20 0.0002
21 0.0002
22 0.0002
23 0.0036
0 0.0036
1 0.0024
2 0.001
3 0.0005
4 0.0013
5 0.0005
6 0.0004
7 0.0003
8 0.0005
9 0.0006
10 0.0004
11 0.0002
12 0.0002
13 0.0002
14 0.0006
15 0.0003
16 0.0007
17 0.0002
18 0.0002
19 0.0002
20 0.0002
21 0.0002
22 0.0006
23 0.0014
0 0.0008
1 0.0002
2 0.0005
3 0.0003
4 0.0002
5 0.0002
6 0.0009
7 0.0037
8 0.0035
9 0.0012
10 0.0005
11 0.0002
12 0.0002
13 0.0002
14 0.0002
15 0.0002
16 0.0002
17 0.0002
18 0.0002
19 0.0002
20 0.0002
21 0.0007
22 0.0015
23 0.0002
0 0.0008
1 0.0014
2 0.0002
3 0.0002
4 0.0002
5 0.0002
6 0.0004
7 0.0026
8 0.0021000000000000003
9 0.0008
10 0.0002
11 0.0002
12 0.0002
13 0.0001
14 0.0
15 0.0
16 0.0
17 0.0
18 0.0
19 0.0
20 0.0
21 0.0
22 0.0
23 0.0
0 0.0
1 0.0
2 0.0
3 0.0
4 0.0
5 0.0
6 0.0
7 0.0
8 0.0001
9 0.0
10 0.0
11 0.0
12 0.0
13 0.0
14 0.0001
15 0.0
16 0.0
17 0.0
18 0.0
19 0.0
20 0.0
21 0.0
22 0.0
23 0.0
0 0.0
1 0.0
2 0.0
3 0.0
4 0.0
5 0.0
6 0.0
7 0.0
8 0.0004
9 0.0002
10 0.0
11 0.0
12 0.0
