0 2.54567
1 2.45885333333333
2 2.57125
3 2.29199666666667
4 2.30026
5 2.21327796610169
6 2.26950666666667
7 2.41220134228188
8 2.50008813559322
9 2.42209427609428
10 2.43987972508591
11 2.59602
12 2.33986577181208
13 2.33871
14 2.24468333333333
15 2.10658
16 2.18396333333333
17 2.06392666666667
18 2.13964333333333
19 2.27943333333333
20 2.39848333333333
21 2.54865202702703
22 2.50546
23 2.43843
0 2.59682333333334
1 2.68163666666667
2 2.65650666666667
3 2.38450666666667
4 2.39381666666666
5 2.27857
6 2.52746
7 2.78580808080808
8 3.00361
9 3.03595333333333
10 2.67013651877133
11 2.58799653979239
12 2.39168707482993
13 2.12905802047782
14 2.06679
15 2.00776333333333
16 1.89280333333333
17 1.97165333333333
18 1.99722
19 2.29627303754266
20 2.36934666666667
21 2.40305762711864
22 2.42268333333333
23 2.48145333333333
0 2.62963333333333
1 3.10303333333334
2 2.92341379310345
3 2.92347666666667
4 2.92101020408163
5 2.93201
6 2.81669
7 2.67220408163265
8 2.82773
9 2.52603
10 2.38375333333333
11 2.42582666666667
12 2.39066333333333
13 2.32998310810811
14 2.02123333333333
15 1.94920666666667
16 1.87062
17 1.83079054054054
18 1.86214
19 1.89612333333333
20 2.53701333333333
21 2.59180666666667
22 2.77368333333333
23 2.78087666666667
0 2.82492333333333
1 3.24542333333333
2 2.44612333333333
3 2.25359666666667
4 2.17937333333333
5 2.26227666666667
6 2.28817627118644
7 2.79105666666667
8 3.30946666666667
9 2.99413333333333
10 3.19941
11 3.27199
12 2.88757
13 2.72421666666667
14 2.0734527027027
15 1.91426666666667
16 1.87346366782007
17 1.84361666666667
18 1.85025333333333
19 1.96686
20 2.61211
21 2.88945333333333
22 2.9682397260274
23 3.39174
0 5.72878231292517
1 3.02572666666667
2 2.84596
3 3.00581724137931
4 3.62303
5 3.03772666666666
6 3.03769333333333
7 2.65286333333333
8 3.23515
9 2.87358333333333
10 2.54746333333333
11 2.23776610169491
12 2.02403082191781
13 2.13453846153846
14 2.30922
15 2.2016889632107
16 1.95563333333333
17 1.81857333333333
18 1.80081333333333
19 2.1858813559322
20 3.16601677852349
21 3.32828666666667
22 3.21844333333333
23 3.47087931034483
0 4.00273333333333
1 3.04293666666667
2 2.2785
3 2.33440277777778
4 2.49178333333333
5 2.22909027777778
6 2.24479
7 2.45403157894737
8 2.88608666666667
9 2.86771333333333
10 2.81595666666666
11 2.91647666666667
12 2.39366
13 2.21244781144781
14 2.10213333333333
15 2.00440666666667
16 1.91731879194631
17 1.9028537414966
18 1.84048666666666
19 2.15889333333333
20 2.38515824915825
21 2.43353898305085
22 2.45577666666667
23 2.70578666666667
0 2.91985333333334
1 2.6193
2 2.58316161616161
3 3.06411
4 2.67486956521739
5 3.02588698630137
6 2.66450505050505
7 2.88678
8 2.9604347826087
9 2.85526599326599
10 2.68001666666667
11 2.46287666666667
12 2.40311186440678
