0 17.4181534044445
1 0.393072077777777
2 6.02776948333333
3 3.75329134666667
4 6.14161501555556
5 11.4501099422222
6 8.33068540444444
7 4.40655492444445
8 15.4643746329365
9 2.70348741111111
10 3.03845345555556
11 3.64263398666667
12 3.02505446666667
13 13.2210419755556
14 4.92942406777777
15 7.19805818444444
16 23.9228799555556
17 10.1923448355556
18 22.9827561777778
19 8.78224432444444
20 13.1610437244445
21 16.92650793
22 12.6806131477778
23 9.40293795555555
0 10.96772106
1 3.98829673333333
2 7.47114914876984
3 10.6613727122222
4 12.0057833822222
5 6.18586053
6 5.78080370666666
7 3.46012858888889
8 7.65419784
9 1.02533175
10 3.97955484
11 0.0
12 0.612219598888889
13 4.23086395111111
14 9.40463208444444
15 1.78753827777778
16 3.08050190444445
17 12.5636978888889
18 19.6941318788889
19 12.3610626477778
20 14.9137164419048
21 18.4442580811111
22 19.1490693455556
23 16.8507516222222
0 17.6510676111111
1 15.1377670322222
2 10.7736143844444
3 9.19898216444445
4 12.0148270111111
5 5.05414032
6 12.0396704077778
7 16.3540671333333
8 12.7692142888889
9 2.00673077
10 4.95754211777778
11 6.32335046888889
12 5.41122074555555
13 5.44112022111111
14 10.7943467733333
15 13.8434493722222
16 8.1990110688889
17 0.0
18 0.0
19 0.0
20 0.0
21 0.0
22 0.0
23 0.0
0 0.0
1 0.0
2 0.0
3 0.0
4 0.0
5 0.0
6 0.0
7 0.0
8 0.0
9 0.0
10 0.0
11 0.0
12 0.0
13 0.0
14 0.0
15 0.0
16 0.0
17 7.14235198888889
18 7.05479434888889
19 3.75206761111111
20 22.1356447933333
21 21.0704955233333
22 37.3326061222222
23 32.3387260777778
0 21.4704852888889
1 8.48405779777778
2 16.45080469
3 19.52927801
4 9.41546999777777
5 13.4178009622222
6 11.8211369266667
7 16.5284311066667
8 24.6735285755555
9 22.4028887288889
10 49.0191693211057
11 33.8092081455556
12 30.32820984
13 24.54118521
14 26.5554325544444
15 38.1485341055556
16 30.88857998
17 14.5103832533333
18 13.4988177909604
19 11.0697653866667
20 26.1044937322222
21 26.5446456055555
22 43.5134046766667
23 41.8816798511111
0 31.4638283233333
1 58.7400040833333
2 26.6039838588889
3 20.0585539244444
4 24.0488170022222
5 18.8088808622222
6 23.2293264222222
7 34.3816835244444
8 34.0338921122222
9 18.9204898833333
10 29.1132143311111
11 11.9485347677778
12 9.26123499333333
13 15.7756316433333
14 19.3345010255556
15 17.2453043944444
16 16.6142261688889
17 18.1209147444444
18 12.52300804
19 25.8896742611111
20 47.0360269722222
21 47.9796155566667
22 37.7085085555556
23 25.0205002644444
0 30.2166466355556
1 21.13683186
2 31.8646635588889
3 24.1583939355556
4 28.1354921755556
5 29.0241863566667
6 32.6742094288889
7 40.7471346866666
8 42.0213832055555
9 15.7802576911111
10 21.5235431711111
11 13.6461396844444
12 18.2721354622222
