0 0.0
1 0.0
2 0.0
3 0.0
4 0.0
5 0.0
6 0.0
7 0.0
8 0.0
9 0.00260430483333333
10 0.0126311916666667
11 0.0227366388888889
12 0.0352972777777778
13 0.04269025
14 0.050330194444444504
15 0.0578237254901961
16 0.0504565833333334
17 0.039395833333333304
18 0.0327802542372881
19 0.0182245782122905
20 0.0127489554317549
21 0.0
22 0.0017095903333333299
23 0.00190909113888889
0 0.0
1 0.0
2 0.0
3 0.0
4 0.0
5 0.0
6 0.0
7 0.0
8 0.0
9 0.0
10 0.00703476666666666
11 0.0239341782729805
12 0.0336200842696629
13 0.0391994677871148
14 0.043426250000000007
15 0.0445777118644068
16 0.0433139274924471
17 0.0383445
18 0.0310229859154929
19 0.0109392612359551
20 0.0149029501408451
21 0.0160831944444444
22 0.0135491833333333
23 0.00420551004444444
0 0.0
1 0.0
2 0.0
3 0.0
4 0.0
5 0.0
6 0.0
7 0.0
8 0.0
9 0.0020107036592178803
10 0.0190734232954546
11 0.0402054571428571
12 0.0531885
13 0.0637410724637681
14 0.0559126836158192
15 0.0531155833333333
16 0.0507612324929972
17 0.0479398324022347
18 0.0444316761363636
19 0.043129716713881
20 0.0170059433055556
21 0.007626419444444451
22 0.00347418662011173
23 0.0
0 0.0
1 0.0
2 0.0
3 0.0
4 0.0
5 0.0
6 0.0
7 0.0
8 0.0
9 5.55793888888884e-5
10 0.00873554596100279
11 0.0253826166666666
12 0.0460489722222222
13 0.0596736974789916
14 0.0691955084745763
15 0.0639912711864406
16 0.0560306388888889
17 0.0596413333333333
18 0.0600648611111111
19 0.0535315
20 0.0204954011388889
21 0.0031113736111111102
22 0.0
23 0.0
0 0.0
1 0.0
2 0.0
3 0.0
4 0.0
5 0.0
6 0.0
7 0.0
8 0.0
9 0.000485657800000002
10 0.0227973669467787
11 0.0437319887955182
12 0.055031340782122906
13 0.0732814444444445
14 0.0916615555555556
15 0.0962003611111111
16 0.101699333333333
17 0.0986186666666668
18 0.0928270277777778
19 0.0698037777777777
20 0.0137710710555556
21 0.0
22 0.0
23 0.0
0 0.0
1 0.0
2 0.0
3 0.0
4 0.00249989577030812
5 0.000142588666666667
6 0.0
7 0.0
8 0.0
9 0.0013567706388888901
10 0.0133525666666667
11 0.0374021944444444
12 0.0652793611111111
13 0.07262554929577471
14 0.07868274011299439
15 0.07558716666666661
16 0.06570241666666671
17 0.0730375555555556
18 0.06587611111111111
19 0.047479844444444405
20 0.0292072777777778
21 0.0208892222222222
22 0.0155966788732394
23 0.007779431082621081
0 0.0
1 0.0
2 0.0
3 0.0
4 0.0
5 0.0
6 0.0
7 0.0
8 0.0
9 0.0
10 0.0150861444444444
11 0.0409135833333334
12 0.0632224444444444
