0 0.0018152611111111102
1 0.0017603066666666701
2 0.00173591361111111
3 0.00179280277777778
4 0.00174539083333333
5 0.0016701519444444499
6 0.00173110916666666
7 0.00178714444444444
8 0.00179674638888889
9 0.0017729975
10 0.0017035602777777802
11 0.00184387666666667
12 0.0018109525
13 0.00173118944444444
14 0.0017324891666666699
15 0.00155216694444445
16 0.00167370083333333
17 0.00172320805555556
18 0.00178971694444444
19 0.00170898833333333
20 0.00177585027777777
21 0.0017644387500000002
22 0.00175516111111111
23 0.0017353993055555501
0 0.00175905833333333
1 0.00176894069444444
2 0.0017915258333333298
3 0.00176830319444444
4 0.00177785444444444
5 0.00175747138888889
6 0.0017413469444444501
7 0.00176520861111111
8 0.0016508855555555598
9 0.00179738333333333
10 0.00173181888888889
11 0.0018537187500000001
12 0.00174152166666667
13 0.0017918416666666702
14 0.0016881305555555598
15 0.0017368130555555602
16 0.0017362177777777701
17 0.00170878666666667
18 0.0017129591666666698
19 0.00183134444444444
20 0.0019087858333333302
21 0.00188277638888889
22 0.00185166611111111
23 0.00188792055555555
0 0.00186514944444444
1 0.00185161777777778
2 0.00178770598052851
3 0.0017033608333333302
4 0.00180645722222222
5 0.00182356305555556
6 0.00181356638888889
7 0.0017671394444444398
8 0.0017664905555555498
9 0.0017664533333333302
10 0.00172216416666667
11 0.00187691194444444
12 0.00178813388888889
13 0.00170145722222222
14 0.0017069013888888899
15 0.00178279027777778
16 0.00178413194444444
17 0.00182549555555555
18 0.00186776861111111
19 0.00191692777777778
20 0.00190853611111111
21 0.00178221972222222
22 0.001920755
23 0.0018712824999999999
0 0.0019171625000000002
1 0.00183669138888889
2 0.00182404222222222
3 0.00181408666666667
4 0.00179192361111111
5 0.00181837583333333
6 0.0018311775
7 0.00187104222222223
8 0.00175874194444444
9 0.00178472361111111
10 0.0018553525
11 0.00192203611111111
12 0.0018705477777777799
13 0.00177802805555556
14 0.00180310194444445
15 0.0017772322222222201
16 0.00185121972222222
17 0.00193675166666666
18 0.00194500833333334
19 0.0019262452777777802
20 0.00201871944444445
21 0.00202371111111111
22 0.00207243611111111
23 0.00200778055555556
0 0.00191933555555556
1 0.00197378333333333
2 0.00198625
3 0.00190213333333333
4 0.00197476388888889
5 0.00199216111111111
6 0.00193307527777777
7 0.00193573888888888
8 0.0020178325
9 0.00185150277777778
10 0.0019511991643454002
11 0.0019353741209564
12 0.00188628861111111
13 0.00181262166666667
14 0.00186719916666667
15 0.00180913916666666
16 0.00193676027777778
17 0.0018594611111111099
18 0.0019066061111111098
19 0.00203654388888889
20 0.00201087777777778
21 0.00210135833333333
22 0.00209611138888889
23 0.00200923888888889
0 0.00207651777777778
1 0.00202051583333333
2 0.00205001111111111
3 0.00196726666666667
4 0.00199526972222222
5 0.00195681138888889
6 0.00198220555555556
7 0.0019884975
8 0.00194267138888889
9 0.00194184444444444
10 0.00194438611111111
11 0.00207386666666667
12 0.0020047861111111096
13 0.00195912112676056
14 0.0019922638888888898
15 0.0019287258333333399
16 0.00198521194444445
17 0.00197594277777778
18 0.0020581194444444398
19 0.00202
20 0.0020940211111111096
21 0.0021474916666666603
22 0.00215290833333333
23 0.0020650527777777697
0 0.0021045975000000003
1 0.00198079305555556
2 0.0020701266666666596
3 0.001919095
4 0.00200413888888889
5 0.001908025
6 0.00188039444444445
7 0.00189492777777778
8 0.00189903777777778
9 0.00179339916666667
10 0.0018812511111111101
11 0.00188542305555556
12 0.00194551388888889
