0 22.9160083805556
1 22.3180925000003
2 25.2840060388888
3 24.8110752180559
4 18.8744548999999
5 15.248822372222
6 12.0458200055557
7 10.9790261444445
8 22.0368490833337
9 24.2754353222223
10 28.5215845250001
11 33.8761157777779
12 30.8585513583337
13 19.4597233722224
14 24.7270212583332
15 21.5821505388886
16 20.4384305166668
17 20.0025226916665
18 14.3626478805554
19 51.6212513027776
20 38.0451406194442
21 40.6508266458328
22 38.4032666305559
23 25.2400024430557
0 20.7123785416665
1 22.767063038889
2 22.6888684277779
3 26.6607411249999
4 16.4342415805553
5 12.4198449805558
6 9.67358460416683
7 16.2181992916665
8 30.5182478958328
9 53.9712818527776
10 59.2622413958328
11 50.6536924083334
12 32.6680935555552
13 9.68894449999988
14 6.09698639583332
15 0.0
16 2.90217443749998
17 7.76442318750011
18 20.2311503541663
19 24.7511332444444
20 27.9828213555553
21 56.2375337333334
22 43.9254134888883
23 27.6972379583333
0 21.4337574166664
1 25.3018646444445
2 45.2796153838662
3 38.7447879805561
4 65.663473875
5 46.0426894000007
6 51.6104936000004
7 33.6892003902776
8 45.8947397263881
9 46.603074555556
10 27.2571694402779
11 25.7635133333333
12 14.1570917111111
13 4.2563958222222
14 14.3226856000001
15 6.23544607499999
16 37.2145548222228
17 28.9167985777777
18 17.1265030444442
19 14.7617481333334
20 25.9068495499999
21 53.7563316
22 54.3368355750001
23 45.5448300500002
0 47.3404116041666
1 34.6556357499998
2 21.5631987777778
3 0.177869504166657
4 8.31043407500005
5 9.05121847499999
6 12.3772388444442
7 35.8034878291663
8 15.5244016097223
9 49.3011828555557
10 55.1626630638887
11 66.1285577069454
12 47.466673025
13 21.3886904499998
14 2.630579475
15 0.0
16 22.6325226333337
17 76.4477403249995
18 50.3949666999995
19 25.1210686250002
20 43.0285216930561
21 56.1726687249993
22 87.3443326569441
23 78.5529592319439
0 70.1748877291661
1 153.202467474999
2 54.7679530499994
3 37.3192857902782
4 62.8632236194438
5 102.39351145
6 74.3671872472219
7 52.4106232444446
8 30.1943916138888
9 84.5678354555568
10 59.0224044867127
11 54.7200121267816
12 0.0
13 0.0
14 50.9199734722218
15 60.2505771361104
16 17.6836117222224
17 106.947148916666
18 47.9406923791672
19 59.1097470013883
20 68.9064299263895
21 63.8259137222212
22 0.0
23 99.1535874166668
0 63.611158138889
1 92.0469827222211
2 0.0
3 20.9632700833336
4 14.0606135555556
5 19.0922579680552
6 20.7432418416667
7 24.1871687833332
8 104.616694812499
9 53.6562180083337
10 73.7106902166672
11 53.2485552416663
12 67.1217100124998
13 45.6305824507048
14 3.90036494444443
15 45.5353697777774
16 0.0
17 43.245035027777
18 56.4167763583332
19 27.1983608249999
20 136.064585544446
21 127.947358194443
22 83.2268101250014
23 59.3477387916665
0 52.5328347083334
1 40.1281301208339
2 48.858255941667
3 37.8846834416665
4 98.2484383416661
5 22.9720215208328
6 67.706359247223
7 46.824133272223
8 65.1307407916676
9 101.026042947223
10 32.7115469249996
11 41.8488668361111
12 21.8978180374996
