0 0.0
1 0.0
2 0.0
3 0.0
4 0.0
5 0.0
6 0.0
7 0.0
8 0.0
9 0.0
10 0.0
11 0.0
12 0.0
13 24.76992369919638
14 24.74840447085508
15 23.164883252774256
16 21.801847846334283
17 20.902765696389828
18 17.63298967343904
19 34.63208290876256
20 36.34056637845457
21 38.49769594942373
22 38.45168784458146
23 31.844790673325935
0 26.277345758556454
1 24.522608225299855
2 23.605489467829404
3 25.13373539294531
4 20.783499574792298
5 16.600746431799674
6 13.136592982784672
7 14.673073420252312
8 22.594741623521973
9 38.28463816735699
10 48.775986664960605
11 49.71794255129479
12 41.19447784768798
13 25.440114333973494
14 15.766524494081434
15 0.0
16 0.0
17 0.0
18 14.298947932787588
19 19.694742208712395
20 23.90426201518491
21 40.19850443921871
22 42.067388446388364
23 34.865440476846466
0 28.141659437054695
1 26.722975494275026
2 36.008347132875905
3 37.376901676477615
4 51.527850938063295
5 48.789943950010326
6 50.2040501966471
7 41.94771663255219
8 43.92341522689027
9 45.262068522581146
10 36.257583786796005
11 31.01031245205183
12 22.58281359981034
13 13.41703505670342
14 13.866080483445302
15 10.046793884606588
16 23.627200736924728
17 26.269908583990752
18 21.69399531476014
19 18.225560679815157
20 22.063764591076467
21 37.91092150909678
22 46.127184972589916
23 45.83842281248147
0 46.59346889573465
1 40.62826407377418
2 31.096615493319064
3 15.63650286790393
4 11.969939274779554
5 10.50815328513363
6 11.442116179050211
7 23.625371203094318
8 19.573618708247107
9 34.43685680769573
10 44.79986076942944
11 55.46672251384759
12 51.4667131859587
13 36.426081922338234
14 19.52601902354057
15 0.0
16 0.0
17 0.0
18 51.5934276195255
19 37.9288205484661
20 40.522566555310476
21 48.41009299768621
22 67.95751798840135
23 73.26712849657748
0 71.72227177110139
1 112.49837917208912
2 83.63248303183727
3 60.4702295640197
4 61.67163876523432
5 82.0357430894395
6 78.20439217938655
7 65.31083976986665
8 47.751048643028
9 66.16290910261726
10 62.58919868377728
11 58.6516953995279
12 0.0
13 0.0
14 0.0
15 0.0
16 35.416292862052586
17 72.94171038461324
18 60.13781000612243
19 59.618509427838596
20 64.2946020930165
21 64.0570291319413
22 0.0
23 0.0
0 0.0
1 83.55110901966025
2 0.0
3 0.0
4 0.0
5 22.02737190809955
6 21.359815697872218
7 22.793027556171776
8 64.05178496562094
9 58.83108653675813
10 66.28727159583664
11 59.75592858648653
12 63.44104775230597
13 54.52797107786432
14 29.20798637426385
15 37.37467833239356
16 0.0
17 0.0
18 0.0
19 37.81180435400012
20 88.5272803894939
21 108.55946964172075
22 95.79455152689704
23 77.50041093272948
0 64.9904019390659
1 52.54643890460123
2 50.70693837415676
3 44.293310548694656
4 71.27746237287182
5 47.122266609427776
6 57.41569138777458
7 52.122308639210914
8 58.61786368433392
9 79.81866621989967
10 56.25893865264499
11 49.05176612997566
12 35.471051544461595
