0 0.0
1 0.0
2 0.0
3 0.0
4 0.0
5 0.0
6 0.0
7 0.0
8 0.0
9 0.0
10 0.0
11 0.0
12 0.0
13 8.438825691467708
14 6.683990771513391
15 6.941445084430415
16 15.434333614613276
17 12.81318565181134
18 17.899759934425017
19 13.341536401644742
20 13.251008826059456
21 15.090495010571713
22 13.886731388050485
23 11.645538005620953
0 11.307599333371323
1 7.646820714030933
2 7.5592952763431205
3 9.110756865409373
4 10.556815044869102
5 8.370848595211651
6 7.073725790442074
7 5.26627735868434
8 6.459565212787291
9 3.7405069458405324
10 3.8589684926384873
11 0.0
12 0.0
13 0.0
14 6.482810909242858
15 4.0583068431622
16 3.560535011665429
17 8.098355565392847
18 13.920691595294604
19 13.140439624897928
20 14.02883220424834
21 16.23975180992683
22 17.696618544526903
23 17.273581802920052
0 17.464405152438317
1 16.302417826528202
2 13.538183258392282
3 11.369487649621867
4 11.693248212552888
5 8.372777348380364
6 10.205289267398847
7 13.280165746701307
8 13.024428173820375
9 7.513572447818477
10 6.233824495590831
11 6.277302085273639
12 5.842766928617824
13 5.640759613104868
14 8.2175557246463
15 11.031069638447407
16 9.6145744420757
17 0.0
18 0.0
19 0.0
20 0.0
21 0.0
22 0.0
23 0.0
0 0.0
1 0.0
2 0.0
3 0.0
4 0.0
5 0.0
6 0.0
7 0.0
8 0.0
9 0.0
10 0.0
11 0.0
12 0.0
13 0.0
14 0.0
15 0.0
16 0.0
17 0.0
18 0.0
19 5.180030161587301
20 14.223024631851834
21 17.757203156487428
22 27.700264980352713
23 30.037757186929134
0 25.73732266555992
1 17.09380836780605
2 16.771992255355702
3 18.151308626999942
4 13.782322665425582
5 13.60082804690977
6 12.711564457798953
7 14.62155777777563
8 19.64785305258525
9 21.025533576110153
10 35.023778379401456
11 34.416672808518534
12 32.37352285350849
13 28.459314608971855
14 27.508607358004152
15 32.83084414522255
16 31.862333931961977
17 23.18649199707879
18 18.342859739057968
19 14.70564605911142
20 20.40524461668716
21 23.47545082014168
22 33.49375549386885
23 37.68870332227086
0 34.57640448195756
1 46.66237996260553
2 36.63318783886743
3 28.343662092867014
4 26.19540441164988
5 22.502667484018932
6 22.86718504941254
7 28.627280674979477
8 31.331554574111216
9 25.125091318377656
10 27.117394559744927
11 19.529309823091843
12 14.392561468856053
13 15.0788506009738
14 17.205788208523145
15 17.22520280337266
16 16.91880672168227
17 17.51977673231636
18 15.020085143376466
19 20.453842826875853
20 33.74652246180299
21 40.86661713202769
22 39.28861233026593
23 32.1561523859384
0 31.188958169067178
1 26.163549617734645
2 29.01563652268703
3 26.587859318198376
4 27.363082494863143
5 28.19496571656007
6 30.437048036874533
7 35.59390545950262
8 38.80703204391286
9 27.289713321985055
10 24.40465206029845
11 19.024007061555793
12 18.646612835616306
