0 0.0
1 0.0
2 0.0
3 0.0
4 0.0
5 0.0
6 0.0
7 0.0
8 0.0
9 2.3801609440318745
10 2.3761666892716584
11 2.4309667984203736
12 2.4197965461132025
13 2.415488677828479
14 2.3906807107993693
15 2.315618275383354
16 2.2769975494175347
17 2.2152670169443893
18 2.1880783346462147
19 2.2000119044111726
20 2.2297526163547854
21 2.3048145314966884
22 2.3542300082376477
23 2.384566320115292
0 2.448038653608151
1 2.518926476963184
2 2.5532904667973786
3 2.5326189295192574
4 2.5169076527964505
5 2.462255191089773
6 2.473289530938279
7 2.5422876570933752
8 2.671208970344252
9 2.774996143177584
10 2.7492173308719026
11 2.7146804859540836
12 2.6340434124164016
13 2.4702988589771553
14 2.32471344687851
15 2.197245717079968
16 2.0565445744499375
17 2.0500471667477367
18 2.027523950533703
19 2.0874776950892877
20 2.1429485221977838
21 2.2112382471807743
22 2.272270925865285
23 2.342994857429906
0 2.439433619278875
1 2.716493439012835
2 2.7406083520974263
3 2.7915799786171394
4 2.8346375566847044
5 2.8724432964468507
6 2.8724484399452606
7 2.848050575690338
8 2.858948128372297
9 2.778105919053688
10 2.6679900931181644
11 2.6007547354804457
12 2.538074145284245
13 2.476874110304185
14 2.301483649931461
15 2.1709208686535675
16 2.090860638397457
17 2.013229447036215
18 1.9611174886678266
19 1.9331283649188695
20 2.095630199424597
21 2.2508569541867502
22 2.461109300764704
23 2.5817560521957796
0 2.6834206364489943
1 2.9544391261926313
2 2.7419849089304917
3 2.5992045489596793
4 2.4487800813804648
5 2.3828488249911635
6 2.344871996086646
7 2.491578058449968
8 2.77831432556614
9 2.848864683035587
10 2.9779971071960336
11 3.091137379536831
12 3.025620067081191
13 2.939235861405362
14 2.6038144289849035
15 2.280261865992544
16 2.095305539574462
17 1.9752912549472055
18 1.914661483488622
19 1.9462971330594396
20 2.1650247483841905
21 2.4412849962503818
22 2.659403686169609
23 3.0410066247251915
0 4.41521123119202
1 3.7227868116744434
2 3.2863257718502936
3 3.14810867767633
4 3.3875515349165966
5 3.2129298328177716
6 3.125447766619288
7 2.887706772198531
8 3.0512191979446657
9 2.999982604231006
10 2.856543554788437
11 2.586628784501943
12 2.365723334452025
13 2.271048650206867
14 2.2787831070312383
15 2.2458618631228213
16 2.144604200459522
17 2.0382830097646445
18 1.981706218361931
19 2.0248481382780725
20 2.5207119560187135
21 2.9125028900905336
22 3.0559977409214687
23 3.2699460735912
0 3.6479246098587663
1 3.347831350681019
2 2.8653306552424045
3 2.651305737908445
4 2.579351783486265
5 2.414354947269432
6 2.335191101656815
7 2.3836432924190185
8 2.5288429083231514
9 2.5914282439558396
10 2.6602801970819567
11 2.7421191255395314
12 2.6569423889582153
13 2.549482308516607
14 2.4102191167833826
15 2.2593202155594665
16 2.1145523923265066
17 2.027295138002317
18 1.9417995300035624
19 2.020182203446766
20 2.103486452601845
21 2.1937004780616256
22 2.2717180379939177
23 2.446830780989927
0 2.651001926745543
1 2.646051852825982
2 2.6133853705752936
3 2.7375149134753514
4 2.7305189743671985
5 2.812107967645225
6 2.789945410006206
7 2.8148757944329574
8 2.839904851387706
9 2.8550025996080075
10 2.836137678230236
11 2.734110424222232
12 2.6507588900994263
