0 0.016706369863013697
1 0.0156901034482759
2 0.015621534999999999
3 0.013730819112627999
4 0.0134632
5 0.0113703558718861
6 0.010966832727272701
7 0.0118788014184397
8 0.0113762832167832
9 0.00926154929577464
10 0.0100031912350598
11 0.013614026666666699
12 0.010170106338028199
13 0.00920721000000001
14 0.00848497627118644
15 0.0066067542662116
16 0.00695828801369863
17 0.00772416724738676
18 0.0088794014084507
19 0.009850361486486481
20 0.0116594833333333
21 0.0178698983050847
22 0.0160176530612245
23 0.015086655405405401
0 0.016825368421052603
1 0.0162861148648649
2 0.0152869655172414
3 0.0130117333333333
4 0.0117450340136054
5 0.0119234831081081
6 0.011607481228668901
7 0.011546754385964898
8 0.011719429065743902
9 0.012630226666666699
10 0.0131500714285714
11 0.0142112533333333
12 0.00997325925925926
13 0.00651554333333333
14 0.00580761952861953
15 0.00511093262411347
16 0.00365753633333333
17 0.00488620476190476
18 0.00655283448275862
19 0.011831842281879201
20 0.0123807966666667
21 0.0111235780141844
22 0.0111386216216216
23 0.014460657439446401
0 0.0178064285714286
1 0.0175009333333333
2 0.0177509
3 0.016146936026936
4 0.016030073333333297
5 0.0138434
6 0.0134781666666667
7 0.0135688153310105
8 0.0130948310810811
9 0.0112719488054607
10 0.01063324
11 0.010228341637010701
12 0.0103200648464164
13 0.010703932203389799
14 0.0056031793103448295
15 0.00540351202749141
16 0.0033344402730375398
17 0.00203539133333333
18 0.00309517033333334
19 0.0035888813559322
20 0.0159773310580205
21 0.0203560472972973
22 0.023045633333333298
23 0.0234619333333333
0 0.0242483333333333
1 0.022081945392491503
2 0.016272961672473902
3 0.0157585666666667
4 0.0114078923611111
5 0.01303
6 0.0134691233333333
7 0.0137551929824561
8 0.0151542567567568
9 0.0164261016949153
10 0.026704387755102102
11 0.034592916666666605
12 0.0268776949152542
13 0.023199222614841
14 0.00915582857142857
15 0.006012856666666669
16 0.00500865202702703
17 0.00330712920689655
18 0.00257164204946997
19 0.00482601399317406
20 0.021032353333333302
21 0.025528069444444402
22 0.0260825088339223
23 0.028562027027027
0 0.0253370333333333
1 0.0242463666666667
2 0.0217217666666667
3 0.0209911971830986
4 0.0198425333333333
5 0.0195626666666667
6 0.0189978571428571
7 0.018103666666666702
8 0.018534199999999997
9 0.0185454666666667
10 0.0127505119453925
11 0.00869175789473684
12 0.0060062847457627196
13 0.009588249146757679
14 0.00902641016949153
15 0.00644932107023411
16 0.0031816626666666703
17 0.00245575066666667
18 0.0027092912203389797
19 0.00986315333333333
20 0.0349019517241379
21 0.038397355932203406
22 0.0302600675675676
23 0.029172299999999998
0 0.0263326666666667
1 0.0215888
2 0.0194583
3 0.0191226712328767
4 0.0142664933333333
5 0.0168259322033898
6 0.0179014715719064
7 0.0195666438356164
8 0.0196909459459459
9 0.019600306122448997
10 0.022245016835016798
11 0.0221715384615385
12 0.0108842835820895
13 0.008314061224489789
14 0.00909324221453287
15 0.00710501020408163
16 0.00652214508474576
17 0.00424820206185567
18 0.00486154827586207
19 0.00954050413533834
20 0.017222245614035098
21 0.0182322
22 0.0168109589041096
23 0.0178537666666667
0 0.0238396644295302
1 0.0186144107744108
2 0.0163145333333333
3 0.016284
4 0.0138398932384342
5 0.0183298316498317
6 0.015765239726027398
7 0.015194333333333301
8 0.0149063175675676
9 0.0137235408560311
10 0.0107128181818182
11 0.0106366294964029
12 0.011508530035335699
