0 0.0
1 0.0
2 0.0
3 0.0
4 0.0
5 0.0
6 0.0
7 0.0
8 0.0
9 0.0
10 0.0
11 0.016973320531746047
12 0.026746097729629652
13 0.034975337611111115
14 0.0427746299708995
15 0.050358426138104095
16 0.05040769720080743
17 0.04497390551903115
18 0.03891658784398437
19 0.02856173585034019
20 0.020611133244290633
21 0.0
22 0.0
23 0.0
0 0.0
1 0.0
2 0.0
3 0.0
4 0.0
5 0.0
6 0.0
7 0.0
8 0.0
9 0.0
10 0.0
11 0.0
12 0.027054780041611323
13 0.03353194683921317
14 0.038638683954457985
15 0.041655333051574844
16 0.04249116017138449
17 0.040409699379473835
18 0.0361237866461284
19 0.02332583957424353
20 0.01907769459454663
21 0.017535118493333415
22 0.015483568429673227
23 0.009765378057019693
0 0.0
1 0.0
2 0.0
3 0.0
4 0.0
5 0.0
6 0.0
7 0.0
8 0.0
9 0.0
10 0.0
11 0.028711339831650782
12 0.041765825254770364
13 0.0531078883303821
14 0.0545325462531438
15 0.053818486199066075
16 0.052283864730921704
17 0.05020190568176059
18 0.04861256319521599
19 0.047183316971847064
20 0.03105894980616317
21 0.01923265589389337
22 0.011250600674658025
23 0.0
0 0.0
1 0.0
2 0.0
3 0.0
4 0.0
5 0.0
6 0.0
7 0.0
8 0.0
9 0.0
10 0.0
11 0.017008162568222983
12 0.03249659438368923
13 0.046523486303845285
14 0.05803943407310549
15 0.0610387850593531
16 0.058524892079669114
17 0.059199947518156985
18 0.059733050030614646
19 0.05770189729528426
20 0.03854132998020269
21 0.020715445278268897
22 0.0
23 0.0
0 0.0
1 0.0
2 0.0
3 0.0
4 0.0
5 0.0
6 0.0
7 0.0
8 0.0
9 0.0
10 0.0
11 0.03157262098223289
12 0.0440839382088409
13 0.05915361884657179
14 0.07566558669875403
15 0.08601381947348517
16 0.09388733231293821
17 0.09644541715424694
18 0.09477353552646531
19 0.08326216834662406
20 0.0479745219416122
21 0.0
22 0.0
23 0.0
0 0.0
1 0.0
2 0.0
3 0.0
4 0.0
5 0.0
6 0.0
7 0.0
8 0.0
9 0.0
10 0.0
11 0.025058356339663603
12 0.046467351530659264
13 0.060061753528105936
14 0.06952003242836674
15 0.07257748590278557
16 0.06912647075681219
17 0.07122256371484402
18 0.06865232475502549
19 0.060545363156336955
20 0.04357583166261259
21 0.03213108316384179
22 0.023740182859246964
23 0.01562685062665158
0 0.0
1 0.0
2 0.0
3 0.0
4 0.0
5 0.0
6 0.0
7 0.0
8 0.0
9 0.0
10 0.0
11 0.0
12 0.04997186984126983
