0 0.0
1 0.0
2 0.0
3 0.0
4 0.0
5 0.0
6 0.0
7 0.0
8 0.0
9 0.0017563236370757547
10 0.0017497354596824166
11 0.0017624902668172762
12 0.001772173808151131
13 0.0017729514187002705
14 0.0017699911454991956
15 0.001720415538700952
16 0.0017064617809802065
17 0.0017064553380235316
18 0.0017242233210019032
19 0.0017144538117898037
20 0.0017203385896739504
21 0.0017282694051761573
22 0.0017332552723550235
23 0.0017430314988836715
0 0.0017517591880775035
1 0.0017571527547551888
2 0.0017589179934256215
3 0.0017651479025539395
4 0.0017657624970084465
5 0.0017647500534051298
6 0.0017625244989154822
7 0.0017658713303950818
8 0.0017470170422059991
9 0.0017532851557449894
10 0.0017465401321180734
11 0.0017637476104803544
12 0.0017587122700024667
13 0.0017648000412749888
14 0.001752597732278852
15 0.001748835925922215
16 0.0017547250748856766
17 0.0017435171896765553
18 0.0017392752073417763
19 0.001745354405311684
20 0.001776932377481595
21 0.0017954556545947515
22 0.0018116183674332053
23 0.0018307307261269288
0 0.0018438230495825682
1 0.0018550378053159855
2 0.0018556659710687515
3 0.0018280129657298448
4 0.0018193579099240649
5 0.0018152370323550417
6 0.0018121577043066783
7 0.0017989129644818936
8 0.0017882252598029414
9 0.0017793451166483298
10 0.0017696210300009155
11 0.001792459948649087
12 0.0017905780081276777
13 0.0017727333060996945
14 0.0017582193263861242
15 0.0017617428818198211
16 0.00176521848494109
17 0.001775480711286881
18 0.0017955197285972986
19 0.0018129383476007917
20 0.001832164549736933
21 0.001832004499689943
22 0.0018541956709122289
23 0.0018632110765706043
0 0.0018788025636321908
1 0.0018767499658050011
2 0.001869102602084488
3 0.0018560895391625028
4 0.0018412053167965814
5 0.001843200157250276
6 0.0018344002461126632
7 0.0018367719898730735
8 0.001817325885362571
9 0.0018105014461186654
10 0.001816126141424746
11 0.0018341740521223024
12 0.0018437208667076612
13 0.0018348263537718075
14 0.0018298255436422235
15 0.001817653683199631
16 0.0018283614499023126
17 0.001849774471757124
18 0.001865356083489186
19 0.0018709515951068427
20 0.0019023292386764485
21 0.0019338736855173163
22 0.0019729810030563568
23 0.001986873773963588
0 0.0019837963051583616
1 0.0019862836363435292
2 0.0019898750581590543
3 0.0019805005925613945
4 0.0019763648559227723
5 0.001975032773591861
6 0.0019603871841221126
7 0.001952103143969282
8 0.001965193012405365
9 0.0019460135550649668
10 0.001943523027465755
11 0.0019456186045557398
12 0.001933362485738721
13 0.0019066563039793374
14 0.0018977117732907728
15 0.0018790143606363379
16 0.0018795811381724149
17 0.0018788137053797277
18 0.0018768752599916472
19 0.0019022863832201418
20 0.0019232250414740418
21 0.0019694863439868268
22 0.002000857558677176
23 0.00201080685471402
0 0.002028061994854494
1 0.002037336448914183
2 0.002050042339022736
3 0.002038319199912986
4 0.0020341384658528966
5 0.002015690017727711
6 0.0020037016806753985
7 0.0020008586848862617
8 0.001985100713470977
9 0.0019751514758436467
10 0.0019640730123796487
11 0.001979774604681599
12 0.0019822416432333867
13 0.0019809821185487702
14 0.001982624941976074
15 0.001973690757466003
16 0.0019782809108786575
17 0.0019811502046350174
18 0.0019966531329041574
19 0.001993165412516841
20 0.0020093913380642234
21 0.0020397178804929285
22 0.0020636758472856905
23 0.0020714974359636127
0 0.002084169450291774
1 0.002076147587924809
2 0.0020766792867915455
3 0.0020512157702596975
4 0.0020396325011766466
5 0.002007251908078597
6 0.00197494996781169
7 0.0019540323525919674
8 0.001934806362598303
9 0.001900338336081517
10 0.0018885234775908497
11 0.0018857253367824446
12 0.0018871086166401217
