0 0.019989999999999997
1 0.02051
2 0.0185
3 0.01583
4 0.01531
5 0.01744
6 0.014369999999999999
7 0.00959
8 0.0074199999999999995
9 0.01017
10 0.01734
11 0.02928
12 0.04033
13 0.05001
14 0.048100000000000004
15 0.0
16 0.0
17 0.036539999999999996
18 0.04913
19 0.03661
20 0.01666
21 0.0232
22 0.019739999999999997
23 0.0
0 0.01088
1 0.01317
2 0.0114
3 0.00923
4 0.011980000000000001
5 0.011529999999999999
6 0.00982
7 0.0075899999999999995
8 0.006030000000000001
9 0.01075
10 0.02142
11 0.02931
12 0.04349
13 0.05672
14 0.062240000000000004
15 0.0639
16 0.06358
17 0.06564
18 0.05795
19 0.04954
20 0.03964
21 0.037270000000000005
22 0.0
23 0.0
0 0.027100000000000003
1 0.0305
2 0.0
3 0.0
4 0.0259
5 0.025589999999999998
6 0.022949999999999998
7 0.02095
8 0.02041
9 0.02116
10 0.03271
11 0.04556
12 0.05743
13 0.06362
14 0.06801
15 0.06193
16 0.05882
17 0.0
18 0.054630000000000005
19 0.05024
20 0.039119999999999995
21 0.038700000000000005
22 0.03388
23 0.0
0 0.033159999999999995
1 0.03133
2 0.02477
3 0.025
4 0.023190000000000002
5 0.02183
6 0.01797
7 0.01759
8 0.01427
9 0.01686
10 0.02549
11 0.05046
12 0.052770000000000004
13 0.05619
14 0.054329999999999996
15 0.05218
16 0.05063
17 0.05482
18 0.05022
19 0.03725
20 0.01703
21 0.019809999999999998
22 0.0
23 0.0
0 0.024820000000000002
1 0.01474
2 0.0183
3 0.02177
4 0.02291
5 0.0217
6 0.01807
7 0.01474
8 0.01401
9 0.01402
10 0.02835
11 0.04999
12 0.06087
13 0.06105
14 0.06149
15 0.06296
16 0.06396
17 0.060700000000000004
18 0.06082
19 0.04329
20 0.02309
21 0.032
22 0.02689
23 0.0
0 0.039689999999999996
1 0.036109999999999996
2 0.02826
3 0.02957
4 0.027170000000000003
5 0.023399999999999997
6 0.023190000000000002
7 0.01881
8 0.01779
9 0.01585
10 0.02892
11 0.03928
12 0.04704
13 0.05212
14 0.05611
15 0.061939999999999995
16 0.0696
17 0.07363
18 0.06971
19 0.055479999999999995
20 0.02231
21 0.02767
22 0.02386
23 0.0
0 0.02619
1 0.02463
2 0.02282
3 0.01813
4 0.01684
5 0.0148
6 0.01476
7 0.015009999999999999
8 0.0091
9 0.0121
10 0.02573
11 0.03623
12 0.04997
