0 22.33
1 30.59
2 22.44
3 19.6
4 20.59
5 22.81
6 24.02
7 32.21
8 34.26
9 49.9
10 57.38
11 48.09
12 33.02
13 34.98
14 29.83
15 0.0
16 0.0
17 1.14
18 17.47
19 32.93
20 58.56
21 92.9
22 79.68
23 0.0
0 67.89
1 77.3
2 61.31
3 58.29
4 53.89
5 42.17
6 38.33
7 37.61
8 42.18
9 52.85
10 53.32
11 47.01
12 41.12
13 41.5
14 33.16
15 39.32
16 34.45
17 35.9
18 36.26
19 35.57
20 51.56
21 45.86
22 0.0
23 0.0
0 43.97
1 42.23
2 0.0
3 0.0
4 26.88
5 23.65
6 26.88
7 23.41
8 25.89
9 33.63
10 31.87
11 32.59
12 36.48
13 32.84
14 27.66
15 29.45
16 23.29
17 0.0
18 25.14
19 27.43
20 45.12
21 40.55
22 46.33
23 0.0
0 35.42
1 30.43
2 24.5
3 21.87
4 18.4
5 20.83
6 19.15
7 22.0
8 25.91
9 40.98
10 43.24
11 40.05
12 34.65
13 31.9
14 26.0
15 20.9
16 22.91
17 17.12
18 18.58
19 24.66
20 57.44
21 99.07
22 0.0
23 0.0
0 41.62
1 47.64
2 54.63
3 38.63
4 33.16
5 31.78
6 29.52
7 51.48
8 61.7
9 68.44
10 80.2
11 61.41
12 46.19
13 28.84
14 32.37
15 27.11
16 29.9
17 25.93
18 22.44
19 28.82
20 52.49
21 89.58
22 78.3
23 0.0
0 45.35
1 34.53
2 45.96
3 38.18
4 37.45
5 37.42
6 36.24
7 43.24
8 48.85
9 77.79
10 69.42
11 49.1
12 38.31
13 33.56
14 27.52
15 22.69
16 28.15
17 32.11
18 33.0
19 35.9
20 78.75
21 99.21
22 104.06
23 0.0
0 96.97
1 82.98
2 71.37
3 72.76
4 51.17
5 38.56
6 34.32
7 38.31
8 44.8
9 65.63
10 69.93
11 57.42
12 48.34
