0 0.0
1 0.0
2 0.0
3 0.0
4 0.0
5 0.0
6 0.0
7 0.0
8 0.0
9 0.0
10 0.0
11 0.0
12 0.0
13 37.87160927960929
14 33.85170695970696
15 0.0
16 0.0
17 0.0
18 0.0
19 24.31115602263541
20 42.281091468101465
21 68.20350087521882
22 74.01256486286138
23 0.0
0 0.0
1 0.0
2 67.30123044838375
3 62.647927382753394
4 58.19835276606302
5 50.126106325375346
6 44.207474871291986
7 40.90285294837288
8 41.540048887802485
9 47.192895186904465
10 50.25397655105033
11 48.63159218559218
12 44.87252747252747
13 43.945584529086155
14 39.10925534477253
15 39.57693867555603
16 37.65091400228352
17 36.98094110798564
18 36.70572865377329
19 36.27372539523735
20 42.0652932120375
21 43.491174883648796
22 0.0
23 0.0
0 0.0
1 0.0
2 0.0
3 0.0
4 0.0
5 0.0
6 26.434035801464603
7 24.841182215368804
8 25.375772602053587
9 29.55342235410485
10 30.71911056511057
11 31.65753367621847
12 34.07138909268771
13 33.454095796676434
14 30.555632633121636
15 30.430732632303307
16 27.838276752843527
17 0.0
18 0.0
19 0.0
20 36.50997916123989
21 38.59603982858583
22 42.52620937732571
23 0.0
0 0.0
1 0.0
2 28.724033898305088
3 25.183699873896597
4 21.736535980148886
5 21.279586512429233
6 20.209882324099045
7 21.106028872033274
8 23.50801515521877
9 32.248328854141214
10 37.74512945774305
11 38.89784615384615
12 36.77382905982906
13 34.33709401709402
14 30.168730158730163
15 25.53424664224664
16 24.222673992673986
17 20.670884004884005
18 19.625372405372406
19 22.143010989010993
20 39.79535531135532
21 69.43977045177041
22 0.0
23 0.0
0 0.0
1 0.0
2 51.4233360280248
3 44.714268511401485
4 38.79972993248311
5 35.25004694835681
6 32.369476787030216
7 41.956105804555484
8 51.84305942773294
9 60.143870967741925
10 70.17683439179285
11 65.79234676434677
12 55.99173137973139
13 42.41357020757021
14 37.38906715506716
15 32.24812698412698
16 31.07366544566544
17 28.501118437118443
18 25.46969474969475
19 27.142080586080585
20 39.81491575091575
21 64.70003907203908
22 71.49978754578754
23 0.0
0 0.0
1 0.0
2 44.535157593123195
3 41.25644567683388
4 39.323941949888365
5 38.365887275412256
6 37.300465800441295
7 40.27781012967948
8 44.56765094109019
9 61.18550207671634
10 65.30267220322423
11 57.19935775335776
12 47.75381929181929
13 40.65679120879119
14 34.08614407814408
15 28.386180708180714
16 28.266954822954826
17 30.187829059829056
18 31.59351892551893
19 33.74586324786324
20 56.251582417582426
21 77.73340659340657
22 90.90093284493283
23 0.0
0 0.0
1 0.0
2 79.19272466788227
3 75.87889337030502
4 63.331151079136696
5 50.84882106817622
6 42.552154939936266
7 40.42722045510153
8 42.611598631141526
9 54.122321035914986
10 62.023922813873966
11 59.72139926739927
12 54.0247619047619
