0 0.0
1 0.0
2 0.0
3 0.0
4 0.0
5 0.0
6 0.0
7 0.0
8 0.0
9 0.010056313725490196
10 0.013695882352941174
11 0.021514313725490196
12 0.030971215686274506
13 0.0405544705882353
14 0.0443933725490196
15 0.0
16 0.0
17 0.0
18 0.0
19 0.04040012987012987
20 0.027895185185185186
21 0.02543718875502008
22 0.022498412698412695
23 0.0
0 0.0
1 0.0
2 0.012430502092050209
3 0.010722995951417003
4 0.011352191235059763
5 0.011418735177865614
6 0.010596692913385827
7 0.009361872913174456
8 0.007549215686274509
9 0.009141874062673543
10 0.01530207843137255
11 0.02234541176470588
12 0.03297949019607844
13 0.04493835294117648
14 0.053691960784313715
15 0.05890639215686274
16 0.06135603921568628
17 0.06360564705882354
18 0.06084945098039216
19 0.057032848818571735
20 0.04976582619706025
21 0.04380447724015074
22 0.0
23 0.0
0 0.0
1 0.0
2 0.0
3 0.0
4 0.0
5 0.0
6 0.024262434782608696
7 0.022517613168724276
8 0.02142497991967872
9 0.021272380952380952
10 0.02703622047244095
11 0.03633443137254902
12 0.046944039215686274
13 0.05535658823529412
14 0.06177164705882352
15 0.06193117647058823
16 0.06045090196078432
17 0.0
18 0.0
19 0.0
20 0.04555983263598326
21 0.04196838056680162
22 0.0377917529880478
23 0.0
0 0.0
1 0.0
2 0.0284147280334728
3 0.026600971659919027
4 0.024836573705179284
5 0.02328806324110672
6 0.020587244094488193
7 0.019295236688435403
8 0.016639333333333332
9 0.016996621054181076
10 0.020710729278767076
11 0.03583345098039215
12 0.04435972549019608
13 0.050342235294117646
14 0.052407411764705876
15 0.05236152941176471
16 0.0515670588235294
17 0.05326796078431373
18 0.05259885822258316
19 0.04697289464614034
20 0.030692588235294117
21 0.025179960784313723
22 0.0
23 0.0
0 0.0
1 0.0
2 0.01831406926406927
3 0.020095514403292186
4 0.021548473895582326
5 0.021628888888888892
6 0.019835433070866142
7 0.01785179115905425
8 0.016339511541305134
9 0.015432856176388267
10 0.021604666666666668
11 0.03585266666666666
12 0.04843576470588235
13 0.05482003921568626
14 0.05824015686274509
15 0.0606946274509804
16 0.06242525490196078
17 0.06165415686274511
18 0.06113593474059787
19 0.05539693999999519
20 0.03761203921568627
21 0.034749058823529404
22 0.0307516862745098
23 0.0
0 0.0
1 0.0
2 0.03192882845188284
3 0.03068344129554656
4 0.028906852589641437
5 0.026114664031620553
6 0.024639291338582676
7 0.02171321568627451
8 0.019708666666666666
9 0.018012055213612783
10 0.023075265596035018
11 0.03132458823529412
12 0.03922125490196079
13 0.04572694117647058
14 0.05098301960784313
15 0.05654607843137254
16 0.06317462745098038
17 0.06851560784313725
18 0.06882800306551927
19 0.06317960515857522
20 0.04229058823529412
21 0.03493235294117647
22 0.029332941176470586
23 0.0
0 0.0
1 0.0
2 0.02400426778242678
3 0.020896396761133605
4 0.018824980079681274
5 0.01677114624505929
6 0.015743700787401574
7 0.015622366681019791
8 0.012204196078431375
9 0.012127529411764702
10 0.0189344705882353
11 0.02761772549019608
12 0.038858823529411765
