0 0.018492535
1 0.0374664
2 0.020162583
3 0.0400976
4 0.0471786
5 0.025399683
6 0.030162967
7 0.027382317
8 0.043570033
9 0.044268033000000005
10 0.027953493000000003
11 0.042807283
12 0.038710749999999995
13 0.047324649999999996
14 0.022768092
15 0.019579085
16 0.010899152
17 0.010760892999999999
18 0.007351918000000001
19 0.003692488
20 0.0034500670000000002
21 0.003919812
22 0.015436813
23 0.032109117
0 0.010775547
1 0.015563252
2 0.032811233
3 0.043107067
4 0.0541378
5 0.0363979
6 0.051465167
7 0.036426333
8 0.03514345
9 0.045192100000000006
10 0.054351406
11 0.086402283
12 0.034590583
13 0.030685033
14 0.052010583
15 0.021733033
16 0.016020567
17 0.009236342
18 0.004048172
19 0.003049678
20 0.003530203
21 0.003786732
22 0.004639207
23 0.009925598
0 0.019207567000000002
1 0.011481643
2 0.021124727
3 0.01419746
4 0.005275038
5 0.00510759
6 0.006208378
7 0.005529292
8 0.0042369899999999995
9 0.004986412
10 0.017202953
11 0.035397483
12 0.04945695
13 0.071387033
14 0.043856682999999994
15 0.017496707
16 0.006269802999999999
17 0.00643491
18 0.007884838
19 0.0040245129999999995
20 0.003917718
21 0.0037111749999999997
22 0.002376407
23 0.011463575
0 0.013384272
1 0.012264515
2 0.019336627
3 0.014741847999999998
4 0.005950398
5 0.0030252400000000002
6 0.004200128
7 0.012837895
8 0.029599478000000002
9 0.018478637
10 0.026954899999999997
11 0.076909362
12 0.0
13 0.034095833
14 0.021034579999999997
15 0.016136967
16 0.0
17 0.0
18 0.0
19 0.0
20 0.0
21 0.0010042500000000002
22 0.012892605
23 0.016278078
0 0.004270473
1 0.014228945
2 0.00168805
3 0.0
4 0.0
5 0.0
6 0.006337436
7 0.004138692
8 0.00320262
9 0.0
10 0.001756469
11 0.000693862
12 0.003662547
13 0.061627867
14 0.045473999999999994
15 0.02578143
16 0.0025511849999999997
17 0.004093902
18 0.0
19 0.0
20 0.0
21 0.001560853
22 0.006307451
23 0.023227889999999998
0 0.011137363
1 0.0
2 0.003914655
3 0.001739095
4 0.0
5 0.0
6 0.022938552
7 0.0579266
8 0.07647701700000001
9 0.061354467
10 0.025238668
11 0.00972887
12 0.0
13 0.0
14 0.0
15 0.0
16 0.0
17 0.0
18 0.0
19 0.0
20 0.0
21 0.0
22 0.0
23 0.0
0 0.0
1 0.0
2 0.0
3 0.0
4 0.0
5 0.0
6 0.0
7 0.0
8 0.0
9 0.0
10 0.0
11 0.0
12 0.0
