0 0.019037783000000003
1 0.016966283000000002
2 0.019216867000000002
3 0.018220567
4 0.018504583
5 0.020276267
6 0.019657050000000002
7 0.016989550000000003
8 0.0182354
9 0.018152032999999998
10 0.0260217
11 0.028184999999999998
12 0.032173767
13 0.039290900000000004
14 0.048088650000000004
15 0.04901555
16 0.055732550000000006
17 0.062656217
18 0.063488167
19 0.036643417
20 0.015479958
21 0.016345890000000002
22 0.031434449999999996
23 0.025493832999999997
0 0.028843733
1 0.0332252
2 0.026761016999999998
3 0.025847817
4 0.024198183
5 0.021709267
6 0.022362233
7 0.018702283
8 0.017649567
9 0.019239817
10 0.019462269
11 0.022735333
12 0.035028917
13 0.047885066999999996
14 0.058566767
15 0.07052071700000001
16 0.07366755000000001
17 0.07817063299999999
18 0.058912617
19 0.035970117
20 0.012544542
21 0.00908801
22 0.024078395
23 0.021832385
0 0.017859517000000002
1 0.024205167
2 0.027835083
3 0.027184917
4 0.011235391999999999
5 0.01115674
6 0.010418160000000001
7 0.012918703
8 0.007336068
9 0.009523852
10 0.029535383
11 0.054187617
12 0.055997167
13 0.071902917
14 0.087797683
15 0.087939133
16 0.08173364999999999
17 0.088480633
18 0.0860947
19 0.054334200000000006
20 0.0243518
21 0.015140057
22 0.043435116999999995
23 0.018926005
0 0.024373283
1 0.018174567
2 0.0175498
3 0.023287866999999997
4 0.0227557
5 0.017072615
6 0.012866348
7 0.008520345
8 0.00951489
9 0.017504083
10 0.017403267
11 0.019375017
12 0.0
13 0.050447167
14 0.045606717000000005
15 0.04243325
16 0.044565833
17 0.048985967000000005
18 0.040686017
19 0.0281943
20 0.011369816999999999
21 0.01038217
22 0.023245778
23 0.027078167
0 0.02164145
1 0.013362918
2 0.010716189999999999
3 0.009838272
4 0.008758105
5 0.009776153000000001
6 0.010909587
7 0.010475282999999998
8 0.011599287
9 0.0
10 0.027163450000000002
11 0.0491484
12 0.06485758300000001
13 0.11266686699999999
14 0.0969242
15 0.0625633
16 0.058425717
17 0.063604117
18 0.0653399
19 0.036594833
20 0.01549445
21 0.012548257
22 0.013992892
23 0.023997183
0 0.016771233
1 0.015290765
2 0.017195253
3 0.010197435000000001
4 0.017487917
5 0.0
6 0.013635587
7 0.011793462
8 0.0138834
9 0.024889382999999998
10 0.045511133
11 0.048471618
12 0.0
13 0.0
14 0.0
15 0.0
16 0.0
17 0.0
18 0.0
19 0.0
20 0.0
21 0.0
22 0.0
23 0.0
0 0.0
1 0.0
2 0.0
3 0.0
4 0.0
5 0.0
6 0.0
7 0.0
8 0.0
9 0.0
10 0.0
11 0.0
12 0.0
