0 42.061167
1 42.917683
2 32.22035
3 22.550767
4 24.038917
5 17.059833
6 16.02769
7 18.30985
8 26.915883
9 24.59035
10 23.63095
11 33.508017
12 39.9748
13 38.42505
14 42.728217
15 18.502227
16 33.726517
17 27.6763
18 37.541567
19 35.674467
20 50.935433
21 63.634667
22 47.556233
23 41.88995
0 35.199783
1 16.336872
2 29.166433
3 25.507
4 30.358283
5 23.475083
6 30.013367
7 23.397167
8 33.313717
9 30.001183
10 43.369537
11 55.66455
12 55.342
13 47.451817
14 53.775933
15 52.651467
16 44.26905
17 39.714817
18 50.136183
19 46.83505
20 76.346467
21 109.764733
22 69.7322
23 51.153117
0 51.444367
1 52.255183
2 38.546233
3 34.893867
4 42.707767
5 31.777167
6 40.385733
7 38.263317
8 59.124983
9 58.172517
10 55.5128
11 52.279
12 55.667717
13 66.4656
14 68.658433
15 51.86785
16 33.886583
17 33.746683
18 34.491317
19 41.312417
20 55.1203
21 65.949917
22 53.983683
23 35.015983
0 42.6332
1 32.717383
2 33.87875
3 30.6993
4 29.429917
5 23.32325
6 30.71425
7 107.743117
8 49.89895
9 41.690233
10 47.79665
11 59.838517
12 0.0
13 47.010233
14 33.84175
15 33.934567
16 27.824917
17 18.129633
18 23.843233
19 53.859433
20 53.448083
21 71.243733
22 77.184183
23 59.809917
0 46.51165
1 37.130567
2 43.97205
3 44.033233
4 37.57565
5 42.24005
6 40.887967
7 51.983033
8 83.7466
9 0.0
10 53.253933
11 51.806633
12 55.347883
13 60.816517
14 96.5869
15 48.773917
16 29.360667
17 22.380133
18 31.25455
19 39.568033
20 52.926133
21 64.471883
22 80.098583
23 58.583067
0 63.9849
1 146.2525
2 257.827667
3 223.0085
4 62.071783
5 0.0
6 47.832433
7 41.70425
8 57.2484
9 63.992183
10 56.777983
11 39.210966
12 0.0
13 0.0
14 0.0
15 0.0
16 0.0
17 0.0
18 0.0
19 0.0
20 0.0
21 0.0
22 0.0
23 0.0
0 0.0
1 0.0
2 0.0
3 0.0
4 0.0
5 0.0
6 0.0
7 0.0
8 0.0
9 0.0
10 0.0
11 0.0
12 0.0
