0 1.455772
1 1.440995
2 1.381958
3 1.349028
4 1.35253
5 1.349368
6 1.363477
7 1.401655
8 1.43487
9 1.536382
10 1.460152
11 1.606725
12 1.653125
13 1.623783
14 1.611468
15 1.646677
16 1.526713
17 1.612777
18 1.658822
19 2.336325
20 2.93913
21 2.35567
22 1.503043
23 1.468142
0 1.396148
1 1.369855
2 1.40283
3 1.371548
4 1.369602
5 1.357963
6 1.373092
7 1.433547
8 1.507727
9 1.533795
10 1.539411
11 1.598077
12 1.638562
13 1.700238
14 1.65181
15 1.841648
16 1.713153
17 1.668067
18 1.844897
19 2.267435
20 3.450692
21 3.248058
22 1.904457
23 1.805875
0 1.800965
1 1.624402
2 1.463087
3 1.454457
4 1.493003
5 1.527443
6 1.5568
7 1.648935
8 2.123273
9 2.362338
10 1.730223
11 1.792023
12 1.74396
13 1.72596
14 1.77711
15 1.73003
16 1.632082
17 1.505
18 1.580428
19 1.979645
20 2.616082
21 2.826157
22 1.52455
23 1.848858
0 1.470125
1 1.449467
2 1.429503
3 1.356977
4 1.327258
5 1.40989
6 1.463053
7 1.74498
8 1.904162
9 1.893928
10 1.824303
11 1.694463
12 0.0
13 1.62285
14 1.604225
15 1.625235
16 1.574257
17 1.478898
18 1.855773
19 2.33827
20 3.097828
21 2.538335
22 1.917708
23 1.655438
0 1.58308
1 1.484065
2 1.520115
3 1.522438
4 1.556847
5 1.475058
6 1.577482
7 2.392152
8 2.44312
9 0.0
10 1.737537
11 1.823922
12 1.720782
13 1.777718
14 1.854962
15 1.548103
16 1.593423
17 1.59043
18 1.655587
19 2.236205
20 2.87999
21 2.105213
22 2.147207
23 1.637713
0 1.643165
1 1.528082
2 1.485392
3 1.434582
4 1.432453
5 0.0
6 1.528297
7 1.757267
8 1.996587
9 1.766448
10 1.40284
11 1.412814
12 0.0
13 0.0
14 0.0
15 0.0
16 0.0
17 0.0
18 0.0
19 0.0
20 0.0
21 0.0
22 0.0
23 0.0
0 0.0
1 0.0
2 0.0
3 0.0
4 0.0
5 0.0
6 0.0
7 0.0
8 0.0
9 0.0
10 0.0
11 0.0
12 0.0
