0 16.849167
1 17.104683
2 29.049233
3 8.414102
4 11.571017
5 19.107067
6 13.999733
7 12.590267
8 16.922667
9 22.720833
10 17.615967
11 21.95515
12 22.872133
13 28.81805
14 37.4542
15 19.506567
16 15.8911
17 14.07765
18 22.564733
19 23.050233
20 20.3766
21 25.531133
22 18.950783
23 18.270333
0 24.068917
1 7.12365
2 10.811383
3 13.014233
4 23.193583
5 25.896317
6 20.999633
7 23.167167
8 15.683133
9 23.66955
10 0.0
11 0.0
12 47.5293
13 22.949083
14 32.84155
15 39.467733
16 26.3758
17 25.116017
18 28.129383
19 20.2465
20 19.7725
21 29.810867
22 35.058767
23 26.899983
0 28.122467
1 23.152533
2 17.12205
3 16.85415
4 25.59325
5 14.966883
6 15.958317
7 24.677533
8 31.091983
9 43.613583
10 32.3491
11 31.579833
12 38.474117
13 34.329033
14 58.917317
15 32.596117
16 25.39665
17 24.629933
18 23.157917
19 24.625317
20 20.734333
21 37.723583
22 31.549217
23 15.427333
0 27.137367
1 19.323867
2 16.135267
3 19.583267
4 17.866683
5 10.115902
6 14.976583
7 14.7379
8 15.495933
9 28.388033
10 21.248417
11 28.575333
12 0.0
13 23.288817
14 27.999967
15 19.123267
16 10.10002
17 12.031683
18 10.585833
19 7.981952
20 11.208517
21 19.47265
22 32.77055
23 29.039083
0 27.113817
1 23.367867
2 14.397
3 14.666967
4 18.308483
5 21.7231
6 14.895133
7 19.509067
8 26.13475
9 0.0
10 21.700933
11 27.557717
12 24.2603
13 25.50535
14 48.1805
15 40.593733
16 17.175917
17 8.867053
18 11.03775
19 11.8657
20 18.65355
21 22.298533
22 24.0542
23 31.020067
0 27.385967
1 21.47045
2 12.472633
3 11.03485
4 9.365082
5 0.0
6 19.959817
7 18.5469
8 25.6127
9 29.082867
10 37.741233
11 0.0
12 0.0
13 0.0
14 0.0
15 0.0
16 0.0
17 0.0
18 0.0
19 0.0
20 0.0
21 0.0
22 0.0
23 0.0
0 0.0
1 0.0
2 0.0
3 0.0
4 0.0
5 0.0
6 0.0
7 0.0
8 0.0
9 0.0
10 0.0
11 0.0
12 0.0
