0 0.0
1 0.0
2 0.0
3 0.0
4 0.0
5 0.0
6 0.0
7 0.0
8 0.0
9 0.018508382204586848
10 0.021073172139659056
11 0.024164727474900477
12 0.028374699146729892
13 0.0340330098117647
14 0.041116578141176474
15 0.045128860149019595
16 0.05050422889803922
17 0.05666748605490196
18 0.06015129018823529
19 0.048519749512062706
20 0.031914215403921566
21 0.02408506248627451
22 0.027727100949019607
23 0.02656434596078431
0 0.027651316309803924
1 0.030380550278431374
2 0.028498769619607844
3 0.027152125466666663
4 0.025692248792156865
5 0.024770945657493378
6 0.02382802674003448
7 0.021267493625670875
8 0.01942180256397877
9 0.019822855306475717
10 0.019677631043553558
11 0.02054878211368622
12 0.02798758834930987
13 0.038017058145098044
14 0.048362901854901955
15 0.0595434142
16 0.06671532128235294
17 0.07255852776078432
18 0.06581292600392157
19 0.05091747205882353
20 0.031686920019607843
21 0.02031139234901961
22 0.02212726941568628
23 0.021884359890196076
0 0.019762510929411763
1 0.0218780243254902
2 0.02479561732156862
3 0.025973041278431374
4 0.018601649678431375
5 0.01488325117254902
6 0.012623920811764706
7 0.012753834098039218
8 0.010024316835294117
9 0.009745297525490196
10 0.019643674184313724
11 0.036968592062745095
12 0.04657064771764707
13 0.05935589250980393
14 0.07372851230980391
15 0.08098092153725489
16 0.08150316338039218
17 0.08514671540784315
18 0.08476899059494711
19 0.0730131079499999
20 0.047130446050980386
21 0.031023951799999998
22 0.037142548976470596
23 0.027898957129411765
0 0.026023648756862743
1 0.021961252847058823
2 0.01962112465882353
3 0.021393620666666665
4 0.022071530725490195
5 0.01957586219215686
6 0.016385361155435176
7 0.012320352411764705
8 0.010888487101960784
9 0.014194970376470589
10 0.01579883136862745
11 0.017579251929411767
12 0.0
13 0.0
14 0.0
15 0.04281896021757323
16 0.04379163937246964
17 0.04649290516733067
18 0.04361252229644269
19 0.03589042111023622
20 0.023582039439215687
21 0.016903545901960786
22 0.02003081697254902
23 0.02352438398039216
0 0.022537967219607845
1 0.017880593494117646
2 0.014239627380392153
3 0.012002957478431373
4 0.010375410235294117
5 0.010074593349019606
6 0.010467901564705883
7 0.010439037607843133
8 0.01079240873085665
9 0.0
10 0.0
11 0.0
12 0.05222924426359833
13 0.0836350833562753
14 0.09055687490438247
15 0.07655238165612646
16 0.06754554492913387
17 0.06556710267450981
18 0.06552835712156863
19 0.05103698022352941
20 0.03316892465490196
21 0.022662279827450983
22 0.01816497550588235
23 0.021005459415686278
0 0.01880667074901961
1 0.016953985811764702
2 0.016980218137254897
3 0.01353706696470588
4 0.015516400741176472
5 0.0
6 0.0
7 0.0
8 0.013383137652719666
9 0.019342026684210523
10 0.03269150475298805
11 0.04071957404347826
12 0.0
13 0.0
14 0.0
15 0.0
16 0.0
17 0.0
18 0.0
19 0.0
20 0.0
21 0.0
22 0.0
23 0.0
0 0.0
1 0.0
2 0.0
3 0.0
4 0.0
5 0.0
6 0.0
7 0.0
8 0.0
9 0.0
10 0.0
11 0.0
12 0.0
