0 0.013590033
1 0.013675133
2 0.009629165
3 0.01081343
4 0.01167955
5 0.008330027
6 0.008136977
7 0.009737318
8 0.011353011999999999
9 0.010453862000000001
10 0.007647843
11 0.009281118
12 0.011160024999999999
13 0.013355632999999999
14 0.009843708
15 0.011179142000000001
16 0.009196298
17 0.012029802000000001
18 0.012013867
19 0.023947383
20 0.033624317
21 0.027385552
22 0.011538373
23 0.012322383000000001
0 0.010554866999999999
1 0.009025090000000001
2 0.011072526999999999
3 0.009662403
4 0.01115913
5 0.010386240000000001
6 0.010160472
7 0.010663867
8 0.01115854
9 0.01134215
10 0.010887756
11 0.016071167
12 0.013912917
13 0.014081933
14 0.0159703
15 0.013839072
16 0.013037988
17 0.011648152
18 0.015913117
19 0.023430516999999998
20 0.0361866
21 0.034708033
22 0.022162949999999997
23 0.021372150000000003
0 0.0197366
1 0.015977367
2 0.010468418
3 0.011795207
4 0.0187241
5 0.018706966999999998
6 0.019153833
7 0.01871275
8 0.0177297
9 0.02030825
10 0.016597883
11 0.015182583
12 0.017426483
13 0.0174682
14 0.015232028
15 0.012560874999999999
16 0.010848186999999999
17 0.008744052
18 0.010744783
19 0.021017867
20 0.0317885
21 0.033194033
22 0.01232291
23 0.020868367
0 0.01431015
1 0.013968066999999999
2 0.013084400000000001
3 0.011899583
4 0.011641733
5 0.013829000000000001
6 0.015170783
7 0.0174985
8 0.017487832999999998
9 0.01652725
10 0.015991817
11 0.01914745
12 0.0
13 0.013864933000000001
14 0.013878432999999999
15 0.013240408
16 0.011797832
17 0.011420503
18 0.01761895
19 0.025839849999999998
20 0.032129649999999996
21 0.028517983
22 0.0214507
23 0.015037492
0 0.016052583
1 0.015951867
2 0.018538017
3 0.0181114
4 0.016662217
5 0.016307583
6 0.014419083000000001
7 0.015181617
8 0.014994183
9 0.0
10 0.015379267
11 0.01513155
12 0.014754083
13 0.018233267
14 0.02011195
15 0.012448457
16 0.012482407999999999
17 0.01201122
18 0.013317622
19 0.026178983
20 0.034975083
21 0.03161925
22 0.030040317
23 0.021600867
0 0.0215342
1 0.019730567
2 0.01976455
3 0.019399167
4 0.0186054
5 0.0
6 0.02015985
7 0.019975617
8 0.018867733
9 0.015364667
10 0.007946258
11 0.007064017
12 0.0
13 0.0
14 0.0
15 0.0
16 0.0
17 0.0
18 0.0
19 0.0
20 0.0
21 0.0
22 0.0
23 0.0
0 0.0
1 0.0
2 0.0
3 0.0
4 0.0
5 0.0
6 0.0
7 0.0
8 0.0
9 0.0
10 0.0
11 0.0
12 0.0
