0 0.0
1 0.0
2 0.0
3 0.0
4 0.0
5 0.0
6 0.0
7 0.0
8 0.0
9 0.0
10 0.0
11 0.0
12 0.0
13 25.165903435653238
14 31.311077965323562
15 25.41017687399267
16 20.651165919658123
17 17.363793867399263
18 19.96530922124542
19 21.509048273748473
20 20.943245862515262
21 23.23753256923077
22 21.094320765811965
23 19.68187696630037
0 21.875543110622715
1 14.496947666422466
2 12.65091224200244
3 12.831779906227105
4 18.01357308717949
5 21.956388104273504
6 21.477819453235657
7 22.322507504273503
8 19.002247179242985
9 21.33567129010989
10 0.0
11 0.0
12 0.0
13 0.0
14 31.746894866882236
15 35.80060812016397
16 30.975475957739434
17 28.010901614776373
18 28.07136722795382
19 24.147077249326475
20 21.957079148447058
21 25.88760243401759
22 30.475424864680022
23 28.687267370451764
0 28.40211258882103
1 25.78248679470983
2 21.447875719902317
3 19.148251738705735
4 22.37065531990232
5 18.66752994945055
6 17.311437386080584
7 20.99502622271062
8 26.044886721611718
9 34.83092017411477
10 33.589679236385834
11 32.585327528449334
12 35.530986201953596
13 34.93137425299145
14 46.92944883369963
15 39.764705012942606
16 32.5806535015873
17 28.606473110378513
18 25.883074127228323
19 25.25418918803419
20 22.992996423687423
21 30.35757054212455
22 30.9532961052503
23 23.188342330402932
0 25.16147044664225
1 22.24083659072039
2 19.182828101831497
3 19.381458680341876
4 18.623151430280835
5 14.367754550183152
6 14.671169833211234
7 14.703327661782659
8 15.098990721611722
9 21.742371989010984
10 21.49413676556777
11 25.036340255189256
12 0.0
13 0.0
14 0.0
15 22.44076390804897
16 16.070318613561884
17 14.019177822624659
18 12.288444645335957
19 10.125924011522432
20 10.667755534866648
21 15.073417653141043
22 23.9277151236257
23 26.484079950659503
0 26.79902536630037
1 25.08345583516484
2 19.738566993650792
3 17.202222882051284
4 17.75635519536019
5 19.740910920879124
6 17.318548126495724
7 18.41521502539683
8 22.276805007570204
9 0.0
10 0.0
11 0.0
12 24.665385268820003
13 25.09918827577514
14 36.82726505705782
15 38.72852188604479
16 27.909810244177493
17 18.368221430633717
18 14.698930561476413
19 13.280689354996333
20 15.966862186126036
21 19.133470690842497
22 21.59412267960928
23 26.307517593162384
0 26.847123940903547
1 24.15829430866911
2 18.31110371941392
3 14.669367716483515
4 12.016271154334557
5 0.0
6 0.0
7 0.0
8 22.070187234436048
9 25.690518463826567
10 31.81323777152072
11 0.0
12 0.0
13 0.0
14 0.0
15 0.0
16 0.0
17 0.0
18 0.0
19 0.0
20 0.0
21 0.0
22 0.0
23 0.0
0 0.0
1 0.0
2 0.0
3 0.0
4 0.0
5 0.0
6 0.0
7 0.0
8 0.0
9 0.0
10 0.0
11 0.0
12 0.0
