0 0.0
1 0.0
2 0.0
3 0.0
4 0.0
5 0.0
6 0.0
7 0.0
8 0.0
9 1.4109484098889609
10 1.4221583852655146
11 1.4697925130244105
12 1.5210958235431693
13 1.5503650613155522
14 1.568852266527842
15 1.5913752041271636
16 1.5881584313004085
17 1.5962799252644904
18 1.617215249889409
19 1.8775132916857569
20 2.438772687664347
21 2.4007113331725294
22 1.9641324577926238
23 1.7121670705882353
0 1.5539015254901958
1 1.4614019450980393
2 1.4316140274509803
3 1.399689294117647
4 1.3905082811107385
5 1.3955997520238603
6 1.384547479844734
7 1.3849059516981523
8 1.4062284543200865
9 1.4335064304883773
10 1.4557194363748223
11 1.4947682559984752
12 1.536245627945196
13 1.5862198769677816
14 1.6042521880861016
15 1.669642384924688
16 1.6842646100720577
17 1.688015344712867
18 1.7252484652904947
19 1.9047334519648094
20 2.7396308470588235
21 2.9968793647058827
22 2.4511635686274507
23 2.1284491411764708
0 1.9648792509803925
1 1.7945550078431374
2 1.6280723568627449
3 1.5396706039215686
4 1.5124981960784314
5 1.559210201007112
6 1.553579509765945
7 1.5655195058711422
8 1.7507141139812843
9 2.016184180099732
10 1.9084495894414832
11 1.8663788439778741
12 1.8256723389453142
13 1.7951688235043106
14 1.7991098462306867
15 1.7872713214938059
16 1.7246950640365664
17 1.6760112740612982
18 1.6528116248850064
19 1.7235532566723426
20 2.1290303485596396
21 2.480245469495309
22 2.0327134487914678
23 1.947127261301806
0 1.7154114505601674
1 1.5832411306327772
2 1.5048208428611136
3 1.4284064784313726
4 1.3753051333333333
5 1.4141427418841386
6 1.426624659704235
7 1.5023533140474765
8 1.644388184666991
9 1.7279371881603298
10 1.7641912384498084
11 1.7490991309979698
12 0.0
13 0.0
14 0.0
15 1.628354033472803
16 1.5997616275303643
17 1.5375400039840639
18 1.6979765335968375
19 2.0206510236220474
20 2.5613516235294114
21 2.551638380392157
22 2.2352878627450976
23 1.9454221529411762
0 1.764268376470588
1 1.6241768196078432
2 1.5714877568627452
3 1.545363207843137
4 1.5568109503378487
5 1.5412278080454616
6 1.541745570914491
7 1.8722760893204118
8 2.1108447037692866
9 0.0
10 0.0
11 0.0
12 1.7838321255230125
13 1.781288720647773
14 1.8192651474103587
15 1.680944205533597
16 1.63533868503937
17 1.6749777771299674
18 1.667597405011936
19 1.8356161292659026
20 2.3647525248777224
21 2.2457883999440433
22 2.2011469196970794
23 1.9483225699474434
0 1.8118778831824291
1 1.6718289161488191
2 1.5768276828623975
3 1.500634494117647
4 1.5103412354485153
5 0.0
6 0.0
7 0.0
8 1.835274251046025
9 1.8002290526315787
10 1.5982036334661354
11 1.5047330316205536
12 0.0
13 0.0
14 0.0
15 0.0
16 0.0
17 0.0
18 0.0
19 0.0
20 0.0
21 0.0
22 0.0
23 0.0
0 0.0
1 0.0
2 0.0
3 0.0
4 0.0
5 0.0
6 0.0
7 0.0
8 0.0
9 0.0
10 0.0
11 0.0
12 0.0
