0 0.0
1 0.0
2 0.0
3 0.0
4 0.0
5 0.0
6 0.0
7 0.0
8 0.0
9 0.0
10 0.0
11 0.0
12 0.0
13 36.350872105494496
14 39.54082756459096
15 29.021032955067152
16 31.374957834676444
17 29.52692518925519
18 33.536872941636126
19 34.60779019267399
20 42.77454438632479
21 53.20937300903542
22 50.38572428449328
23 46.13886057728938
0 40.66873875848595
1 28.500108410012206
2 28.83161480952381
3 27.17016268840049
4 28.763811582417592
5 26.11893432210012
6 28.065231466910866
7 25.729700173626377
8 29.519556973137973
9 29.756263334065935
10 36.56238897094016
11 46.11515136581197
12 50.731035050061045
13 49.095225163614174
14 51.43858390476189
15 52.048339795116
16 48.160393403907214
17 43.93958807545787
18 47.04034253601953
19 46.947047938664
20 61.64876682222223
21 85.71648905030527
22 77.72756340952381
23 64.43978935824174
0 57.94160227765568
1 55.09897913040294
2 46.82074651697191
3 40.855138553357754
4 41.78126214383394
5 36.77824538388278
6 38.58079866080586
7 38.42101122075702
8 48.77089436507936
9 53.46540626666665
10 54.008347446802766
11 53.20875350795776
12 54.34726407836751
13 60.49755241489621
14 64.58166941074482
15 58.22683223076924
16 46.05563054774116
17 39.90139725201466
18 37.19563741709403
19 39.254399504029294
20 47.186860779731376
21 56.5693385113553
22 55.276324050305256
23 45.14404570866911
0 43.88703133821734
1 38.298086507692304
2 36.08417165030524
3 33.38915114261295
4 31.40898991184371
5 27.36484725347986
6 29.039087446398046
7 68.3992134197802
8 59.14844418241758
9 50.41637648083027
10 49.105757802930405
11 54.475168235897435
12 0.0
13 0.0
14 0.0
15 37.023404349309715
16 32.275558282329214
17 25.089654331927562
18 24.460689728033483
19 39.21111507918608
20 46.34396714289209
21 58.80963503397703
22 68.0049882533594
23 63.90644827015144
0 55.20692522808304
1 46.16753980561659
2 45.07103181367521
3 44.55336545518926
4 41.0656982932845
5 41.655818031501816
6 41.27397367985349
7 46.62827423125763
8 65.19113656825398
9 0.0
10 0.0
11 0.0
12 54.780155698619424
13 57.898706931182254
14 77.55645506648476
15 63.05242446123553
16 46.13946028046089
17 34.234113433080495
18 32.741697681984846
19 36.155016534571224
20 44.53885892085979
21 54.507804785103794
22 67.30647162759463
23 62.94559671721613
0 63.466302939438336
1 104.86983321367522
2 181.36843762417587
3 202.20974287594632
4 132.14475696923074
5 0.0
6 0.0
7 0.0
8 56.84272440244855
9 60.53273615654147
10 58.622659900520965
11 48.83798618360817
12 0.0
13 0.0
14 0.0
15 0.0
16 0.0
17 0.0
18 0.0
19 0.0
20 0.0
21 0.0
22 0.0
23 0.0
0 0.0
1 0.0
2 0.0
3 0.0
4 0.0
5 0.0
6 0.0
7 0.0
8 0.0
9 0.0
10 0.0
11 0.0
12 0.0
