0 0.0
1 0.0
2 0.0
3 0.0
4 0.0
5 0.0
6 0.0
7 0.0
8 0.0
9 0.04041530038823529
10 0.03442408946737588
11 0.03830288922254152
12 0.03832407858705801
13 0.04222248439977893
14 0.03287049554117647
15 0.026209489815686274
16 0.018490260356862746
17 0.014559876403921567
18 0.010915501956862745
19 0.007227299301960784
20 0.0052695445568627436
21 0.004509570752941177
22 0.009958816819607844
23 0.0210585356
0 0.015916798937254898
1 0.01574944185882353
2 0.024330257654901963
3 0.033795945815686276
4 0.04406626061960784
5 0.04029576283529412
6 0.04595110874901961
7 0.04119718600392156
8 0.03821809820392156
9 0.04164367885559268
10 0.04637547435665686
11 0.06733580211764706
12 0.05092486468235294
13 0.040793747141176465
14 0.04640323451372549
15 0.03403932336470588
16 0.02499244933333333
17 0.017043894180392156
18 0.010447399298039216
19 0.00658510216862745
20 0.004996749878431373
21 0.00433899917254902
22 0.004396218035294118
23 0.007137756184313726
0 0.013178910611764707
1 0.012334679356862745
2 0.01676318661960784
3 0.015502181705882353
4 0.010392031098039217
5 0.007752400466666667
6 0.006983466039215686
7 0.006247758811764706
8 0.005213020333333333
9 0.005086980419607843
10 0.011137276956862747
11 0.02330894865098039
12 0.0364695805254902
13 0.054058266454901964
14 0.04903129493333334
15 0.033287466486274515
16 0.01978262065098039
17 0.013111605517647057
18 0.010479950945098038
19 0.007190716345098039
20 0.0054649245607843126
21 0.004455352019607842
22 0.0033345456352941176
23 0.007387230647058823
0 0.010399701262745097
1 0.011343538729411764
2 0.015362537352941177
3 0.01507320705882353
4 0.010515788176470586
5 0.006769169117647058
6 0.0054882244823529405
7 0.009165754486274512
8 0.01941441076470588
9 0.018958708435294118
10 0.022971742007843136
11 0.05006244909019608
12 0.0
13 0.0
14 0.0
15 0.02214419581589958
16 0.0
17 0.0
18 0.0
19 0.0
20 0.0
21 0.0
22 0.0
23 0.013128824571428572
0 0.008404370400000001
1 0.011410602451612902
2 0.00647216311111111
3 0.0
4 0.0
5 0.0
6 0.0
7 0.0
8 0.003943676850220264
9 0.0
10 0.0
11 0.0
12 0.0026229865210084034
13 0.033200414461538465
14 0.03951296600796812
15 0.03263569536758894
16 0.01753293635433071
17 0.010787068129411765
18 0.0
19 0.0
20 0.0
21 0.0
22 0.0
23 0.015143317484581496
0 0.013041798365145229
1 0.0
2 0.0
3 0.0
4 0.0
5 0.0
6 0.0
7 0.0
8 0.06193556491304348
9 0.06162947218518519
10 0.04303844597188755
11 0.02620123942857143
12 0.0
13 0.0
14 0.0
15 0.0
16 0.0
17 0.0
18 0.0
19 0.0
20 0.0
21 0.0
22 0.0
23 0.0
0 0.0
1 0.0
2 0.0
3 0.0
4 0.0
5 0.0
6 0.0
7 0.0
8 0.0
9 0.0
10 0.0
11 0.0
12 0.0
