0 0.0063975429999999995
1 0.015280903
2 0.018284647
3 0.008082948
4 0.011167418
5 0.011803167
6 0.012647078
7 0.015271217
8 0.006052925
9 0.008129698
10 0.015079767
11 0.0313252
12 0.0447766
13 0.05454775
14 0.0521394
15 0.04868555
16 0.051603833
17 0.06408063300000001
18 0.05876625
19 0.0497952
20 0.011357015
21 0.008241937
22 0.014553693000000001
23 0.0
0 0.025736483
1 0.021193463000000003
2 0.004256843
3 0.007234597
4 0.012020058
5 0.02203699
6 0.00511539
7 0.00902698
8 0.006223807
9 0.008725447
10 0.021873167
11 0.036606983
12 0.053148267
13 0.065249383
14 0.07338518299999999
15 0.0761165
16 0.07117145
17 0.073641633
18 0.068676417
19 0.057504383
20 0.034137999999999995
21 0.015807401999999998
22 0.009394605
23 0.0
0 0.014030983
1 0.02188845
2 0.02250145
3 0.016822728000000002
4 0.003937685
5 0.016742995
6 0.008326637
7 0.010290022000000001
8 0.005084745
9 0.008624132
10 0.039301483
11 0.0486239
12 0.062535217
13 0.06892285
14 0.07114873299999999
15 0.06997105
16 0.075860267
17 0.077360333
18 0.076882967
19 0.07010445
20 0.036676267000000005
21 0.01222483
22 0.016743189999999998
23 0.0
0 0.0152065
1 0.018953150000000002
2 0.01653976
3 0.003785548
4 0.007861653
5 0.011984199999999999
6 0.006083832
7 0.0027132550000000004
8 0.0028194979999999997
9 0.0
10 0.010531423
11 0.035376533
12 0.047064633
13 0.043423117
14 0.046308383
15 0.0543633
16 0.057329233
17 0.058137867
18 0.050823067
19 0.0403059
20 0.023428916999999997
21 0.007597882
22 0.002138253
23 0.0
0 0.018467213
1 0.00374637
2 0.003745193
3 0.003088203
4 0.006065457999999999
5 0.0024613200000000003
6 0.00202587
7 0.002090023
8 0.001705413
9 0.001726308
10 0.0079238
11 0.027829999999999997
12 0.049135133000000004
13 0.059805867
14 0.058825733
15 0.060439583
16 0.064247783
17 0.07013771699999999
18 0.071818333
19 0.06148435
20 0.024664722
21 0.00338499
22 0.015488061999999999
23 0.0
0 0.036829533
1 0.030019967
2 0.017699100000000002
3 0.008154737
4 0.002727407
5 0.002871302
6 0.0026895319999999997
7 0.004221928
8 0.0058504180000000005
9 0.0078037
10 0.0295059
11 0.0412184
12 0.0
13 0.0
14 0.0
15 0.0
16 0.0
17 0.0
18 0.0
19 0.0
20 0.0
21 0.0
22 0.0
23 0.0
0 0.0
1 0.0
2 0.0
3 0.0
4 0.0
5 0.0
6 0.0
7 0.0
8 0.0
9 0.0
10 0.0
11 0.0
12 0.0
