0 0.00510359
1 0.00449507
2 0.004073908
3 0.0038791069999999997
4 0.0038497880000000003
5 0.003914402
6 0.0037682669999999996
7 0.003814365
8 0.003146485
9 0.0028503720000000003
10 0.0039254630000000006
11 0.00356287
12 0.003628718
13 0.003445352
14 0.0034832
15 0.003658645
16 0.0036199319999999998
17 0.0036660029999999997
18 0.0036018979999999996
19 0.0034056679999999997
20 0.0039303
21 0.003696062
22 0.00395209
23 0.0
0 0.004489137000000001
1 0.004370855
2 0.004310845
3 0.0044829100000000005
4 0.004275153
5 0.004236078
6 0.004140603
7 0.004030000000000001
8 0.0035736500000000003
9 0.004250138
10 0.004461725000000001
11 0.004141753
12 0.004230562
13 0.004130757
14 0.0041243420000000005
15 0.004137097
16 0.004049432
17 0.0040666669999999995
18 0.003919407
19 0.003769833
20 0.003795317
21 0.004584638
22 0.004462087
23 0.0
0 0.0043989070000000005
1 0.004504762000000001
2 0.004543678
3 0.004427286999999999
4 0.004015885
5 0.004226092999999999
6 0.004099383000000001
7 0.004307988
8 0.004116262
9 0.003945172
10 0.0044811370000000005
11 0.003966195
12 0.0034777
13 0.0038691800000000003
14 0.003875228
15 0.00415849
16 0.004187452
17 0.003962372
18 0.003987985
19 0.003677663
20 0.0034470200000000003
21 0.004190187
22 0.004221173
23 0.0
0 0.004666389999999999
1 0.0042028280000000005
2 0.0036508319999999997
3 0.003780925
4 0.0036136949999999997
5 0.003504165
6 0.003738413
7 0.0038612829999999996
8 0.0027342620000000003
9 0.0
10 0.003996035
11 0.003978323
12 0.003348187
13 0.0035000879999999997
14 0.003684755
15 0.003812447
16 0.0037571370000000002
17 0.003755145
18 0.003613605
19 0.0035375999999999997
20 0.003158815
21 0.003248955
22 0.003726593
23 0.0
0 0.004009475
1 0.003930287
2 0.0038945729999999997
3 0.004145823
4 0.004059953
5 0.003995425
6 0.004003692
7 0.003721302
8 0.004070055
9 0.004161088
10 0.0041635
11 0.0037951
12 0.00378422
13 0.00382279
14 0.0040922580000000005
15 0.00407446
16 0.00420095
17 0.003969317
18 0.004033147999999999
19 0.003555402
20 0.0034351449999999997
21 0.0035102980000000002
22 0.003871325
23 0.0
0 0.004109753000000001
1 0.004068725
2 0.004065608
3 0.004135847
4 0.004092538000000001
5 0.004288273
6 0.004123235
7 0.004093243
8 0.004185868000000001
9 0.0041210529999999995
10 0.004560450000000001
11 0.003722413
12 0.0
13 0.0
14 0.0
15 0.0
16 0.0
17 0.0
18 0.0
19 0.0
20 0.0
21 0.0
22 0.0
23 0.0
0 0.0
1 0.0
2 0.0
3 0.0
4 0.0
5 0.0
6 0.0
7 0.0
8 0.0
9 0.0
10 0.0
11 0.0
12 0.0
