0 79.357917
1 72.077083
2 45.679517
3 57.942417
4 54.97195
5 29.471567
6 34.84195
7 40.165117
8 34.56865
9 52.761733
10 71.154483
11 70.210817
12 47.320983
13 40.897783
14 40.087967
15 35.124883
16 36.034817
17 33.489133
18 31.747633
19 39.60875
20 46.068417
21 85.082083
22 103.531833
23 0.0
0 81.001533
1 42.8961
2 59.813817
3 106.093817
4 59.481567
5 48.564683
6 45.582433
7 69.737633
8 58.86435
9 77.502283
10 64.07635
11 55.536783
12 58.230183
13 55.17595
14 56.472233
15 48.516167
16 44.25195
17 43.95125
18 39.747017
19 41.800367
20 51.397
21 100.401133
22 124.4875
23 0.0
0 60.045183
1 72.088817
2 71.52505
3 75.1172
4 69.714933
5 73.853833
6 43.758817
7 71.1728
8 48.136233
9 103.198083
10 71.776233
11 49.304483
12 55.936317
13 45.692433
14 42.076117
15 40.9222
16 42.831533
17 39.682633
18 37.056083
19 37.619767
20 57.250017
21 92.556833
22 91.316267
23 0.0
0 55.53635
1 75.647317
2 56.274283
3 90.3429
4 80.32945
5 69.580583
6 40.870833
7 34.18555
8 109.18725
9 0.0
10 134.544667
11 74.87315
12 48.910983
13 45.299683
14 32.769233
15 31.4188
16 23.548217
17 30.68995
18 30.470567
19 28.8903
20 58.835933
21 96.70415
22 174.637817
23 0.0
0 102.294833
1 71.524717
2 70.283183
3 59.265967
4 66.559633
5 45.387683
6 39.297383
7 59.1433
8 85.605283
9 326.695583
10 266.61
11 114.17
12 56.330033
13 45.251683
14 39.145
15 31.520083
16 26.176333
17 31.8659
18 29.9187
19 33.6849
20 60.458317
21 131.649333
22 157.013167
23 0.0
0 39.268583
1 59.858
2 47.587133
3 40.406433
4 55.2374
5 61.255017
6 73.250533
7 75.978817
8 83.657333
9 110.0556
10 131.828833
11 58.75025
12 0.0
13 0.0
14 0.0
15 0.0
16 0.0
17 0.0
18 0.0
19 0.0
20 0.0
21 0.0
22 0.0
23 0.0
0 0.0
1 0.0
2 0.0
3 0.0
4 0.0
5 0.0
6 0.0
7 0.0
8 0.0
9 0.0
10 0.0
11 0.0
12 0.0
