0 27.221817
1 40.516767
2 43.4275
3 48.9316
4 45.0497
5 33.407867
6 29.357417
7 39.362717
8 36.937133
9 56.076967
10 44.9201
11 33.580033
12 21.613658
13 13.813337
14 11.058007
15 13.097888
16 20.39575
17 17.51535
18 17.748083
19 27.40405
20 46.274017
21 48.063167
22 29.0116
23 32.478633
0 23.356633
1 25.3146
2 32.444767
3 37.199133
4 31.50415
5 30.2648
6 32.307583
7 41.97815
8 35.5982
9 38.011983
10 26.024133
11 19.774533
12 21.307767
13 19.820017
14 25.771883
15 26.314417
16 28.2357
17 22.866783
18 22.166233
19 20.74315
20 27.61935
21 24.492983
22 19.973317
23 21.060967
0 17.2072
1 20.36835
2 27.653567
3 25.93995
4 18.387683
5 21.644633
6 22.256367
7 19.3949
8 24.3477
9 24.905333
10 31.269533
11 19.903117
12 13.519178
13 17.49695
14 16.226798
15 24.072517
16 17.846583
17 34.530533
18 12.874387
19 19.52085
20 35.093983
21 33.99775
22 33.79845
23 21.257633
0 16.120987
1 25.9676
2 21.16245
3 16.483267
4 17.29675
5 25.487895
6 22.035683
7 20.04525
8 20.67735
9 28.286533
10 20.376183
11 22.157283
12 14.204517
13 12.840963
14 15.916283
15 16.050293
16 9.665377
17 16.879917
18 14.97675
19 22.837317
20 24.046717
21 20.907717
22 26.1749
23 32.672267
0 33.41905
1 40.681383
2 46.0424
3 49.987383
4 32.848002
5 47.596387
6 55.950933
7 59.7518
8 38.73105
9 0.0
10 58.680433
11 49.867
12 18.5433
13 18.351272
14 21.085017
15 18.695717
16 22.151083
17 19.431533
18 17.89245
19 29.841067
20 30.6699
21 38.125717
22 39.683167
23 31.52047
0 40.969303
1 44.313757
2 48.567183
3 42.702033
4 37.534917
5 38.280033
6 40.1756
7 33.062183
8 38.334467
9 52.699797
10 41.676073
11 38.429032
12 34.422867
13 27.043183
14 23.64605
15 22.4595
16 16.919433
17 20.486667
18 25.308417
19 33.895132
20 32.259467
21 25.90155
22 26.843633
23 23.484033
0 30.056083
1 27.059783
2 27.351917
3 25.748133
4 23.923767
5 27.313167
6 20.804783
7 43.360983
8 54.417417
9 35.949167
10 0.0
11 0.0
12 0.0
13 0.0
