0 0.0
1 0.0
2 0.0
3 0.0
4 0.0
5 0.0
6 0.0
7 0.0
8 0.0
9 0.0033720180766372565
10 0.0035408313689056395
11 0.003539613120968207
12 0.0035589457431753893
13 0.003517075661551406
14 0.0035012588212117376
15 0.0035407911204377827
16 0.0035733262437400567
17 0.0036163306218554197
18 0.0035879219230977675
19 0.0035618811153860456
20 0.0036273939993722
21 0.0036521530639899973
22 0.003722596011206265
23 0.0
0 0.0
1 0.0
2 0.004321516736401674
3 0.00440700767611336
4 0.004340716661354581
5 0.004289050964426878
6 0.004214905850393701
7 0.0042590471868628015
8 0.004055434045191381
9 0.00409015423073603
10 0.004171482625047322
11 0.0041514930633078165
12 0.004165421224388916
13 0.004154246559893738
14 0.004147634231155087
15 0.004149883951734233
16 0.004171716060882229
17 0.004147543611008753
18 0.004087223010285564
19 0.004019986212658586
20 0.003971017165789925
21 0.0040761541672835605
22 0.00416060379859135
23 0.0
0 0.0
1 0.0
2 0.004502327577405858
3 0.0044649229352226715
4 0.0042372653545816735
5 0.004230926430830039
6 0.004164181787401575
7 0.004286148782220646
8 0.004246934602102373
9 0.0041683301763055
10 0.004204935313414617
11 0.0041452344103991
12 0.003975388702907484
13 0.003939495184709798
14 0.0039174981506044475
15 0.003966389397954349
16 0.004018306381225796
17 0.004006364925337958
18 0.003974843519013294
19 0.003910166463957105
20 0.0038266197926530615
21 0.003905997964787713
22 0.003978776929332907
23 0.0
0 0.0
1 0.0
2 0.003961145619246862
3 0.0038683257894736845
4 0.0037393134860557765
5 0.0036194540276679845
6 0.00367821737007874
7 0.0037768726070473778
8 0.0033810737669582856
9 0.0
10 0.0
11 0.0
12 0.003595623209205021
13 0.0035463002226720644
14 0.0036165239482071707
15 0.003715163359683795
16 0.0037382463385826777
17 0.003723835201453431
18 0.0036859620895343635
19 0.003637504744100055
20 0.0035476223620338515
21 0.0034841232547511035
22 0.0035277419921441186
23 0.0
0 0.0
1 0.0
2 0.0038954422845188285
3 0.004025918611336033
4 0.004045002091633466
5 0.004021492826086956
6 0.004013102842519684
7 0.003958501994141009
8 0.003974442207120178
9 0.004010950730850397
10 0.004046805113086129
11 0.003994476547947263
12 0.003952022855966957
13 0.003925698534953215
14 0.003949851979077084
15 0.003989462182134944
16 0.004020074256262987
17 0.004000479462321419
18 0.003993823504275379
19 0.003922688899213666
20 0.0038127904733440314
21 0.0037434170489948127
22 0.0037566723869688484
23 0.0
0 0.0
1 0.0
2 0.004049145623430962
3 0.004095075372469636
4 0.004095096015936255
5 0.0041939855533596835
6 0.00415896688976378
7 0.004124636645245689
8 0.004135245160957387
9 0.0041396156670895235
10 0.004220624310819055
11 0.004127066232072434
12 0.0
13 0.0
14 0.0
15 0.0
16 0.0
17 0.0
18 0.0
19 0.0
20 0.0
21 0.0
22 0.0
23 0.0
0 0.0
1 0.0
2 0.0
3 0.0
4 0.0
5 0.0
6 0.0
7 0.0
8 0.0
9 0.0
10 0.0
11 0.0
12 0.0
