0 0.020420083000000002
1 0.0189047
2 0.0180629
3 0.019165849999999998
4 0.018090699999999998
5 0.01720155
6 0.017552433
7 0.016006417
8 0.01989305
9 0.020636316999999998
10 0.020540299999999997
11 0.017914283
12 0.01638365
13 0.014369983
14 0.013801783
15 0.015507149999999999
16 0.014007933
17 0.012052432
18 0.0139673
19 0.018721867
20 0.031808017
21 0.027071650000000003
22 0.023918017
23 0.0
0 0.017081883000000003
1 0.0194011
2 0.022283367
3 0.020985583
4 0.020114517
5 0.017008482999999998
6 0.020485833
7 0.018574167
8 0.021126283
9 0.0202543
10 0.018197783000000002
11 0.016804533
12 0.016832899999999998
13 0.015957717
14 0.014539783
15 0.013625182999999999
16 0.014710967
17 0.013673982999999999
18 0.014391966999999999
19 0.015867967
20 0.0227986
21 0.03030935
22 0.02833975
23 0.0
0 0.024515083
1 0.0193077
2 0.01851175
3 0.0192237
4 0.022870367000000003
5 0.017080433
6 0.0220927
7 0.0208314
8 0.02261215
9 0.0229976
10 0.015749217
11 0.016117633000000003
12 0.014418867
13 0.014649167000000001
14 0.013839886999999999
15 0.015662967
16 0.0142863
17 0.01275005
18 0.013463682999999999
19 0.015563
20 0.024683550000000002
21 0.030391333
22 0.026475867
23 0.0
0 0.023729966999999998
1 0.018510417
2 0.0191903
3 0.023598233
4 0.01967015
5 0.0185778
6 0.020004632999999997
7 0.020825549999999998
8 0.0209191
9 0.0
10 0.024287217
11 0.019354116999999997
12 0.016567333
13 0.01428475
14 0.015114167
15 0.013987399999999999
16 0.013177167
17 0.014584783
18 0.014526667
19 0.018507883
20 0.0247141
21 0.028448733
22 0.028309033
23 0.0
0 0.019937383
1 0.021425717
2 0.020835166999999998
3 0.020646982999999997
4 0.020111017000000002
5 0.019989899999999998
6 0.018611482999999998
7 0.019583767000000002
8 0.01882431
9 0.022796367
10 0.023029
11 0.018446999999999998
12 0.016254650000000002
13 0.0140135
14 0.014678767
15 0.013017372
16 0.012944248
17 0.012106048
18 0.01302305
19 0.01822895
20 0.029462683
21 0.033313499999999996
22 0.02552105
23 0.0
0 0.016770399999999998
1 0.016893683
2 0.018257266999999997
3 0.021441183
4 0.022543783
5 0.02164115
6 0.02127395
7 0.022505583000000003
8 0.021188283
9 0.023135783
10 0.0181424
11 0.016571367
12 0.0
13 0.0
14 0.0
15 0.0
16 0.0
17 0.0
18 0.0
19 0.0
20 0.0
21 0.0
22 0.0
23 0.0
0 0.0
1 0.0
2 0.0
3 0.0
4 0.0
5 0.0
6 0.0
7 0.0
8 0.0
9 0.0
10 0.0
11 0.0
12 0.0
