0 0.0
1 0.0
2 0.0
3 0.0
4 0.0
5 0.0
6 0.0
7 0.0
8 0.0
9 0.0
10 0.0
11 0.0
12 0.0
13 48.303957798046405
14 44.195279670085476
15 39.657295311355306
16 37.84374392942613
17 35.66692901001221
18 33.706903188522574
19 36.657758661782665
20 41.36449195384616
21 63.227233795604384
22 83.38348667619049
23 0.0
0 0.0
1 0.0
2 59.70239070200573
3 83.65548619284091
4 71.37953080401886
5 59.88411778316515
6 52.706921854376084
7 61.242631546611214
8 60.05389199633341
9 68.78142453481554
10 66.4234939408891
11 60.97880920170942
12 59.60171571623932
13 57.39033222930403
14 56.9308746068376
15 53.73812654276916
16 49.53996859099929
17 47.08319978066623
18 43.14082762447889
19 42.48331490153002
20 46.824415283237535
21 73.64896428815628
22 99.07560835286938
23 0.0
0 0.0
1 0.0
2 71.98483154232875
3 73.60490336828839
4 71.63219613991565
5 72.75544318951512
6 58.20075178891884
7 64.70306520430633
8 56.41115141261306
9 79.81638984412412
10 75.78889185393258
11 62.54345367741147
12 59.23938364566544
13 52.46268532112334
14 47.26580544224665
15 44.089827507448106
16 43.45739778730158
17 41.56584308595848
18 39.310144638339445
19 38.460858989743585
20 47.85655078901098
21 70.20539259658119
22 80.76321563882784
23 0.0
0 0.0
1 0.0
2 62.97863927012242
3 77.1084689132846
4 78.74918033316793
5 74.13245523726309
6 57.43687687104682
7 45.78803692072425
8 77.52498568540699
9 0.0
10 0.0
11 0.0
12 69.1596432808023
13 56.8409030509201
14 44.611060095261735
15 37.95572792813192
16 30.71675532655063
17 30.698568582578904
18 30.58318521095087
19 29.735682133887124
20 44.283212175378594
21 70.50008169059828
22 122.57384472380951
23 0.0
0 0.0
1 0.0
2 78.37691166710079
3 68.51663044139146
4 67.52793122202931
5 56.37242805488556
6 47.80249882177004
7 53.4876999258625
8 69.56546478024933
9 198.22144151404837
10 232.43530560576457
11 173.28821259462757
12 114.80351048962147
13 80.02438880415141
14 59.58089242612943
15 45.54709993724054
16 35.85678566275947
17 33.85969182002441
18 31.88805077167277
19 32.78336691208791
20 46.617771508424916
21 89.1097370832723
22 123.04807025494505
23 0.0
0 0.0
1 0.0
2 54.78148165173221
3 47.36316329039578
4 51.36639578764574
5 56.35326423234063
6 64.84035021377788
7 70.42565916980672
8 77.05080013175262
9 93.55862589860739
10 112.69532762628235
11 85.71620211257631
12 0.0
13 0.0
14 0.0
15 0.0
16 0.0
17 0.0
18 0.0
19 0.0
20 0.0
21 0.0
22 0.0
23 0.0
0 0.0
1 0.0
2 0.0
3 0.0
4 0.0
5 0.0
6 0.0
7 0.0
8 0.0
9 0.0
10 0.0
11 0.0
12 0.0
