0 0.0
1 0.0
2 0.0
3 0.0
4 0.0
5 0.0
6 0.0
7 0.0
8 0.0
9 0.0
10 0.0
11 0.0
12 0.0
13 22.21600214993895
14 16.633052255921854
15 14.86109482735043
16 17.62541216336996
17 17.56844060341881
18 17.6568443006105
19 22.528986995604402
20 34.40264203247862
21 41.231926030280825
22 35.11982058534799
23 33.7990923115995
0 28.57807547326007
1 26.94774204224664
2 29.69886584713065
3 33.45194218852259
4 32.47940243125763
5 31.37365792503053
6 31.842398179242977
7 36.912053589010974
8 36.25382327594627
9 36.890985745551504
10 32.06927969547864
11 25.67448516459097
12 23.490875915506713
13 21.654775568498167
14 23.712514524297926
15 25.01213673699634
16 26.623519290354096
17 24.744247846398046
18 23.45400216312576
19 22.184428116790425
20 24.790499162187306
21 24.373862041035853
22 23.029586610184445
23 22.451676988513814
0 20.174050551952604
1 20.25050484268304
2 23.143978880112073
3 24.23566433396778
4 21.968281915281338
5 21.844460145171663
6 22.00017651669936
7 21.014289744232173
8 22.2693355695848
9 23.265632287771123
10 27.01235128127871
11 23.814830444268413
12 18.607245010012214
13 18.051746906715508
14 17.137877243467642
15 20.60496910793651
16 19.22570998559219
17 26.879694862759454
18 19.87589539047619
19 19.698388073748472
20 27.397497659340665
21 30.698734014896214
22 32.24890078852259
23 26.753432280830282
0 21.437527321611725
1 23.703597928205124
2 22.433626607814407
3 19.457520155555557
4 18.377067943101352
5 21.93137736434677
6 21.984648777533575
7 21.015013418070815
8 20.844421436385836
9 24.564779877899877
10 22.475873906902116
11 22.339308358368378
12 18.276822442968502
13 15.548184144566546
14 15.731593014652017
15 15.890890141147741
16 12.777201778998775
17 14.827508354334553
18 14.901267280586083
19 18.869633052014652
20 21.45858642612943
21 21.182250758730156
22 23.6792834034188
23 28.17705908253968
0 30.800400638095233
1 35.74429113772893
2 40.897023971428574
3 45.446347208547
4 39.15000520561661
5 43.37694658754579
6 49.668942746520166
7 54.71487863614163
8 46.724757276923086
9 0.0
10 0.0
11 0.0
12 34.127124114352696
13 25.981870204688683
14 23.49147436541801
15 21.07085929313315
16 21.611778533218928
17 20.51607626841204
18 19.198329011977513
19 24.518644346445154
20 27.59403891792867
21 32.861163878144076
22 36.269845870573874
23 33.89291782173382
0 37.43384862857144
1 40.876972836874224
2 44.72543349426129
3 43.716664421245426
4 40.62766907863248
5 39.456152443467644
6 40.01403807716655
7 37.47332058902981
8 37.88071187991539
9 43.72046737727582
10 42.9005355737017
11 41.14124037363656
12 38.628658838966956
13 32.54149363593669
14 27.994380686446885
15 25.22446872747253
16 21.069433710622715
17 20.775877783150182
18 23.040332106715507
19 28.467833756532357
20 30.362908620024413
21 28.128957240781443
22 27.484484077655676
23 25.482433752625152
0 27.768725191452994
1 27.414256122588522
2 27.383539048107448
3 26.566237566544565
4 25.621828391411793
5 26.402878289709168
6 24.175369703125693
7 33.45265452771671
8 43.93774125225885
9 39.94468094139195
10 0.0
11 0.0
12 0.0
13 0.0
