0 0.0
1 0.0
2 0.0
3 0.0
4 0.0
5 0.0
6 0.0
7 0.0
8 0.0
9 0.008990456027450982
10 0.012028827435294117
11 0.021722586760784313
12 0.033315493737254905
13 0.044015434776470595
14 0.048154853313725494
15 0.04848571995686275
16 0.05013409198431372
17 0.057217070207843154
18 0.05807731987450979
19 0.054308788079910734
20 0.03259921671372548
21 0.02032978114509804
22 0.017368039607843142
23 0.0
0 0.0
1 0.0
2 0.012329420560669456
3 0.009613346449392712
4 0.010837200011952193
5 0.016508625901185767
6 0.01077100098425197
7 0.009895570843137256
8 0.008021428772549018
9 0.00834899079607843
10 0.01514562070980392
11 0.025933894768627456
12 0.03962172443137255
13 0.052520283898039206
14 0.06308659578823528
15 0.06973309597254902
16 0.07057962130588237
17 0.07223791379215687
18 0.0705489364745098
19 0.06643590323432935
20 0.04906554248235294
21 0.03233952718039215
22 0.020741594368627454
23 0.0
0 0.0
1 0.0
2 0.020896253920502095
3 0.018711171400809714
4 0.011146551187250997
5 0.013968742422924904
6 0.01113448090551181
7 0.010710595650980394
8 0.00788012868235294
9 0.008226121874509804
10 0.023796743678431376
11 0.036272677078431376
12 0.049518844160784316
13 0.05932316052156863
14 0.06535912734117644
15 0.06778211029411765
16 0.07195996418039217
17 0.0747047435271112
18 0.07479808592520942
19 0.07280620393135089
20 0.05481276039215686
21 0.03340762260784314
22 0.02496872876862745
23 0.0
0 0.0
1 0.0
2 0.017334730979079494
3 0.010206470732793524
4 0.008957978430278884
5 0.010482575011857707
6 0.008253561574803149
7 0.00547254494117647
8 0.0041217332313725485
9 0.0
10 0.0
11 0.0
12 0.03633028259414226
13 0.04005520504453441
14 0.043311748729083666
15 0.04898328157312253
16 0.05327998895275591
17 0.055718453227450976
18 0.05311873666582255
19 0.04892773703382404
20 0.035086862505882346
21 0.021272126694117648
22 0.011618581749019606
23 0.0
0 0.0
1 0.0
2 0.006045039690376569
3 0.004443397882591092
4 0.005232764159362549
5 0.0038259364466403166
6 0.002922138559055117
7 0.0025044491803921567
8 0.0020720648156862744
9 0.0018952255019607843
10 0.004917706098039216
11 0.01642236637647059
12 0.032863200031372546
13 0.04644697380392158
14 0.05274772568235293
15 0.05670806524313726
16 0.060600556219607846
17 0.06550327662745098
18 0.06878608821176471
19 0.0649146393217946
20 0.044884983815686265
21 0.0240243577372549
22 0.019671234043137253
23 0.0
0 0.0
1 0.0
2 0.023487723824267778
3 0.015464968251012146
4 0.008950993282868526
5 0.005886102047430831
6 0.004256330606299213
7 0.004239061847058823
8 0.004983996560784314
9 0.006350286972549019
10 0.017951244074509803
11 0.02964965274901961
12 0.0
13 0.0
14 0.0
15 0.0
16 0.0
17 0.0
18 0.0
19 0.0
20 0.0
21 0.0
22 0.0
23 0.0
0 0.0
1 0.0
2 0.0
3 0.0
4 0.0
5 0.0
6 0.0
7 0.0
8 0.0
9 0.0
10 0.0
11 0.0
12 0.0
