0 0.0
1 0.0
2 0.0
3 0.0
4 0.0
5 0.0
6 0.0
7 7.7044e-6
8 0.00028649000000000003
9 0.00043879
10 0.00049889
11 0.0002346
12 0.00027248
13 0.00026606000000000004
14 0.00059234
15 0.00042165000000000003
16 0.0
17 0.00010952000000000001
18 0.0002887
19 7.79e-5
20 0.0
21 0.0
22 5.9756e-6
23 0.00011819
0 0.00048022
1 0.00090576
2 0.0005637299999999999
3 0.00059426
4 0.00035578
5 0.00030063
6 0.00014676
7 0.0011974
8 0.0054367
9 0.0030224
10 0.0019466000000000002
11 0.0016777
12 0.0011579
13 0.0014000999999999998
14 0.0014574
15 0.00078453
16 0.00045904
17 0.00038444
18 0.00045531
19 0.00028091
20 0.0006906
21 0.00048141
22 0.00044849
23 0.0012142
0 0.0020671
1 0.0016084
2 0.0
3 0.0012162
4 0.00088857
5 0.00060624
6 0.00050975
7 0.00047047
8 0.00046341
9 0.0012295000000000001
10 0.0033058999999999996
11 0.0039149
12 0.0020562
13 0.0011556
14 0.00047352
15 9.8285e-5
16 3.8540999999999996e-5
17 4.2074e-5
18 0.0
19 0.0
20 0.00019505
21 9.4734e-5
22 0.00074116
23 0.0015634999999999998
0 0.0012209
1 0.00083587
2 0.00060294
3 0.00059632
4 0.00028842
5 0.00030396
6 0.00042647000000000003
7 0.00041433999999999997
8 0.0014856000000000001
9 0.0028125
10 0.0023277000000000003
11 0.0022040000000000002
12 0.0016001000000000001
13 0.0011819
14 0.00060512
15 0.0002257
16 0.00049738
17 0.0010087
18 0.0010126999999999998
19 0.00044871
20 0.00068629
21 0.00069242
22 0.0010692
23 0.00098641
0 0.00063783
1 0.00047871000000000003
2 0.0010103
3 0.0005395900000000001
4 8.0152e-5
5 0.00080866
6 0.00065813
7 0.0016369
8 0.0047117
9 0.0028458999999999997
10 0.0012468
11 0.0030644
12 0.0035919
13 0.0014045000000000001
14 0.00075743
15 0.00066622
16 0.0009016800000000001
17 0.0011278
18 0.00083294
19 0.00048049999999999997
20 0.0
21 0.000607
22 0.0015069999999999999
23 0.00091862
0 0.00097821
1 0.0038986999999999997
2 0.0020391
3 0.0007559099999999999
4 0.00032732
5 0.0010037
6 0.0011037999999999998
7 0.00040523999999999996
8 0.00022752
9 0.00046845999999999997
10 0.00066606
11 0.0012748
12 0.0010569
13 0.00099504
14 0.0009243400000000001
15 0.00059317
16 0.00042174
17 0.0008257
18 0.0011107
19 0.00076467
20 0.00037762
21 0.00034266
22 0.00028267
23 0.0
0 0.0
1 0.00042867
2 0.00019492
3 0.0
4 0.00016728
5 0.0
6 4.0389e-5
7 0.001278
8 0.0017326
9 0.0016091999999999999
10 0.0020742
11 0.0028105
12 0.0034571000000000003
