0 21.072
1 19.255000000000003
2 14.43
3 13.49
4 18.272
5 16.915
6 13.100000000000001
7 9.9636
8 21.084
9 29.342
10 33.266
11 42.605
12 50.842
13 66.39200000000001
14 93.819
15 73.77499999999999
16 53.37
17 41.511
18 43.46
19 43.899
20 43.791999999999994
21 40.15
22 37.714999999999996
23 32.717999999999996
0 40.384
1 24.299999999999997
2 26.286
3 37.335
4 26.394000000000002
5 21.544
6 26.185
7 29.258
8 36.291
9 33.586
10 42.788
11 54.571
12 66.854
13 94.352
14 89.03
15 91.19099999999999
16 75.28999999999999
17 46.555
18 45.851000000000006
19 48.0
20 60.987
21 65.874
22 41.77
23 60.69
0 84.367
1 68.758
2 120.71
3 132.8
4 95.543
5 133.8
6 43.114
7 27.217000000000002
8 32.344
9 51.121
10 56.883
11 60.117999999999995
12 92.673
13 59.089000000000006
14 46.07
15 44.109
16 26.468
17 23.817
18 23.324
19 11.838
20 33.34
21 38.002
22 36.759
23 56.696000000000005
0 62.433
1 72.159
2 98.53
3 58.717
4 46.550000000000004
5 36.981
6 36.336
7 33.730999999999995
8 55.896
9 115.67
10 118.53
11 87.37
12 99.878
13 79.314
14 44.012
15 15.907999999999998
16 22.31
17 23.572
18 28.092
19 37.303000000000004
20 49.235
21 35.061
22 30.494
23 27.099999999999998
0 77.864
1 95.25699999999999
2 79.447
3 44.349
4 40.354
5 37.657999999999994
6 41.272000000000006
7 44.262
8 74.061
9 50.494
10 37.898
11 47.252
12 94.829
13 72.75
14 42.762
15 24.788
16 21.522
17 20.85
18 23.369
19 23.509999999999998
20 75.223
21 36.642
22 33.047
23 41.472
0 39.599000000000004
1 94.738
2 171.96
3 63.49100000000001
4 36.25599999999999
5 31.339
6 32.221
7 33.199
8 32.784
9 60.123000000000005
10 62.587
11 56.584
12 52.848
13 60.522
14 62.008
15 53.454
16 39.165
17 35.669
18 52.237
19 60.083999999999996
20 73.605
21 55.736000000000004
22 43.116
23 25.706
0 31.786
1 29.767
2 33.114
3 28.552
4 30.485000000000003
5 44.439
6 51.349
7 33.913
8 44.247
9 50.909000000000006
10 73.722
11 145.91000000000003
12 144.28
