0 0.014166
1 0.012304
2 0.01531
3 0.018885000000000002
4 0.01883
5 0.019044000000000002
6 0.017185
7 0.014834
8 0.01111
9 0.008121600000000001
10 0.0097385
11 0.012156
12 0.014898
13 0.01955
14 0.026734
15 0.032408
16 0.030268
17 0.029056000000000002
18 0.020806
19 0.017588
20 0.015329
21 0.012701
22 0.013878999999999999
23 0.013330999999999999
0 0.014108
1 0.014442
2 0.014695
3 0.014376
4 0.016217
5 0.016335000000000002
6 0.014776999999999998
7 0.013108999999999999
8 0.012727
9 0.0123
10 0.011648
11 0.013783
12 0.018513
13 0.025827000000000003
14 0.033213
15 0.033839
16 0.030819
17 0.028373000000000002
18 0.027752
19 0.023246
20 0.0171
21 0.015549
22 0.0081535
23 0.00022517000000000001
0 2.0996e-6
1 6.1111e-5
2 1.3827e-5
3 0.0
4 0.0010007
5 0.0054526
6 0.0035908000000000003
7 0.0037503000000000002
8 0.004516200000000001
9 0.008265499999999999
10 0.01675
11 0.025884
12 0.033089
13 0.037942000000000004
14 0.037448
15 0.038804000000000005
16 0.035857
17 0.033658
18 0.031748
19 0.028413
20 0.028753
21 0.022745
22 0.0057192
23 0.00057572
0 0.00088234
1 0.0042411
2 0.008077899999999999
3 0.011938
4 0.011635
5 0.010960000000000001
6 0.01271
7 0.00496
8 0.0011577999999999998
9 0.0019056
10 0.0096006
11 0.018419
12 0.0367
13 0.037545999999999996
14 0.031313
15 0.026414999999999998
16 0.031529
17 0.035231
18 0.030886
19 0.02022
20 0.017327000000000002
21 0.015550000000000001
22 0.005543
23 0.0010519000000000001
0 0.0021412
1 0.0011690000000000001
2 0.0026011000000000003
3 0.0013836
4 0.0010431
5 0.0021521
6 0.0037363
7 0.00069386
8 0.00018685
9 0.0035394000000000003
10 0.007845
11 0.013829000000000001
12 0.020557
13 0.026550999999999998
14 0.032189
15 0.038342
16 0.044633000000000006
17 0.042112000000000004
18 0.040255
19 0.028126
20 0.015516
21 0.008840899999999999
22 0.0024211999999999997
23 0.0086144
0 0.0022094
1 0.00033199
2 0.0072
3 0.020714
4 0.020359000000000002
5 0.019358
6 0.017256
7 0.021097
8 0.016355
9 0.016829
10 0.021550999999999997
11 0.023068
12 0.025042000000000002
13 0.028094
14 0.030378
15 0.031478
16 0.030776
17 0.027004999999999998
18 0.022309000000000002
19 0.019341
20 0.0169
21 0.015167
22 0.012648999999999999
23 0.014650999999999999
0 0.016234000000000002
1 0.014755
2 0.0129
3 0.015238
4 0.01217
5 0.0097682
6 0.0050119
7 0.0022031
8 0.00051394
9 0.0018170999999999999
10 0.0074635
11 0.014619
12 0.024323
