0 0.59199
1 0.5551
2 0.52381
3 0.49394
4 0.505
5 0.48754
6 0.50405
7 0.57347
8 0.65175
9 0.74075
10 0.73444
11 0.71668
12 0.7472
13 0.70701
14 0.61715
15 0.51948
16 0.42188
17 0.43419
18 0.59155
19 0.64606
20 0.74533
21 0.81971
22 0.80489
23 0.77055
0 0.49993
1 0.49902
2 0.46743
3 0.42195
4 0.39794
5 0.37385
6 0.40987
7 0.43292
8 0.46787
9 0.49426
10 0.59895
11 0.66406
12 0.63877
13 0.52358
14 0.45204
15 0.36643
16 0.26612
17 0.23916
18 0.32979
19 0.42966
20 0.68992
21 0.80657
22 1.2084
23 1.5879
0 1.8068
1 1.3977
2 1.8242
3 0.78255
4 1.0497
5 0.5409
6 0.91431
7 0.66563
8 0.73662
9 0.8434
10 0.64522
11 0.54439
12 0.39589
13 0.22643
14 0.13446
15 0.17166
16 0.1375
17 0.11342
18 0.12949
19 0.2586
20 0.47647
21 0.59253
22 1.0634
23 1.2614
0 1.1042
1 0.75083
2 0.5725
3 0.50154
4 0.47419
5 0.43782
6 0.41286
7 0.73616
8 1.2962
9 2.5178
10 1.7049
11 1.1621
12 0.88492
13 0.40833
14 0.18026
15 0.17585
16 0.1728
17 0.19474
18 0.28567
19 0.43744
20 0.51554
21 0.54721
22 0.97131
23 0.95987
0 0.94489
1 0.99702
2 0.76928
3 0.79271
4 0.74474
5 0.66038
6 0.63503
7 1.0944
8 1.9737
9 1.0878
10 1.2811
11 1.623
12 0.84512
13 0.48725
14 0.40163
15 0.40997
16 0.37055
17 0.3541
18 0.43855
19 0.57297
20 0.63568
21 0.85356
22 1.0903
23 0.84291
0 1.2165
1 1.1115
2 0.69673
3 0.47091
4 0.45428
5 0.46612
6 0.50356
7 0.52978
8 0.68921
9 0.6695
10 0.50854
11 0.46799
12 0.43778
13 0.4154
14 0.39255
15 0.38863
16 0.36113
17 0.39653
18 0.44799
19 0.54702
20 0.55058
21 0.60185
22 0.60348
23 0.56901
0 0.35465
1 0.30003
2 0.30567
3 0.26157
4 0.29645
5 0.32125
6 0.33667
7 0.53983
8 0.87339
9 1.2383
10 1.0253
11 0.80236
12 0.87608
