0 10.803
1 11.549999999999999
2 8.932300000000001
3 5.5614
4 3.7356
5 2.6631
6 5.2356
7 5.5987
8 5.8369
9 6.8966
10 12.308
11 19.183
12 23.956000000000003
13 21.249
14 23.877
15 27.445
16 23.159
17 18.076999999999998
18 13.315000000000001
19 8.1043
20 8.8061
21 13.501000000000001
22 9.7319
23 15.709000000000001
0 14.501
1 10.28
2 14.394
3 15.075
4 13.180000000000001
5 9.907
6 12.18
7 19.766
8 26.248
9 30.355
10 26.252000000000002
11 30.38
12 35.865
13 39.86
14 46.018
15 43.226
16 27.485
17 14.556
18 13.185
19 15.907000000000002
20 18.153
21 26.584
22 14.152
23 17.201
0 38.279
1 33.583
2 43.315
3 153.23999999999998
4 112.62
5 117.88
6 85.479
7 36.693000000000005
8 54.922
9 38.489000000000004
10 25.905
11 17.464
12 25.198
13 28.917
14 19.706999999999997
15 24.596
16 23.078999999999997
17 14.385
18 10.714
19 7.575100000000001
20 3.5167
21 7.6202
22 19.095000000000002
23 30.696
0 23.053
1 34.302
2 25.633
3 20.17
4 23.147000000000002
5 21.727
6 29.808
7 24.788999999999998
8 28.087999999999997
9 30.958
10 23.434
11 28.455000000000002
12 36.757999999999996
13 39.064
14 24.742
15 21.876
16 20.94
17 12.513
18 8.8782
19 12.077
20 3.9338999999999995
21 11.59
22 10.919
23 16.082
0 22.128999999999998
1 11.914
2 15.074
3 18.845
4 20.572
5 16.788999999999998
6 14.540000000000001
7 14.497
8 19.857
9 26.419
10 20.92
11 33.242
12 38.348
13 33.041000000000004
14 34.729000000000006
15 32.794999999999995
16 17.988
17 10.623000000000001
18 7.5507
19 6.252800000000001
20 0.0
21 0.0
22 4.1425
23 20.083
0 15.674000000000001
1 9.6366
2 33.157
3 18.375
4 15.235
5 23.701
6 20.04
7 31.116999999999997
8 18.857
9 20.75
10 22.415999999999997
11 20.009
12 24.206
13 23.043999999999997
14 16.179
15 20.701
16 24.415
17 26.423
18 20.969
19 13.239
20 21.898
21 15.032
22 16.407
23 14.327
0 19.851
1 20.456
2 15.803
3 24.597
4 27.047
5 15.011
6 35.324
7 12.471
8 17.907
9 40.315
10 34.875
11 41.577999999999996
12 47.336000000000006
