0 0.0
1 0.0
2 0.0
3 0.0
4 0.0
5 0.0
6 0.0
7 0.0
8 0.0
9 0.0003336920571428572
10 0.0004217976266666666
11 0.00032517949677419354
12 0.00029841149841269843
13 0.0002821083811023622
14 0.0004378324878431373
15 0.0004305529019607844
16 0.0
17 0.0
18 0.0
19 0.00016108702928870294
20 0.0
21 0.0
22 0.0
23 0.0
0 0.0003039915982683983
1 0.0006213726320987654
2 0.0005924090955823292
3 0.0005943700888888889
4 0.00047413571338582685
5 0.0003870426494117647
6 0.00026717737254901964
7 0.0007344047843137254
8 0.003095270980392157
9 0.0030629857647058827
10 0.0025075043921568628
11 0.0020947265882352946
12 0.0016278860784313728
13 0.001516148862745098
14 0.0014893443137254901
15 0.0011361276078431374
16 0.0007878236862745098
17 0.0005809593725490197
18 0.0005152105882352941
19 0.0003953214901960785
20 0.0005420444705882353
21 0.0005099258823529412
22 0.0004772296862745098
23 0.0008465573333333332
0 0.0014599817254901959
1 0.0015365907843137255
2 0.0
3 0.0
4 0.0
5 0.0008259334309623431
6 0.0006628453441295547
7 0.000563643266932271
8 0.0005099611067193677
9 0.0008704011023622048
10 0.0020929260392156864
11 0.0030092045882352935
12 0.0025349917647058823
13 0.0018463730588235293
14 0.0011598754901960783
15 0.0006283504705882352
16 0.0003326126588235294
17 0.0001850150431372549
18 0.0
19 0.0
20 0.0
21 0.0
22 0.00046544034199134205
23 0.0010445976008230454
0 0.001137247140562249
1 0.0009863396507936507
2 0.000793130377952756
3 0.0006943392862745098
4 0.0004915627215686275
5 0.0003981716078431373
6 0.0004117037647058823
7 0.0004107686274509804
8 0.0009487033333333333
9 0.001884477411764706
10 0.0021094705882352942
11 0.002159887607843137
12 0.001882565725490196
13 0.0015339543137254906
14 0.0010698874509803924
15 0.0006474238431372549
16 0.0005704642352941175
17 0.0007860452549019607
18 0.0008967941960784315
19 0.0006693103529411765
20 0.0006760083921568627
21 0.0006832544313725489
22 0.0008771371764705882
23 0.0009332651764705883
0 0.0007858229803921568
1 0.0006312272941176472
2 0.0008207589411764706
3 0.0006803526666666668
4 0.00037906382745098047
5 0.0005940898352941175
6 0.0006253038980392157
7 0.0011323774196078432
8 0.0029300266901960787
9 0.002892604894117647
10 0.00207016617254902
11 0.002572233694117647
12 0.00308895262745098
13 0.0022478946274509808
14 0.0015028570196078434
15 0.0010826352156862748
16 0.000984686980392157
17 0.0010528746666666666
18 0.0009420958431372549
19 0.0007062314509803922
20 0.0
21 0.0
22 0.0
23 0.0010200351464435145
0 0.0009986001619433197
1 0.002477278167330677
2 0.002258840869565217
3 0.00150495905511811
4 0.000913830431372549
5 0.0009595430588235294
6 0.0010308809411764704
7 0.0007170538431372549
8 0.00047081498039215684
9 0.00046291152941176463
10 0.0005617935294117647
11 0.0009193141960784313
12 0.0009895376470588236
13 0.0009922718431372548
14 0.0009579540392156862
15 0.0007759305098039217
16 0.0005992160784313725
17 0.0007131585098039214
18 0.0009128010980392157
19 0.0008377352941176472
20 0.000606345725490196
21 0.00047322368627450976
22 0.00037668866666666666
23 0.0
0 0.0
1 0.0
2 0.0
3 0.0
4 0.0
5 0.0
6 0.0
7 0.0
8 0.0013064425446808509
9 0.0014664092408163264
10 0.0017801410880000001
11 0.002301429391304348
12 0.002888015661417323
