0 0.0
1 0.0
2 0.0
3 0.0
4 0.0
5 0.0
6 0.0
7 0.0
8 0.0
9 0.0
10 0.0
11 0.0
12 0.0
13 54.76099760683762
14 74.2996922100122
15 74.04470691086692
16 63.71163892551893
17 52.61432263736263
18 48.04086827838827
19 45.97407765567767
20 44.88581147741148
21 42.519225396825384
22 40.11765592185591
23 36.416620757020766
0 38.39903345543345
1 31.344377289377285
2 28.806942857142857
3 33.06652210012209
4 30.041181333230277
5 25.633045665445664
6 25.906913553113558
7 27.580669108669117
8 31.632231997383077
9 32.5420784932662
10 37.728213720185344
11 46.175392429792424
12 56.5179282051282
13 75.44351746031747
14 82.24441978021979
15 86.72428571428568
16 81.01311306471304
17 63.78711037851036
18 54.82145641025641
19 51.413016605616605
20 56.20302368742368
21 61.04245421245421
22 51.40610280830281
23 56.04879853479853
0 70.21003760683762
1 69.48089377289377
2 95.09931501831501
3 113.95473797313798
4 104.7513418803419
5 119.28632356532358
6 81.19982759462758
7 54.20587619047618
8 43.27144078144079
9 47.19441904761905
10 52.04055482295482
11 56.07920757020757
12 74.37711794871794
13 66.7318783882784
14 56.39182564102566
15 50.23958363858364
16 38.345357753357746
17 31.06774993894994
18 27.19345860805861
19 19.51385152625153
20 26.427047374847376
21 32.21292185592186
22 34.48350378510378
23 45.58933406593408
0 54.007474725274726
1 63.08483321123322
2 80.81382197802196
3 69.76719462759463
4 58.16104932844933
5 47.57263199023199
6 41.955904761904755
7 37.84612551892552
8 46.873816849816855
9 81.28139169719171
10 99.91568009768008
11 93.64658534798534
12 96.7668647130647
13 88.04130598290598
14 66.01999633699634
15 40.95877118437119
16 31.631425885225887
17 27.600075702075696
18 27.84503125763126
19 32.57445177045177
20 40.90391257631258
21 37.97261391941391
22 34.222557753357755
23 30.653919902319902
0 54.256272039072044
1 74.75858266178265
2 77.10711794871794
3 60.731531623931616
4 50.544968986568975
5 44.1032043956044
6 42.68921147741148
7 43.47645543345543
8 58.77175897435898
9 54.63476385836387
10 46.267285958485964
11 46.76210354090354
12 70.79762319902319
13 71.77106349206349
14 57.26205250305251
15 41.022637851037835
16 31.27001953601953
17 26.05795750915751
18 24.711292796092795
19 24.108112576312575
20 49.66569816849817
21 43.15215775335774
22 38.09898656898656
23 39.78478754578756
0 39.6851501831502
1 67.21425982905981
2 119.602905006105
3 91.55167814407817
4 63.9056380952381
5 47.62359975579976
6 39.9233807081807
7 36.56237338217339
8 34.66800488400488
9 47.39836947496947
10 54.996291575091576
11 55.79199096459096
12 54.3216131868132
13 57.41762881562881
14 59.69938925518926
15 56.57673215213812
16 47.88388510929669
17 42.09000355614919
18 47.02909253421706
19 53.25111079324578
20 63.58165201465203
21 59.658290354090354
22 51.384767765567766
23 38.54161367521368
0 35.16123516483516
1 32.46036239316239
2 32.78365323565323
3 30.664786080586076
4 30.573833211233207
5 37.50748742368744
6 44.42813528693529
7 39.16737216117216
8 41.70360146520146
9 46.29855927591219
10 60.017592673992674
11 102.97847326007329
12 123.64297216117215
