0 0.0
1 0.0
2 0.0
3 0.0
4 0.0
5 0.0
6 0.0
7 0.0
8 0.0
9 0.6320387514772411
10 0.669670379586282
11 0.6885186185725407
12 0.7124097437202365
13 0.7116724370622424
14 0.6870388178078836
15 0.632766673749363
16 0.5250934008704191
17 0.48412250057523454
18 0.5302456358770569
19 0.580348655255981
20 0.6518491473613056
21 0.7395677617807409
22 0.7717213977723159
23 0.7717557272493931
0 0.643368258544648
1 0.5967884276151182
2 0.5346953331530923
3 0.47231475696639785
4 0.4329189411764705
5 0.4025102352941176
6 0.405415568627451
7 0.4217567883771612
8 0.43248124353567
9 0.44728274364793813
10 0.5123058987926327
11 0.5858822590946265
12 0.6100683129136285
13 0.5721436831254356
14 0.5299443796579923
15 0.4503028604060208
16 0.3522196078431373
17 0.2951896078431373
18 0.3119620392156863
19 0.3703514117647058
20 0.530236
21 0.6689578823529412
22 0.9401619999999999
23 1.2664260392156863
0 1.539633960784314
1 1.4709386274509806
2 1.6504995294117648
3 1.2172167058823526
4 1.1341638039215691
5 0.8370109803921569
6 0.875083843137255
7 0.7685485490196078
8 0.7504858823529412
9 0.7958560784313726
10 0.7198777542849698
11 0.6342404271177182
12 0.5120836078431372
13 0.3686401960784314
14 0.25002098039215687
15 0.20987192156862744
16 0.17251121568627453
17 0.1415342745098039
18 0.13450090196078435
19 0.1959900784313726
20 0.3363880392156862
21 0.465176862745098
22 0.7661098823529411
23 1.0158916862745098
0 1.0619413333333334
1 0.9076354901960784
2 0.740936392156863
3 0.6217145490196078
4 0.5479478039215687
5 0.4925805490196078
6 0.4514447058823529
7 0.5927724705882352
8 0.944862705882353
9 1.7347959999999998
10 1.722068392156863
11 1.4433794117647054
12 1.1649550588235293
13 0.786584705882353
14 0.48296627450980395
15 0.3283094901960784
16 0.248352
17 0.21699098039215686
18 0.24854768627450982
19 0.3415729411764705
20 0.4278321960784314
21 0.48779341176470586
22 0.7311027843137254
23 0.8470236862745096
0 0.8974707450980393
1 0.9488184705882354
2 0.8599974901960784
3 0.8289553533978828
4 0.7936576915708197
5 0.7618245026415045
6 0.7081488892800069
7 0.8632508824159967
8 1.4322610980392159
9 1.2602085490196078
10 1.271657843137255
11 1.4489569411764704
12 1.147235294117647
13 0.8169031764705883
14 0.6088089411764706
15 0.5080474509803922
16 0.43615529411764714
17 0.39368901960784314
18 0.4144674509803923
19 0.49165984313725486
20 0.5498957347533164
21 0.7091278823529411
22 0.9010642745098038
23 0.8728360392156864
0 1.0463267450980391
1 1.0803984705882352
2 0.8890704705882351
3 0.6797901176470589
4 0.5666793725490197
5 0.51564
6 0.5084495294117647
7 0.5185007843137255
8 0.6028214901960786
9 0.6088641959852125
10 0.5714447977708802
11 0.5361435422445557
12 0.49888809350553887
13 0.4624337648644125
14 0.42877616317603784
15 0.4101632057639032
16 0.38506316764055026
17 0.3968600720171441
18 0.40981186421784727
19 0.4586107995845326
20 0.4920369310306886
21 0.5429061286292435
22 0.5688274350941102
23 0.5701118366082186
0 0.481719885654364
1 0.38244937254901973
2 0.34378062745098037
3 0.3021156078431373
4 0.2987845098039215
5 0.3094670588235294
6 0.3225453725490196
7 0.43113047058823534
8 0.6532773725490195
9 0.947628431372549
10 0.9878752549019607
11 0.8961779999999999
12 0.8872655294117647
