0 0.012991
1 0.014301
2 0.0092448
3 0.0046727
4 0.0044316
5 0.0043898
6 0.0073353
7 0.010621
8 0.015717
9 0.01971
10 0.017662
11 0.015732
12 0.016694
13 0.018451
14 0.017972
15 0.012116
16 0.007713
17 0.0083165
18 0.014912
19 0.015082
20 0.017682
21 0.021629
22 0.018169
23 0.019097
0 0.016101
1 0.015227
2 0.013517
3 0.011103
4 0.0083391
5 0.0081604
6 0.0088933
7 0.010912
8 0.011549
9 0.012342
10 0.014541
11 0.015884
12 0.017641
13 0.016085
14 0.013855
15 0.011304
16 0.0084168
17 0.007682
18 0.0098178
19 0.013936
20 0.022506
21 0.024376
22 0.035747
23 0.041964
0 0.039214
1 0.034341
2 0.0
3 0.02597
4 0.031714
5 0.018184
6 0.024525
7 0.022111
8 0.024218
9 0.023342
10 0.019422
11 0.016088
12 0.013761
13 0.0099947
14 0.0064402
15 0.008166
16 0.0064232
17 0.0057362
18 0.0055311
19 0.010361
20 0.016162
21 0.023956
22 0.047424
23 0.049872
0 0.040375
1 0.031872
2 0.023211
3 0.017488
4 0.016207
5 0.014958
6 0.014615
7 0.02534
8 0.031773
9 0.04205
10 0.049982
11 0.043484
12 0.035225
13 0.016845
14 0.0092683
15 0.0087294
16 0.0080384
17 0.0080121
18 0.010468
19 0.015024
20 0.016243
21 0.016898
22 0.031238
23 0.034147
0 0.028365
1 0.028061
2 0.022148
3 0.022634
4 0.020308
5 0.021612
6 0.018714
7 0.023665
8 0.023178
9 0.018885
10 0.028519
11 0.049564
12 0.031851
13 0.014393
14 0.0093991
15 0.0083295
16 0.0084685
17 0.0074706
18 0.01103
19 0.014844
20 0.019161
21 0.031042
22 0.035075
23 0.025842
0 0.03486
1 0.037106
2 0.020254
3 0.006846
4 0.007769
5 0.0098449
6 0.012632
7 0.0085767
8 0.015041
9 0.013368
10 0.009399
11 0.010104
12 0.010037
13 0.010466
14 0.0099447
15 0.009207
16 0.0090304
17 0.0086261
18 0.010291
19 0.012893
20 0.012533
21 0.013488
22 0.015653
23 0.014048
0 0.013083
1 0.013882
2 0.014725
3 0.010775
4 0.01301
5 0.01313
6 0.016202
7 0.018485
8 0.022183
9 0.027364
10 0.03707
11 0.040038
12 0.045763
