0 0.0
1 0.0
2 0.0
3 0.0
4 0.0
5 0.0
6 0.0
7 0.0
8 0.0
9 0.010905901176470589
10 0.01031127607843137
11 0.011220443921568629
12 0.013051512156862746
13 0.016301748235294115
14 0.02153659764705882
15 0.027006757647058826
16 0.028674943529411766
17 0.028906519607843136
18 0.024877960784313726
19 0.021243631372549022
20 0.018287160784313722
21 0.015480650980392155
22 0.014654619607843134
23 0.013955403921568627
0 0.01400001568627451
1 0.01422404553996866
2 0.014326001626179648
3 0.014196185723147669
4 0.014689722936054818
5 0.015094562681566672
6 0.015076617213480508
7 0.014694260886740525
8 0.014195827353343005
9 0.013619611275501178
10 0.012900286902358902
11 0.01314137565228357
12 0.015092556770781635
13 0.020817313725490193
14 0.027051305882352942
15 0.030485800000000004
16 0.03068787450980392
17 0.029561952941176476
18 0.028688552941176473
19 0.026294569981117868
20 0.02160507412362053
21 0.018524419607843137
22 0.013289823529411762
23 0.006691587294117646
0 0.0032864181521568628
1 0.0016182510682352942
2 0.0007616504596078431
3 0.0
4 0.0
5 0.0
6 0.0035196469841004187
7 0.0036458446542510124
8 0.004096949661354581
9 0.006213915521739131
10 0.011535643307086615
11 0.01873795568627451
12 0.02597639607843137
13 0.03202290274509804
14 0.034801838039215695
15 0.03687165176470589
16 0.03642577843137255
17 0.03509167843137254
18 0.03414486586813644
19 0.03280934947971303
20 0.03161855330269124
21 0.027142701939672522
22 0.01592774745098039
23 0.00817677631372549
0 0.004460980392156863
1 0.00429336
2 0.006139218039215687
3 0.009006305098039217
4 0.010287087843137253
5 0.010600436078431374
6 0.011668925490196078
7 0.00832305937254902
8 0.0047409698039215685
9 0.003318705490196078
10 0.00646263843137255
11 0.01245352705882353
12 0.0246259105882353
13 0.031138084705882356
14 0.031262018823529414
15 0.028880578039215683
16 0.030264340392156863
17 0.03281301411764706
18 0.0318912431372549
19 0.026506537235114123
20 0.021655090196078433
21 0.018559415686274512
22 0.012000678431372548
23 0.006476557647058824
0 0.00425125568627451
1 0.002643339607843137
2 0.002566759215686275
3 0.0019382454901960785
4 0.0014587435294117646
5 0.00177915137254902
6 0.0027541831372549018
7 0.0017233195294117645
8 0.000951252705882353
9 0.0022499741960784313
10 0.005057769254901961
11 0.009467787372549018
12 0.015050656235294118
13 0.020848669098039216
14 0.026574624156862747
15 0.032532131960784326
16 0.03866971529411764
17 0.04046649019607843
18 0.040424294117647065
19 0.03430318039215687
20 0.024899705882352945
21 0.01683557725490196
22 0.009570020392156863
23 0.009033920784313726
0 0.005538476862745097
1 0.002853311843137255
2 0.004961842196078431
3 0.012823387764705882
4 0.016600689960784315
5 0.017999966745098035
6 0.017657071215686278
7 0.019401511294117647
8 0.01790599211764706
9 0.017399843137254904
10 0.01908570956924908
11 0.020314291621240176
12 0.02216900593115
13 0.024974307811564886
14 0.02771192054629581
15 0.029633318849544288
16 0.030146836780203728
17 0.02863356437394503
18 0.02676662509678679
19 0.02356207015823466
20 0.020025977525303315
21 0.0173776862745098
22 0.01497858039215686
23 0.01478179607843137
0 0.01547938431372549
1 0.015142006133283172
2 0.014330805577225984
3 0.014627237030633494
4 0.013881308561109897
5 0.012031754982542943
6 0.008271666666666667
7 0.005212975686274509
8 0.002832634196078431
9 0.0022994986666666664
10 0.0048708395294117645
11 0.009743706039215684
12 0.017057182431372553
