0 0.0
1 0.0
2 0.0
3 0.0
4 0.0
5 0.0
6 0.0
7 0.0
8 0.0
9 0.0
10 0.0
11 0.0
12 0.0
13 20.170206764346766
14 22.02542813186813
15 24.737886056166058
16 23.95081462759463
17 21.01578935286935
18 17.166381172161177
19 12.635646520146521
20 10.721235799755801
21 12.111924297924297
22 10.921597606837606
23 13.31487462759463
0 13.906782857142856
1 12.092052112332112
2 13.24186818070818
3 14.156923711843712
4 13.667243418803418
5 11.84275828800286
6 12.005821039986984
7 15.875885641025642
8 21.064072478632475
9 25.71159411477412
10 25.98381416361416
11 28.183698412698416
12 32.026957753357756
13 35.94709059829059
14 40.98640659340659
15 42.10964053724054
16 34.79906691086691
17 24.6781010989011
18 18.931673260073257
19 17.41886544566545
20 17.78494432234432
21 22.18401172161172
22 18.16652844932845
23 17.682155067155072
0 27.98087228327228
1 30.781169719169718
2 37.04775482295482
3 95.15731013431012
4 103.89905006105008
5 110.90214090354091
6 98.19939755799756
7 67.44873675213675
8 61.189857875457875
9 49.84088253968254
10 37.8743763125763
11 27.669220268620265
12 26.43201294261295
13 27.673936752136754
14 23.68758583638584
15 24.126085470085464
16 23.591609768009768
17 18.97566813186813
18 14.83570525030525
19 11.201847326007329
20 7.352997069597071
21 7.482829450549451
22 13.288083223443223
23 21.993657240537246
0 22.523066715506722
1 28.413190866910863
2 27.023818998779
3 23.596369084249083
4 23.37169284493284
5 22.550242881562887
6 26.18145282051282
7 25.487328229548226
8 26.79066427350427
9 28.539592636370255
10 26.323527424000027
11 27.200087600018367
12 31.546379077867044
13 35.35080604200154
14 30.219513089156525
15 26.595144793069657
16 23.860864264504247
17 17.992981196581198
18 13.433035067155066
19 12.753465396825396
20 8.34073347985348
21 9.963001904761907
22 10.43947286935287
23 13.259225689865689
0 17.69232664224664
1 14.7998483028083
2 14.935743687423686
3 16.890001758241755
4 18.730955946275948
5 17.76050007326007
6 16.150941343101348
7 15.324266153846155
8 17.592577289377292
9 22.007599267399264
10 21.46502075702076
11 27.35560561660562
12 32.85378315018314
13 32.94997118437119
14 33.84188547008547
15 33.32014603174603
16 25.653757509157508
17 18.137625885225887
18 12.84330954822955
19 9.54704815628816
20 0.0
21 0.0
22 0.0
23 0.0
0 15.08371236863379
1 12.223178221880602
2 22.941161240310073
3 20.629220261922406
4 17.9158715794645
5 20.818538599069313
6 20.430225287356322
7 25.780568230694037
8 22.317092965315094
9 21.53335514041514
10 21.976908766788767
11 20.99294534798534
12 22.60051443223443
13 22.82389426129426
14 19.499374114774117
15 20.100471062271065
16 22.19239781341963
17 24.223847295337922
18 22.661502280637666
19 17.954914847646833
20 19.922733516647373
21 17.481742514869456
22 16.944739130130326
23 15.637884177412149
0 17.73951319673827
1 19.09460608098083
2 17.45218184032956
3 21.017641588674266
4 24.03598266178266
5 19.522097924297928
6 27.424801709401706
7 19.94780708180708
8 18.926916239316245
9 29.624045177045176
10 32.251777533577524
11 36.918216117216126
12 42.13046398046398
