0 45.915
1 55.586
2 51.071
3 35.605
4 32.221
5 63.667
6 39.49
7 77.359
8 58.896
9 72.782
10 69.902
11 78.276
12 77.002
13 71.882
14 66.363
15 75.643
16 76.721
17 72.828
18 72.191
19 73.318
20 67.028
21 66.465
22 57.023
23 58.477
0 57.58
1 52.283
2 48.374
3 50.74
4 58.556
5 66.011
6 40.689
7 24.858
8 20.193
9 23.092
10 28.171
11 32.577
12 32.404
13 27.988
14 15.317
15 11.439
16 24.872
17 25.66
18 34.635
19 38.848
20 55.195
21 59.779
22 109.46
23 130.98
0 162.29
1 89.189
2 86.302
3 136.38
4 117.01
5 37.625
6 51.177
7 55.6
8 62.431
9 43.962
10 52.217
11 45.952
12 46.564
13 49.262
14 41.417
15 28.655
16 26.64
17 30.287
18 28.447
19 24.567
20 31.369
21 54.648
22 76.513
23 91.883
0 63.495
1 44.134
2 26.935
3 22.648
4 17.478
5 22.488
6 20.579
7 13.163
8 25.116
9 44.018
10 61.987
11 87.702
12 67.798
13 55.21
14 11.463
15 9.0565
16 8.2775
17 25.033
18 23.163
19 19.246
20 21.842
21 32.348
22 43.94
23 69.431
0 30.419
1 26.595
2 24.815
3 26.794
4 14.676
5 20.435
6 14.36
7 12.538
8 21.97
9 34.099
10 39.96
11 59.456
12 30.085
13 24.351
14 30.038
15 12.317
16 16.173
17 29.401
18 70.263
19 96.244
20 148.13
21 73.458
22 66.134
23 56.269
0 49.187
1 47.708
2 44.564
3 48.219
4 48.891
5 46.598
6 36.717
7 18.276
8 14.602
9 18.359
10 25.897
11 32.22
12 48.892
13 46.59
14 51.144
15 32.706
16 33.078
17 36.397
18 41.589
19 44.874
20 45.149
21 51.755
22 62.353
23 70.125
0 64.547
1 114.93
2 81.601
3 98.377
4 156.23
5 87.505
6 45.094
7 33.101
8 63.623
9 73.313
10 107.75
11 99.628
12 53.822
