0 0.0076884
1 0.0085562
2 0.0069482
3 0.011469
4 0.013204
5 0.019464
6 0.01201
7 0.0065896999999999996
8 0.0029541
9 0.006600399999999999
10 0.010517
11 0.017789000000000003
12 0.025681000000000002
13 0.032826
14 0.038731
15 0.041245
16 0.039435000000000005
17 0.034112
18 0.025911999999999998
19 0.013923
20 0.0081712
21 0.0078704
22 0.0066094
23 0.0092476
0 0.0076368
1 0.0035989
2 0.0020939
3 0.0015184
4 0.0016248
5 0.011432000000000001
6 0.021585
7 0.021024
8 0.01495
9 0.021513
10 0.02481
11 0.026317
12 0.027423
13 0.027511
14 0.027125
15 0.036753
16 0.037579
17 0.039030999999999996
18 0.034737000000000004
19 0.028895
20 0.013848000000000001
21 0.0038379
22 0.002415
23 0.0021287
0 0.001428
1 0.0
2 0.00016619
3 0.0010577000000000002
4 0.0029583
5 0.0036372
6 0.0012801
7 0.0018816
8 0.0019591
9 0.0046663
10 0.010422
11 0.024437999999999998
12 0.037941
13 0.05086
14 0.051805
15 0.051323
16 0.050674
17 0.047752
18 0.042601999999999994
19 0.037633
20 0.038981
21 0.038598999999999994
22 0.0095282
23 0.003146
0 0.0088061
1 0.015428
2 0.019502
3 0.018918
4 0.010125
5 0.014476000000000001
6 0.0116
7 0.0074657
8 0.0024796
9 0.0038369
10 0.0064752
11 0.014197
12 0.024736
13 0.021149
14 0.020686
15 0.022285
16 0.02556
17 0.025616
18 0.020808
19 0.012441
20 0.0050931
21 0.0017941
22 0.0017928999999999998
23 0.0028239000000000003
0 0.0025369999999999998
1 0.006167799999999999
2 0.0048739
3 0.011553
4 0.019715
5 0.02034
6 0.018829000000000002
7 0.011518
8 0.0066281
9 0.0066082
10 0.0068546
11 0.015196999999999999
12 0.022404
13 0.033061999999999994
14 0.033082
15 0.034747999999999994
16 0.038798
17 0.046443
18 0.052362
19 0.046508
20 0.041095999999999994
21 0.025542000000000002
22 0.023245000000000002
23 0.020731000000000003
0 0.021033
1 0.0
2 0.014321
3 0.017946999999999998
4 0.019749
5 0.020372
6 0.014299
7 0.0065264
8 0.0064085
9 0.0076742
10 0.011789999999999998
11 0.0093812
12 0.010936
13 0.012029999999999999
14 0.019484
15 0.025672999999999998
16 0.030723
17 0.028181
18 0.021965
19 0.013157
20 0.0027825000000000003
21 0.0013572999999999999
22 0.001359
23 0.00080797
0 0.0011484000000000002
1 0.001184
2 0.0010065999999999999
3 0.00013533
4 0.00095845
5 0.00092632
6 0.0008940399999999999
7 0.0011667000000000001
8 0.0007709500000000001
9 0.0030489000000000002
10 0.0067111
11 0.0068064
12 0.011407
