0 0.61711
1 0.58045
2 0.57293
3 0.57101
4 0.5716
5 0.53086
6 0.60498
7 0.68866
8 1.0072
9 1.0604
10 0.97373
11 0.9099
12 0.80027
13 0.69337
14 0.72901
15 0.7403
16 0.73017
17 0.7714
18 0.86535
19 0.89423
20 0.87892
21 0.82603
22 0.86696
23 0.81307
0 0.77529
1 0.81059
2 0.86942
3 0.88667
4 0.93997
5 0.77961
6 0.52485
7 0.53888
8 0.60797
9 0.63387
10 0.61859
11 0.6223
12 0.58824
13 0.51051
14 0.52382
15 0.54599
16 0.53759
17 0.58328
18 0.62026
19 0.69157
20 0.97351
21 1.3877
22 2.0146
23 3.5418
0 2.3263
1 1.9268
2 2.9855
3 2.9461
4 1.3302
5 0.95529
6 1.3401
7 1.447
8 1.3358
9 1.5427
10 1.3524
11 1.0008
12 0.74197
13 0.62752
14 0.58957
15 0.58372
16 0.56664
17 0.55684
18 0.57543
19 0.64125
20 0.9148
21 1.2004
22 1.7797
23 1.5892
0 0.9435
1 0.75628
2 0.65888
3 0.57186
4 0.5509
5 0.61101
6 0.49207
7 0.80376
8 1.7614
9 2.728
10 3.3911
11 2.0427
12 1.1123
13 0.53544
14 0.56134
15 0.56211
16 0.57981
17 0.60718
18 0.69381
19 0.90985
20 1.3754
21 1.6015
22 2.0055
23 0.99085
0 0.87643
1 0.7998
2 0.59748
3 0.5657
4 0.45286
5 0.49153
6 0.49468
7 0.65125
8 0.92702
9 1.1292
10 1.8494
11 0.82806
12 0.67925
13 0.81261
14 0.54934
15 0.52831
16 0.56008
17 0.7044
18 0.84123
19 0.99253
20 0.96347
21 0.87831
22 0.84655
23 0.79742
0 0.76123
1 0.0
2 0.77121
3 0.75871
4 0.73366
5 0.72172
6 0.73061
7 0.79851
8 0.89899
9 0.92716
10 0.91888
11 0.97498
12 0.90773
13 0.8675
14 0.85274
15 0.85914
16 0.88381
17 0.89595
18 0.93786
19 1.0296
20 1.2835
21 1.314
22 1.1912
23 1.3196
0 1.3234
1 1.2156
2 1.2327
3 1.2573
4 1.1086
5 0.97768
6 0.9626
7 1.1085
8 1.5924
9 1.7983
10 1.483
11 1.0767
12 0.9216
