0 21.238
1 24.453
2 15.924
3 15.683
4 18.739
5 21.847
6 26.864
7 32.318
8 28.744
9 36.72
10 42.046
11 49.18
12 47.406
13 42.262
14 33.729
15 35.647
16 40.392
17 36.951
18 39.698
19 44.21
20 49.225
21 46.078
22 43.579
23 46.591
0 47.557
1 42.259
2 36.537
3 38.353
4 40.186
5 38.689
6 22.404
7 12.329
8 7.0498
9 7.2719
10 12.539
11 11.46
12 7.6756
13 6.4685
14 4.7933
15 3.6797
16 6.8322
17 11.498
18 10.347
19 18.357
20 22.916
21 26.489
22 52.12
23 70.047
0 85.776
1 45.32
2 36.673
3 63.182
4 55.436
5 19.828
6 28.361
7 29.573
8 27.302
9 21.735
10 19.42
11 21.977
12 18.739
13 17.547
14 19.308
15 12.194
16 15.534
17 15.838
18 12.338
19 10.107
20 20.557
21 30.794
22 41.688
23 46.484
0 22.65
1 15.303
2 12.559
3 9.7828
4 5.7081
5 9.851
6 8.8345
7 6.0583
8 11.213
9 10.226
10 17.807
11 34.043
12 16.259
13 10.092
14 5.8813
15 2.3386
16 0.95252
17 0.90166
18 1.1547
19 0.87977
20 7.1406
21 11.101
22 16.326
23 21.412
0 5.8652
1 7.4554
2 8.0876
3 7.1071
4 6.4659
5 5.7725
6 5.3411
7 6.162
8 9.2387
9 7.635
10 15.655
11 16.452
12 11.137
13 7.2455
14 7.9962
15 4.1844
16 2.7706
17 4.2455
18 14.343
19 25.36
20 34.745
21 30.466
22 33.562
23 26.42
0 26.135
1 26.633
2 29.053
3 27.564
4 35.683
5 31.552
6 26.259
7 14.401
8 9.9347
9 17.798
10 17.032
11 19.805
12 27.659
13 25.774
14 32.447
15 23.366
16 18.775
17 23.063
18 24.918
19 29.899
20 20.982
21 25.071
22 31.855
23 31.648
0 35.305
1 48.768
2 43.475
3 51.188
4 77.256
5 49.642
6 24.184
7 24.958
8 31.446
9 39.734
10 55.062
11 62.113
12 33.361
