0 0.00071295
1 0.00088623
2 0.0009778599999999999
3 0.0008309299999999999
4 0.001325
5 0.00078049
6 0.0006311400000000001
7 0.00038098
8 4.4448e-5
9 0.00030754999999999997
10 0.00014183000000000002
11 0.00048264
12 0.0011568000000000001
13 0.0005033300000000001
14 0.0
15 0.0
16 0.0
17 0.0
18 0.0
19 0.0
20 0.0
21 0.0
22 0.0
23 0.0
0 0.0
1 0.0
2 0.0
3 0.0
4 0.0
5 0.0
6 0.0
7 0.0
8 0.0
9 0.0
10 0.0
11 0.0
12 0.0
13 0.0
14 0.0
15 0.0
16 0.0
17 0.0
18 0.0
19 5.8853999999999996e-5
20 4.0272e-5
21 0.0
22 0.0
23 0.00033761
0 8.5561e-5
1 0.0
2 8.1054e-5
3 0.00054082
4 0.0
5 0.0
6 0.0
7 0.0
8 0.0
9 0.0
10 0.0
11 0.0
12 0.0
13 0.0
14 0.0
15 0.0
16 0.0
17 0.0
18 0.0
19 0.0
20 0.00067587
21 0.00049898
22 0.00014771
23 0.0
0 0.0
1 0.0
2 0.0
3 0.0
4 0.0
5 0.0
6 0.0
7 0.0
8 0.0
9 0.0002965
10 0.0006155
11 0.00017680000000000001
12 0.0
13 0.0
14 0.0
15 0.0
16 0.0
17 0.0
18 0.0
19 0.0
20 0.0
21 0.0
22 0.00024815
23 0.0
0 0.0
1 0.0
2 0.0
3 0.0
4 0.0
5 0.0
6 0.0
7 0.0
8 0.0
9 0.0
10 0.0
11 0.0
12 0.0
13 2.9429e-5
14 0.0
15 0.0
16 0.0
17 0.0
18 0.00091571
19 0.0015209
20 0.001074
21 0.00042724
22 0.00027816999999999995
23 0.0
0 0.0
1 0.0
2 0.0
3 0.0
4 0.0
5 0.0
6 0.0
7 0.0
8 0.0
9 0.0
10 0.0
11 0.0
12 0.0
13 0.0
14 0.0
15 0.0
16 0.0
17 0.0
18 0.0
19 0.0
20 0.0
21 0.0
22 0.0
23 0.0
0 0.0
1 0.0
2 0.0
3 0.0
4 0.0
5 0.0
6 0.0
7 0.0
8 0.0
9 0.0
10 0.0
11 0.0
12 0.0
