0 0.0
1 0.0
2 0.0
3 0.0
4 0.0
5 0.0
6 0.0
7 0.0
8 0.0
9 0.0
10 0.0
11 0.0
12 0.0
13 43.7951291819292
14 38.76423858363858
15 37.2080568986569
16 38.80267228327227
17 37.98816034122703
18 38.76842982609757
19 41.03745568308545
20 43.369268611436105
21 44.253869414837176
22 44.04664568487686
23 44.8387830767189
0 45.69499074378369
1 44.61333272713209
2 42.33930711645564
3 41.40877592895703
4 41.09207165207179
5 40.48555406814497
6 30.822643223443226
7 21.571928937728938
8 14.305714871794871
9 10.784069206349207
10 11.657744615384615
11 11.554582808302811
12 9.610221880341877
13 8.034990915750914
14 6.4102695482295475
15 5.040751159951161
16 5.932403076923077
17 8.711881514041517
18 9.527968595848595
19 13.94322031746032
20 18.431547423687423
21 22.462620122100127
22 37.296142905982904
23 53.67872493284493
0 69.73689853479853
1 57.533193040293035
2 47.10698903540904
3 55.15175975579975
4 55.29981440781441
5 37.56492429792429
6 32.96516166056166
7 31.270450305250307
8 29.286760683760676
9 25.51029987789987
10 22.461157264957265
11 22.21320927960928
12 20.467919413919418
13 19.00406862026862
14 19.153914041514042
15 15.66773137973138
16 15.59599365079365
17 15.716509645909646
18 14.025298412698412
19 12.063772405372406
20 16.30956263736263
21 23.552887423687427
22 32.62316263736263
23 39.55657362637363
0 31.10376434676434
1 23.20310818070818
2 17.88023003663004
3 13.83122061050061
4 9.76846056166056
5 9.808999267399269
6 9.32132185592186
7 7.689316581196582
8 9.450017387057384
9 9.835497338217337
10 13.818332796092795
11 23.929147350427353
12 20.09329333333333
13 15.0920104029304
14 10.485839853479854
15 6.41131098901099
16 3.681334837606838
17 2.2904047032967036
18 1.7216146471306475
19 1.3000600244200247
20 4.219832771672772
21 7.660523223443224
22 11.993080781440781
23 16.700998144078145
0 11.281829987789985
1 9.368293064713065
2 8.728215921855924
3 7.918240195360195
4 7.192743282051282
5 6.483216371184371
6 5.912669345543345
7 6.037979633699634
8 7.638595995115994
9 7.636374798534797
10 11.645605470085469
11 14.04819711843712
12 12.593242246642246
13 9.919345494505494
14 8.957761587301585
15 6.570723931623931
16 4.670210769230768
17 4.457668937728938
18 9.401433601953602
19 17.383060879120876
20 26.06714476190476
21 28.26936004884005
22 30.917866471306475
23 28.67015032967033
0 27.404406422466423
1 27.021070427350423
2 28.03960625152625
3 27.804657777777773
4 31.747847496947504
5 31.653257875457875
6 29.40604108515422
7 21.677953846153848
8 15.803297582417581
9 16.799102026862023
10 16.9135326984127
11 18.35845865689866
12 23.00891540903541
13 24.391352820512818
14 28.419590818070816
15 25.892282832722827
16 22.33157694749695
17 22.69625196581197
18 23.806962246642243
19 26.85487343101343
20 23.982081584685993
21 24.500920350184643
22 27.613475471559248
23 29.320519532863067
0 32.31729014795245
1 40.69206715506715
2 42.084880097680106
3 46.639837118437114
4 61.955059096459095
5 55.80177484737486
6 39.992797802197806
7 32.474795604395595
8 31.961675457875458
9 35.84962808302809
10 45.45864761904761
11 53.78954358974359
12 43.57503443223444
