0 0.0
1 0.0
2 0.0
3 0.0
4 0.0
5 0.0
6 0.0
7 0.0
8 0.0
9 0.0
10 0.0
11 0.0
12 0.0
13 73.5018014652015
14 69.93426788766789
15 72.79352258852258
16 74.73949213700682
17 73.79357614140115
18 73.09705135167677
19 73.11769550006235
20 72.206831674525
21 71.17918404412053
22 66.48363251426666
23 64.42881262022534
0 62.56534109817182
1 58.434902981623836
2 54.093783171748804
3 52.818151932403126
4 55.03891490579672
5 58.75591003483817
6 51.28701009672282
7 37.71515164835164
8 28.948357264957266
9 26.014882783882783
10 27.089418559218558
11 29.83004688644688
12 31.113949450549452
13 29.548008302808302
14 22.428467887667892
15 16.928935286935285
16 20.896354822954816
17 23.27325054945055
18 28.95338608058608
19 33.902401221001234
20 44.55297435897435
21 52.17046666666668
22 80.82515873015873
23 105.91459438339436
0 134.11815628815629
1 111.6610507936508
2 98.9901926739927
3 117.70035164835163
4 117.36642588522587
5 77.49717387057386
6 64.3391067155067
7 59.97159877899879
8 61.202182905982916
9 52.5801601953602
10 52.39159072039072
11 49.161413431013436
12 47.84857655677654
13 48.55041318681319
14 44.97822612942613
15 36.80345982905984
16 31.71069572649573
17 30.997951892551885
18 29.71970061050061
19 27.139561172161173
20 29.25048791208791
21 41.95054871794872
22 59.2347409035409
23 75.56447863247863
0 69.53180659340659
1 56.83227716727716
2 41.88187032967032
3 32.26420170940171
4 24.869982173382173
5 23.678038827838826
6 22.127558730158732
7 17.643886935286936
8 21.379179975579977
9 32.69729206349207
10 47.3403724053724
11 67.52067570207568
12 67.65986324786326
13 61.43628400488401
14 36.44775286935287
15 22.750466910866912
16 15.512860073260073
17 20.273240781440787
18 21.718435897435896
19 20.48296068376068
20 21.16208058608059
21 26.75361538461538
22 35.34460415140415
23 52.385571184371194
0 41.39772161172161
1 33.992866910866915
2 29.405563736263737
3 28.101947619047618
4 21.389755067155065
5 20.91181611721612
6 17.634833211233214
7 15.085597557997557
8 18.52781440781441
9 26.313621001220994
10 33.13632454212454
11 46.294944322344335
12 38.18993137973138
13 31.2701916971917
14 30.654733577533577
15 21.484099145299147
16 18.828732356532353
17 24.11596092796093
18 47.196306227106234
19 71.7303736263736
20 109.94559096459096
21 91.70660122100122
22 78.92349645909644
23 67.5958590964591
0 58.39376190476191
1 53.05373284493286
2 48.81064004884006
3 48.51920366300366
4 48.70909670329671
5 47.6556481074481
6 42.182228083028086
7 30.219594139194147
8 22.394493284493283
9 20.370019047619056
10 23.12859658119658
11 27.6713619047619
12 38.281644932844934
13 42.43568595848597
14 46.79064639804639
15 39.74642905982907
16 36.41028376068376
17 36.40239633699633
18 38.99629304029303
19 41.93839413919413
20 43.54742686202687
21 47.65095553928011
22 54.66378143246753
23 62.57142661782661
0 63.56112478632478
1 89.25390671550672
2 85.43117216117217
3 91.91210451770453
4 124.08608913308913
5 105.80178485958484
6 75.44832039072041
7 54.27322271062272
8 58.95036703296702
9 66.13431575091575
10 86.94770085470086
11 93.29145274725273
12 73.55541684981684
