0 0.0
1 0.0
2 0.0
3 0.0
4 0.0
5 0.0
6 0.0
7 0.0
8 0.0
9 0.9415199001410546
10 0.9583976880747617
11 0.9348493566018962
12 0.868095752576788
13 0.7973911166519434
14 0.7859117114810227
15 0.7714115047593698
16 0.7538218379419964
17 0.759569727852355
18 0.7843473726215818
19 0.8078935543750055
20 0.8265024386946945
21 0.8266526064387879
22 0.8401634782230913
23 0.8384806480684515
0 0.8314163208420737
1 0.831276656888574
2 0.8366039007757599
3 0.8426051978503689
4 0.8637683753916742
5 0.8468073243051336
6 0.7014628041013733
7 0.6285061204823811
8 0.6187318750127606
9 0.6246728877454386
10 0.6209298436381803
11 0.6204212568349547
12 0.6066387841247792
13 0.5784730962126884
14 0.5677937186793339
15 0.5638480474500481
16 0.5557916184528754
17 0.5593695414307686
18 0.5703853275091414
19 0.6068014711828136
20 0.7986368600712677
21 1.0996746666666666
22 1.560060431372549
23 2.5568043529411764
0 2.4450594509803922
1 2.1885640784313725
2 2.591669764705882
3 2.7733055294117652
4 2.0524521568627447
5 1.5030232156862744
6 1.4202390588235296
7 1.4295120784313728
8 1.3807138823529415
9 1.4609538039215686
10 1.4034747450980394
11 1.238391043551408
12 0.968993137254902
13 0.7976138823529412
14 0.6921203137254902
15 0.6362274509803921
16 0.599925568627451
17 0.576449725490196
18 0.5774263446489915
19 0.6001960963845998
20 0.725807222558749
21 0.9819747843137256
22 1.3831709803921568
23 1.488157019607843
0 1.216567450980392
1 0.9868147843137255
2 0.8230110196078433
3 0.6972994509803921
4 0.6233861960784314
5 0.6160424313725491
6 0.5515314509803921
7 0.6723762080034343
8 1.220356549019608
9 1.978044392156863
10 2.6899294901960777
11 2.3691987450980396
12 1.7418501568627456
13 1.1384969019607845
14 0.850054274509804
15 0.7056083137254902
16 0.6403923137254901
17 0.6196276862745097
18 0.6514300392156864
19 0.7784187450980392
20 1.077425254901961
21 1.3415529411764704
22 1.6763581568627453
23 1.3344447450980392
0 1.1060189803921572
1 0.9532871764705882
2 0.775194705882353
3 0.6697725490196078
4 0.5595073725490195
5 0.523342274509804
6 0.5060487450980392
7 0.5764670006327484
8 0.7526009411764707
9 0.9415463529411765
10 1.3979279215686273
11 1.1135083921568625
12 0.8968230980392157
13 0.8553461176470588
14 0.7024502352941177
15 0.6151390588235295
16 0.5868900392156863
17 0.6448120784313727
18 0.7142975226711072
19 0.8553182967800246
20 0.906764535373144
21 0.893655259303006
22 0.8725250761784996
23 0.840686494836348
0 0.8259293617337292
1 0.0
2 0.0
3 0.0
4 0.7489354393305439
5 0.7345700000000001
6 0.7323274900398405
7 0.7656824901185773
8 0.8328698425196851
9 0.8278411022549972
10 0.8531117506632648
11 0.8959219844293473
12 0.903469566427758
13 0.8975565187500034
14 0.8921958230609575
15 0.8930249055005194
16 0.8908784801530593
17 0.8894766584413366
18 0.8967820007264561
19 0.9227049270802394
20 1.0642291534419566
21 1.1609123755620734
22 1.1740174266200312
23 1.2253853203823106
0 1.2621603507246106
1 1.2493263860803538
2 1.2498061420420168
3 1.2637612867088912
4 1.2275912155780049
5 1.1440423188959525
6 1.087022753514476
7 1.0879855683521462
8 1.2788076902833379
9 1.539303100922219
10 1.5139274360993225
11 1.3101710299153486
12 1.1170866539654667
