0 0.0
1 0.0
2 0.0
3 0.0
4 0.0
5 0.0
6 0.0
7 0.0
8 0.0
9 0.006570032156862745
10 0.008550513725490197
11 0.01318214901960784
12 0.019456039215686276
13 0.026167219607843135
14 0.032501503921568635
15 0.03694120352941177
16 0.03825963294117648
17 0.03623976078431372
18 0.03110606666666666
19 0.02250695294117647
20 0.015304743529411764
21 0.011538639215686274
22 0.009011036078431374
23 0.009066578039215687
0 0.008289339607843137
1 0.005884290196078432
2 0.00394239294117647
3 0.002706073725490196
4 0.002152600784313725
5 0.006799283921568628
6 0.01422150588235294
7 0.01764584392156863
8 0.01631226156862745
9 0.018947756470588238
10 0.021923419607843136
11 0.024168834509803925
12 0.025846501960784314
13 0.026497841432339152
14 0.026803573139005922
15 0.03187159215686274
16 0.033969968133494045
17 0.03550427283453003
18 0.035078739203551985
19 0.033135453420766535
20 0.023087486274509805
21 0.013416275294117647
22 0.007867186666666666
23 0.004930052549019609
0 0.003108141960784314
1 0.0
2 0.0
3 0.0
4 0.0020095396652719667
5 0.0028493224291497978
6 0.0020499466932270916
7 0.0019646196047430828
8 0.001962894409448819
9 0.0033198979999999995
10 0.006891058431372549
11 0.015710372941176467
12 0.02689428
13 0.03896973372549021
14 0.04548643529411764
15 0.04850166156862746
16 0.04968335019607843
17 0.0488021568627451
18 0.04576517647058824
19 0.044336702565682076
20 0.0428954915053266
21 0.04143814395630862
22 0.02440768862745098
23 0.013682379607843138
0 0.01116214588235294
1 0.01323169254901961
2 0.016321552156862745
3 0.017583079999999997
4 0.013797459607843138
5 0.01408942980392157
6 0.01284877725490196
7 0.01016570862745098
8 0.006310249411764705
9 0.005050847058823528
10 0.0057374807843137265
11 0.009957983529411765
12 0.01737564078431373
13 0.019275404705882355
14 0.019998518039215686
15 0.021170816470588234
16 0.02341066392156863
17 0.02455603607843137
18 0.02278242882788989
19 0.01757211764705882
20 0.011294093333333331
21 0.00650614588235294
22 0.004112477647058823
23 0.0034300298039215693
0 0.0029383717647058823
1 0.004514952156862745
2 0.004663182745098038
3 0.008106350196078431
4 0.01393934549019608
5 0.017176037254901962
6 0.01803592274509804
7 0.01479400862745098
8 0.010719076078431373
9 0.008664501568627452
10 0.007763434509803922
11 0.011487362352941176
12 0.016950953725490197
13 0.025031421960784308
14 0.02908465803921569
15 0.03196187803921568
16 0.03544301725490197
17 0.04102111607843136
18 0.04678078823529412
19 0.046705788235294116
20 0.04390298446483095
21 0.034725027450980384
22 0.02896572549019608
23 0.024820878431372553
0 0.022892105882352944
1 0.0
2 0.0
3 0.0
4 0.01865260251046025
5 0.01952968016194332
6 0.0168548406374502
7 0.011621724110671935
8 0.008976061417322836
9 0.008322578039215685
10 0.010051326274509803
11 0.009699467450980392
12 0.010300453333333333
13 0.01114886980392157
14 0.015326601568627451
15 0.020537343137254898
16 0.02567784705882353
17 0.02696963294117647
18 0.024487267450980392
19 0.018829537254901964
20 0.010790031372549021
21 0.0060527388235294115
22 0.003670330196078431
23 0.002190395137254902
0 0.0016114081568627452
1 0.0013447687843137256
2 0.0011345894901960783
3 0.0006094270588235294
4 0.0007803619607843137
5 0.0008524959215686276
6 0.0008723562745098036
7 0.0010202315294117648
8 0.0008948506666666666
9 0.001975532
10 0.004354501294117649
11 0.005593531176470588
12 0.00852075294117647
