0 0.032564
1 0.032319
2 0.032711
3 0.026888000000000002
4 0.02572
5 0.019067
6 0.0228
7 0.031184999999999997
8 0.033506999999999995
9 0.029716
10 0.028015
11 0.023624
12 0.021689
13 0.016793
14 0.016524
15 0.017976
16 0.019657
17 0.020734000000000002
18 0.025618
19 0.031658
20 0.033194
21 0.030899999999999997
22 0.031028
23 0.028584
0 0.027485
1 0.031212
2 0.032451
3 0.032612999999999996
4 0.031463
5 0.02068
6 0.0096496
7 0.011407
8 0.017202000000000002
9 0.011683
10 0.009109299999999999
11 0.0083868
12 0.0085991
13 0.006487199999999999
14 0.006176999999999999
15 0.011255000000000001
16 0.008596999999999999
17 0.010667
18 0.013221
19 0.018408
20 0.036736
21 0.054912
22 0.0578
23 0.053880000000000004
0 0.040100000000000004
1 0.034985999999999996
2 0.043504
3 0.041602
4 0.029529
5 0.024874
6 0.031464
7 0.032642000000000004
8 0.029419
9 0.028279
10 0.027979
11 0.023181999999999998
12 0.016722
13 0.010031
14 0.0070003
15 0.007053899999999999
16 0.0069439
17 0.006575999999999999
18 0.0081373
19 0.011857
20 0.027817
21 0.039731
22 0.054113999999999995
23 0.041729
0 0.029488
1 0.022224
2 0.016190000000000003
3 0.014742000000000002
4 0.022106999999999998
5 0.016524
6 0.020449000000000002
7 0.027611999999999998
8 0.033274
9 0.040602
10 0.065303
11 0.060543
12 0.031254000000000004
13 0.0058578
14 0.007050600000000001
15 0.0070411
16 0.0081441
17 0.010124000000000001
18 0.013063
19 0.019872
20 0.025575
21 0.026498
22 0.026504
23 0.023597
0 0.023322
1 0.019129999999999998
2 0.019789
3 0.014048
4 0.006637400000000001
5 0.0072568
6 0.0091978
7 0.017152999999999998
8 0.022132000000000002
9 0.021693999999999998
10 0.03563
11 0.017515
12 0.011095
13 0.016416
14 0.0053479
15 0.0056947000000000005
16 0.0067416
17 0.011157
18 0.016869
19 0.02489
20 0.021957
21 0.019534
22 0.01563
23 0.012074
0 0.009555099999999999
1 0.0
2 0.014676999999999999
3 0.011598
4 0.0096405
5 0.005280300000000001
6 0.0070647
7 0.013525
8 0.015199
9 0.0143
10 0.012644
11 0.016592
12 0.017027999999999998
13 0.016356000000000002
14 0.010564
15 0.011236000000000001
16 0.012067
17 0.014265
18 0.018136
19 0.023077999999999998
20 0.031202999999999998
21 0.032436
22 0.031823
23 0.03201
0 0.032374
1 0.031249
2 0.030564
3 0.030522999999999998
4 0.027849
5 0.026965
6 0.026265999999999998
7 0.026812000000000002
8 0.026327000000000003
9 0.028877
10 0.026449999999999998
11 0.018088
12 0.012927
