0 9.898305
1 6.965517
2 6.067797
3 7.898305
4 4.932203
5 3.169492
6 7.898305
7 5.237288
8 11.898305
9 9.440678
10 21.661017
11 12.067797
12 13.830508
13 8.932203
14 7.067797
15 9.135593
16 13.067797
17 15.0
18 14.745763
19 9.898305
20 0.0
21 6.152542
22 9.355932
23 16.050847
0 16.745763
1 11.896552
2 8.932203
3 7.169492
4 12.0
5 11.966102
6 10.932203
7 9.40678
8 20.694915
9 12.135593
10 15.966102
11 14.932203
12 13.40678
13 24.965517
14 23.423729
15 6.864407
16 3.440678
17 15.864407
18 11.966102
19 11.033898
20 12.0
21 12.033898
22 13.101695
23 15.830508
0 11.067797
1 13.103448
2 15.898305
3 13.0
4 13.305085
5 21.59322
6 10.40678
7 21.491525
8 7.237288
9 14.440678
10 26.966102
11 25.694915
12 17.0
13 16.864407
14 13.0
15 12.965517
16 11.898305
17 8.966102
18 7.966102
19 7.40678
20 18.79661
21 12.898305
22 10.067797
23 11.966102
0 11.169492
1 15.827586
2 10.864407
3 7.101695
4 9.830508
5 4.932203
6 3.474576
7 16.79661
8 10.932203
9 8.966102
10 8.40678
11 20.101695
12 22.559322
13 9.966102
14 8.898305
15 6.237288
16 13.067797
17 14.627119
18 3.966102
19 3.0
20 3.0
21 3.237288
22 0.0
23 13.898305
0 10.898305
1 8.0
2 7.966102
3 7.271186
4 14.864407
5 10.966102
6 9.898305
7 7.033898
8 8.067797
9 10.40678
10 22.101695
11 24.898305
12 21.728814
13 13.79661
14 8.305085
15 16.762712
16 10.0
17 10.067797
18 12.067797
19 14.0
20 13.932203
21 11.898305
22 9.271186
23 16.898305
0 13.932203
1 11.896552
2 9.169492
3 13.830508
4 8.898305
5 6.271186
6 13.931034
7 12.0
8 12.305085
9 21.440678
10 33.423729
11 16.864407
12 13.305085
13 21.661017
14 12.033898
15 13.20339
16 18.830508
17 14.135593
18 18.0
19 18.0
20 18.033898
21 19.0
22 19.20339
23 24.864407
0 20.932203
1 18.827586
2 14.033898
3 15.344828
4 24.932203
5 22.627119
6 12.20339
7 18.101695
8 21.305085
9 29.627119
10 18.898305
11 16.20339
12 22.169492
