0 0.0
1 0.0
2 0.0
3 0.0
4 0.0
5 0.0
6 0.0
7 0.0
8 0.0
9 0.0
10 0.0
11 0.0
12 0.0
13 11.357835874725275
14 9.212938537484739
15 9.174416841758243
16 11.122100277899875
17 13.062494645421246
18 13.904964898168497
19 11.902204059829062
20 0.0
21 0.0
22 0.0
23 12.668809064339673
0 14.773427368036298
1 13.312519369635325
2 11.105341037410781
3 9.129456272860997
4 10.567406941521897
5 11.267067460523098
6 11.099087552650866
7 10.25266706497313
8 15.475066032234434
9 13.806060047374846
10 14.886888126251527
11 14.909408976556776
12 14.157686798046399
13 19.56319762124542
14 21.495232727716726
15 14.179782612942612
16 8.809185212210012
17 12.33727208962149
18 12.151813284004884
19 11.593054313308912
20 11.795465506471306
21 11.914669336263735
22 12.507832423687423
23 14.169279894993894
0 12.618252857387054
1 12.85940206862027
2 14.37793467912088
3 13.689716496214896
4 13.488644273528406
5 17.459715669214503
6 13.976505649328448
7 17.735292202197797
8 12.485708573382173
9 13.463487154822953
10 20.21648742319903
11 22.956905656898655
12 19.97917715115995
13 18.42225128913309
14 15.710771761172163
15 14.338140170207566
16 13.11805081709402
17 11.040534635897435
18 9.503020310866912
19 8.453180406349206
20 13.626306597802198
21 13.262117474969477
22 11.662893952380951
23 11.812821686446886
0 11.490444937484739
1 13.658888872771675
2 12.26138718021978
3 9.680825116727716
4 9.755414080097678
5 7.3433160004884
6 5.408397584371185
7 11.103650291575093
8 11.016966400732601
9 9.991054077899882
10 9.198714228571427
11 14.65119797118437
12 18.606650685225883
13 14.285660654700854
14 11.591742766056164
15 8.91440983882784
16 10.991498692796092
17 12.810492596825396
18 8.388357313797313
19 5.692494089133089
20 4.345278521611721
21 3.7905837719169724
22 0.0
23 0.0
0 0.0
1 9.277491012503257
2 8.60052224401311
3 7.925429460431655
4 11.422464857248338
5 11.192939616082374
6 10.545080972840715
7 8.788265967245174
8 8.428474539946249
9 9.418744489985343
10 15.761768334798534
11 20.331379768742362
12 21.031419290842493
13 17.414722412210015
14 12.859945095970696
15 14.812487464468864
16 12.405649787545785
17 11.236613710622711
18 11.652470250549452
19 12.827085687179489
20 13.380360388278389
21 12.63951480952381
22 10.953783798046398
23 13.925067598046397
0 13.92768333186813
1 12.911885668620267
2 11.219439866393738
3 12.412795018567863
4 10.752397793835762
5 8.468461716483516
6 11.199975359706963
7 11.599743479609275
8 11.95221556849817
9 16.697611909157505
10 25.06361948302808
11 20.964009102564102
12 17.134470480097683
13 19.398935982417584
14 15.716766735531136
15 14.460001796581198
16 16.646467621489624
17 15.391990555799755
18 16.696492099145296
19 17.348978650305245
20 17.69213781391942
21 18.3457708998779
22 18.64961335209247
23 21.819602373382175
0 21.37683395873016
1 20.101864017094016
2 17.273011580732124
3 16.554325602667237
4 20.2142471959506
5 21.2727146350281
6 16.900839280097685
7 17.50127955702075
8 19.403581690842493
9 24.516647917948717
10 21.707439208058606
11 18.954357092796094
12 20.562075619536024
