0 3.0
1 3.034483
2 4.0
3 4.067797
4 5.966102
5 4.932203
6 3.101695
7 5.966102
8 5.135593
9 8.932203
10 7.0
11 7.0
12 6.932203
13 5.101695
14 7.966102
15 6.864407
16 3.0
17 3.101695
18 6.033898
19 7.0
20 7.169492
21 11.898305
22 8.898305
23 5.966102
0 5.271186
1 13.0
2 12.966102
3 11.966102
4 10.898305
5 8.135593
6 11.932203
7 10.0
8 9.966102
9 9.237288
10 16.0
11 15.898305
12 13.20339
13 18.932203
14 16.966102
15 15.830508
16 10.864407
17 6.932203
18 5.20339
19 10.932203
20 8.966102
21 8.0
22 8.067797
23 10.135593
0 13.864407
1 10.0
2 10.457627
3 18.793103
4 12.931034
5 10.95
6 9.898305
7 8.254237
8 13.1
9 15.305085
10 20.745763
11 16.101695
12 17.898305
13 14.79661
14 9.0
15 9.0
16 9.050847
17 9.864407
18 5.898305
19 3.169492
20 8.067797
21 9.966102
22 9.133333
23 12.830508
0 7.898305
1 5.241379
2 11.864407
3 8.0
4 8.067797
5 9.932203
6 8.0
7 7.966102
8 7.033898
9 8.20339
10 13.966102
11 12.898305
12 9.898305
13 6.966102
14 5.932203
15 3.966102
16 3.067797
17 4.966102
18 4.067797
19 0.0
20 0.0
21 0.0
22 0.0
23 0.0
0 0.0
1 0.0
2 0.0
3 0.0
4 0.0
5 0.0
6 0.0
7 0.0
8 0.0
9 0.0
10 0.0
11 0.0
12 0.0
13 0.0
14 0.0
15 0.0
16 0.0
17 0.0
18 0.0
19 0.0
20 0.0
21 0.0
22 0.0
23 0.0
0 3.932203
1 2.034483
2 3.271186
3 11.033898
4 12.338983
5 22.033898
6 22.864407
7 18.864407
8 15.033898
9 15.898305
10 13.0
11 13.033898
12 13.965517
13 13.169492
14 17.79661
15 12.0
16 12.033898
17 13.137931
18 16.966102
19 16.033898
20 16.830508
21 11.898305
22 9.033898
23 10.237288
0 17.034483
1 17.896552
2 15.101695
3 18.034483
4 18.898305
5 16.271186
6 23.728814
7 16.169492
8 20.898305
9 18.169492
10 23.0
11 33.0
12 0.0
