0 0.0
1 0.0
2 0.0
3 0.0
4 0.0
5 0.0
6 0.0
7 0.0
8 0.0
9 0.0
10 0.0
11 0.0
12 0.0
13 6.034394915262515
14 7.00073271916972
15 6.932911326007325
16 4.966093501587302
17 4.033670745543345
18 5.034142395115996
19 6.0171974366300365
20 6.593593057631258
21 9.24631119023199
22 9.07253987838828
23 7.5191947001221004
0 6.394987539682541
1 9.698458153846156
2 11.332890577533577
3 11.650119206349206
4 11.275176487179486
5 9.705999383150186
6 10.819821375335774
7 10.410276988034187
8 10.18853096043956
9 9.712584569719168
10 12.857159402686202
11 14.378944924542127
12 13.777002485262686
13 16.36289381538462
14 16.66498630818071
15 16.248218998534796
16 13.556308860317461
17 10.244108996092796
18 7.72292790915751
19 9.327679276678877
20 9.146768538217337
21 8.573233196092795
22 8.319546575091575
23 9.226866159706962
0 11.545717290109884
1 10.771768021978023
2 10.613902825396826
3 14.703864645909647
4 13.817701658363857
5 12.384341402686205
6 11.14189645103785
7 9.697739745543345
8 11.399374622222222
9 13.35312176288156
10 17.050990362637364
11 16.57707114310134
12 17.238180610989016
13 16.017980972161176
14 12.50881250964591
15 10.753210515750917
16 9.901554986568984
17 9.882848442246644
18 7.890088320634921
19 5.529169312332112
20 6.797868723565326
21 8.38133347130647
22 8.755915356532354
23 10.792812265934069
0 9.344337631746031
1 7.291691621001221
2 9.578399054945052
3 8.78907742735043
4 8.428317183150183
5 9.180268369474973
6 8.590390801953601
7 8.278832067643467
8 7.656238794627596
9 7.929599169963369
10 10.948440666666663
11 11.92338111135531
12 10.911087255921856
13 8.938805216849818
14 7.4347797855921876
15 5.699948353357753
16 4.383262176068376
17 4.674075726495728
18 4.370456240781439
19 0.0
20 0.0
21 0.0
22 0.0
23 0.0
0 0.0
1 0.0
2 0.0
3 0.0
4 0.0
5 0.0
6 0.0
7 0.0
8 0.0
9 0.0
10 0.0
11 0.0
12 0.0
13 0.0
14 0.0
15 0.0
16 0.0
17 0.0
18 0.0
19 0.0
20 0.0
21 0.0
22 0.0
23 0.0
0 0.0
1 0.0
2 3.012273285714286
3 7.290473133333334
4 9.896155645161292
5 16.06135811111111
6 19.489666212598426
7 19.175810607843136
8 17.1008015518591
9 16.49896554545455
10 14.74862811577919
11 13.891053689133086
12 13.929510413431016
13 13.550860792673992
14 15.675508952380953
15 13.887275456268808
16 13.006548684946612
17 13.067130123150779
18 14.602992350074697
19 15.00394051532845
20 15.604094833591653
21 14.379593871225218
22 11.583471235645906
23 10.920233040464836
0 13.931215795172202
1 15.900967098526625
2 15.504789619570568
3 16.772200709639456
4 17.837736763614163
5 17.054843952625156
6 20.3926547042735
7 18.281089908180718
8 19.590194132600733
9 18.880608778998777
10 20.94200965225885
11 26.97378415604395
12 0.0
