0 0.00327611111111111
1 0.00854916666666667
2 0.01529875
3 0.013769861111111099
4 0.00657069444444444
5 0.00919722222222223
6 0.00401208333333333
7 0.00197694444444445
8 0.00232333333333333
9 0.00536652777777778
10 0.010894305555555601
11 0.023918194444444398
12 0.02950375
13 0.034548194444444395
14 0.0416436111111111
15 0.0371579166666667
16 0.0388840277777778
17 0.035986388888888894
18 0.0326969444444444
19 0.029110694444444397
20 0.026432638888888898
21 0.0169591666666667
22 0.01559
23 0.00680902777777778
0 0.00715069444444445
1 0.0064225
2 0.005375277777777779
3 0.00648388888888889
4 0.00259777777777778
5 0.004873055555555559
6 0.00179305555555556
7 0.00180013888888889
8 0.00185986111111111
9 0.005179861111111111
10 0.012111944444444401
11 0.0221536111111111
12 0.028477361111111103
13 0.0336470833333333
14 0.0317013888888889
15 0.0336727777777778
16 0.033805694444444395
17 0.0284623611111111
18 0.0314419444444444
19 0.0258395833333333
20 0.0304184722222222
21 0.027769861111111103
22 0.0285344444444444
23 0.020191944444444398
0 0.0215963888888889
1 0.0158648611111111
2 0.00790366666666666
3 0.00354777777777778
4 0.005195972222222221
5 0.00343861111111111
6 0.00167888888888889
7 0.00191361111111111
8 0.00282708333333333
9 0.00653958333333333
10 0.0155104166666667
11 0.022588055555555597
12 0.0226463888888889
13 0.0251655555555556
14 0.027293888888888902
15 0.028538055555555497
16 0.0281308333333333
17 0.027739722222222197
18 0.02626125
19 0.0237363888888889
20 0.026441944444444497
21 0.0290011111111111
22 0.023632361111111097
23 0.0139613888888889
0 0.0209994444444444
1 0.0157813888888889
2 0.0123563888888889
3 0.0114279166666667
4 0.0103829166666667
5 0.00333944444444444
6 0.00280097222222222
7 0.00219416666666667
8 0.00240569444444444
9 0.0049669444444444405
10 0.0118297222222222
11 0.0261156944444444
12 0.0286669444444444
13 0.0
14 0.0
15 0.0
16 0.0
17 0.0342623611111111
18 0.038140416666666704
19 0.034722499999999996
20 0.0298943055555556
21 0.019384722222222203
22 0.0207125
23 0.00849527777777778
0 0.00906791666666667
1 0.0052055555555555605
2 0.00253972222222222
3 0.0026227777777777803
4 0.00183666666666667
5 0.0019652777777777798
6 0.00187208333333333
7 0.00218388888888889
8 0.00217
9 0.0048079166666666695
10 0.0143573611111111
11 0.0480659722222222
12 0.0480905555555556
13 0.0509373611111111
14 0.0475676388888889
15 0.046937916666666704
16 0.049154027777777796
17 0.0516895833333333
18 0.047473194444444505
19 0.0403790277777778
20 0.0373115277777778
21 0.0386827777777778
22 0.0380783333333333
23 0.0387125
0 0.0191043055555556
1 0.0149220833333333
2 0.0187108333333333
3 0.0175930555555555
4 0.017739027777777798
5 0.0141475
6 0.00718319444444444
7 0.00479361111111111
8 0.0032400000000000003
9 0.008093472222222219
10 0.024847083333333297
11 0.0502552777777778
12 0.0434152777777778
13 0.0354720833333333
14 0.0376861111111111
15 0.04039625
16 0.037091666666666696
17 0.035765833333333295
18 0.0312534722222222
19 0.0266391666666667
20 0.0239855555555556
21 0.0234265277777778
22 0.023696111111111102
23 0.016219444444444397
0 0.015606527777777799
1 0.00960763888888888
2 0.00925097222222222
3 0.00734263888888889
4 0.00767708333333333
5 0.0054275
6 0.00305069444444444
7 0.00190513888888889
8 0.0021875
9 0.0043652777777777796
10 0.0152348611111111
11 0.0278695833333333
12 0.0351127777777778
