0 0.584933333333333
1 0.362588888888889
2 0.287938888888889
3 0.273263888888889
4 0.345244444444445
5 0.3124
6 0.564897222222222
7 1.11213055555556
8 2.20589722222222
9 1.27999722222222
10 0.699277777777778
11 0.425383333333333
12 0.426411111111111
13 0.426805555555555
14 0.401038888888889
15 0.377463888888889
16 0.463147222222222
17 0.556588888888889
18 0.505247222222222
19 0.541516666666667
20 0.470677777777778
21 0.612805555555556
22 0.567841666666667
23 0.780552777777778
0 1.07088333333333
1 0.493788888888889
2 0.381430555555556
3 0.377169444444444
4 0.5126
5 0.387227777777778
6 0.642894444444444
7 1.08404722222222
8 1.30038888888889
9 1.0489
10 0.666066666666666
11 0.402866666666667
12 0.383216666666667
13 0.350894444444445
14 0.358980555555556
15 0.349969444444444
16 0.411994444444445
17 0.343316666666667
18 0.333
19 0.347030555555556
20 0.324347222222222
21 0.391058333333333
22 0.377241666666667
23 0.434652777777778
0 0.350108333333333
1 0.457733333333333
2 0.481122222222222
3 0.565969444444444
4 0.572602777777778
5 0.420786111111111
6 0.644508333333334
7 0.700122222222222
8 0.699769444444444
9 0.753519444444444
10 0.410658333333333
11 0.377716666666667
12 0.260125
13 0.252588888888889
14 0.191752777777778
15 0.215375
16 0.198616666666667
17 0.198541666666667
18 0.203502777777778
19 0.207669444444445
20 0.276836111111111
21 0.299922222222222
22 0.296
23 0.449788888888889
0 0.244788888888889
1 0.235863888888889
2 0.241016666666667
3 0.2377
4 0.244905555555556
5 0.306916666666667
6 0.442577777777778
7 1.27337222222222
8 1.80951388888889
9 1.01020277777778
10 0.865822222222222
11 0.520736111111111
12 0.243727777777778
13 0.0
14 0.0
15 0.233894444444444
16 0.173875
17 0.199066666666667
18 0.226375
19 0.296577777777778
20 0.433933333333333
21 0.667161111111111
22 0.448880555555556
23 0.572197222222222
0 0.489933333333333
1 0.463002777777778
2 0.447736111111111
3 0.442913888888889
4 0.380505555555556
5 0.335508333333333
6 0.527155555555555
7 1.47481944444444
8 2.52856388888889
9 1.86386666666667
10 1.48165
11 1.00975277777778
12 0.427105555555556
13 0.305147222222222
14 0.270419444444444
15 0.2627
16 0.242769444444444
17 0.241844444444444
18 0.257202777777778
19 0.287483333333333
20 0.268219444444444
21 0.232266666666667
22 0.240147222222222
23 0.236888888888889
0 0.343816666666667
1 0.228822222222222
2 0.228886111111111
3 0.214955555555556
4 0.235033333333333
5 0.200694444444444
6 0.364958333333333
7 0.504941666666667
8 1.48045277777778
9 1.11659444444445
10 1.17473333333333
11 0.6461
12 0.342166666666667
13 0.234197222222222
14 0.272122222222222
15 0.283044444444444
16 0.323694444444444
17 0.304125
18 0.305783333333333
19 0.366977777777778
20 0.390027777777778
21 0.370305555555556
22 0.352652777777778
23 0.418736111111111
0 0.398583333333333
1 0.394363888888889
2 0.369469444444444
3 0.325697222222222
4 0.334163888888889
5 0.392866666666667
6 0.447766666666667
7 1.16371666666667
8 1.46493055555556
9 1.39161388888889
10 0.644572222222222
11 0.474269444444444
12 0.373561111111111
