0 0.0029953888888888903
1 0.0027841666666666696
2 0.00241327777777778
3 0.00274772222222222
4 0.00273555555555556
5 0.0025897777777777803
6 0.00298894444444444
7 0.0033373333333333297
8 0.00469005555555556
9 0.00332555555555555
10 0.00266161111111111
11 0.0027759444444444502
12 0.0028128333333333304
13 0.00304744444444444
14 0.00315283333333333
15 0.00319311111111111
16 0.003265
17 0.00331466666666667
18 0.00319783333333333
19 0.00306116666666667
20 0.0030243333333333303
21 0.00289138888888889
22 0.00302788888888889
23 0.00324744444444444
0 0.00352838888888889
1 0.00291722222222222
2 0.00277372222222222
3 0.00283872222222222
4 0.00301655555555556
5 0.00287155555555556
6 0.00283616666666667
7 0.00349683333333333
8 0.00370866666666667
9 0.00336833333333333
10 0.00295061111111111
11 0.00297761111111111
12 0.0031575
13 0.00308844444444445
14 0.00307816666666667
15 0.00311272222222222
16 0.00309977777777778
17 0.00304722222222222
18 0.00308455555555556
19 0.00312094444444445
20 0.00301133333333333
21 0.00250916666666667
22 0.00279716666666667
23 0.00235994444444444
0 0.00295622222222222
1 0.0028238888888888897
2 0.00285105555555556
3 0.002854
4 0.003085
5 0.00322877777777778
6 0.0029752222222222202
7 0.00352611111111111
8 0.0033742777777777803
9 0.00259822222222222
10 0.00294738888888889
11 0.00303888888888889
12 0.0030394999999999997
13 0.0029300000000000003
14 0.0027657777777777798
15 0.00279994444444444
16 0.0027440555555555603
17 0.00297488888888889
18 0.00292688888888889
19 0.0029944999999999998
20 0.00292111111111111
21 0.00279911111111111
22 0.0028397222222222196
23 0.0029051666666666696
0 0.00290544444444444
1 0.0030145
2 0.00292861111111111
3 0.003144
4 0.0027715
5 0.0033303333333333297
6 0.00332744444444444
7 0.0041107222222222205
8 0.00466211111111111
9 0.00378977777777778
10 0.00349622222222222
11 0.00430083333333333
12 0.0030275
13 0.0
14 0.0
15 0.003081
16 0.00252311111111111
17 0.00285377777777778
18 0.00304305555555556
19 0.00318588888888889
20 0.00401494444444444
21 0.004233111111111109
22 0.00337222222222222
23 0.00340772222222222
0 0.0032866666666666704
1 0.00353227777777778
2 0.0031108333333333296
3 0.0032499444444444403
4 0.00328283333333333
5 0.00353327777777778
6 0.00364561111111111
7 0.004843944444444449
8 0.00534038888888889
9 0.00474772222222222
10 0.00480827777777778
11 0.0064597777777777796
12 0.0049828333333333304
13 0.00494055555555555
14 0.00455438888888889
15 0.00402705555555556
16 0.00391538888888889
17 0.00376088888888889
18 0.0036026111111111103
19 0.00356605555555555
20 0.00328377777777778
21 0.0030008333333333297
22 0.00300688888888889
23 0.00291294444444444
0 0.00306744444444444
1 0.00310588888888889
2 0.003199
3 0.00299077777777778
4 0.00309061111111111
5 0.0027597222222222203
6 0.0033581111111111103
7 0.00298183333333333
8 0.004131666666666671
9 0.00365966666666667
10 0.0042005
11 0.00339305555555556
12 0.00321272222222222
13 0.00301655555555556
14 0.0032172777777777803
15 0.00325244444444444
16 0.00331316666666667
17 0.0031386111111111102
18 0.00312011111111111
19 0.0030639444444444403
20 0.0031188888888888902
21 0.0031736111111111097
22 0.0030731111111111102
23 0.00295988888888889
0 0.00307827777777778
1 0.00254077777777778
2 0.002706
3 0.00270738888888889
4 0.00284994444444445
5 0.00325605555555556
6 0.0027788333333333298
7 0.004177777777777779
8 0.00419516666666666
9 0.00350705555555556
10 0.0031468333333333296
11 0.0041855
12 0.00500422222222222
