0 46.999998
1 33.0
2 32.000002
3 28.000001
4 34.000002
5 41.999999
6 26.000001
7 41.000001
8 90.000004
9 92.0
10 82.999997
11 52.000001
12 48.0
13 55.0
14 63.000001
15 50.000001
16 112.000003
17 119.999997
18 79.000004
19 128.000006
20 68.999998
21 46.999998
22 66.0
23 68.999998
0 86.000003
1 52.000001
2 44.0
3 37.0
4 39.999999
5 46.999998
6 41.999999
7 43.000001
8 82.000002
9 115.000002
10 115.999997
11 63.000001
12 54.000001
13 46.0
14 59.0
15 50.000001
16 57.999998
17 64.000003
18 72.999999
19 46.0
20 67.000002
21 48.0
22 54.000001
23 37.0
0 41.000001
1 37.999999
2 39.999999
3 48.0
4 41.000001
5 41.000001
6 44.0
7 46.0
8 61.999999
9 61.000001
10 68.999998
11 43.000001
12 37.999999
13 67.000002
14 37.0
15 43.000001
16 35.999998
17 39.000001
18 37.999999
19 59.999999
20 100.000001
21 155.000001
22 48.0
23 45.000002
0 30.999999
1 32.000002
2 39.999999
3 33.0
4 30.999999
5 61.000001
6 77.0
7 57.0
8 101.999998
9 186.000004
10 94.999999
11 79.999998
12 68.999998
13 0.0
14 0.0
15 0.0
16 0.0
17 0.0
18 0.0
19 0.0
20 0.0
21 0.0
22 0.0
23 0.0
0 0.0
1 0.0
2 0.0
3 0.0
4 0.0
5 0.0
6 0.0
7 0.0
8 0.0
9 372.000009
10 277.999997
11 206.0
12 165.000007
13 74.000001
14 72.999999
15 52.999999
16 55.0
17 93.999997
18 88.0
19 104.000002
20 96.000001
21 88.0
22 50.000001
23 37.0
0 34.000002
1 39.000001
2 37.0
3 41.000001
4 45.000002
5 46.999998
6 43.000001
7 78.000002
8 104.999997
9 174.999997
10 214.000002
11 165.999994
12 100.000001
13 45.000002
14 79.000004
15 71.999997
16 90.000004
17 165.999994
18 152.999997
19 134.000003
20 163.000003
21 118.000001
22 61.999999
23 57.0
0 54.000001
1 61.999999
2 55.0
3 52.000001
4 61.000001
5 59.999999
6 55.0
7 108.000003
8 105.999999
9 175.999999
10 128.999993
11 116.999999
12 86.999997
