0 0.0
1 0.0
2 0.0
3 0.0
4 0.0
5 0.0
6 0.0
7 0.0
8 0.0
9 0.00360219812695549
10 0.0031716321310068527
11 0.0029945473917696113
12 0.0029134748062195855
13 0.0029788075250733936
14 0.00305484435845827
15 0.003113966253447223
16 0.0030890518049318874
17 0.0031323001429270744
18 0.0031556732357140163
19 0.0031539492699787335
20 0.0031521550705483426
21 0.0031057086036511065
22 0.0030877255287587255
23 0.003111620102966247
0 0.003195274137497156
1 0.003126760663426933
2 0.0030376923584336047
3 0.0029870120510422653
4 0.0029930468933824393
5 0.002966337495462127
6 0.0029314942582008927
7 0.0030615191154229463
8 0.003238060902178055
9 0.003283243372120489
10 0.0032019387086811217
11 0.0031534921406265394
12 0.003158827780095991
13 0.0031490290914755544
14 0.0031496347297610226
15 0.0031270760714585707
16 0.0030992098044815785
17 0.0030683752811506964
18 0.003081539601125148
19 0.0030978749611214446
20 0.00307932798045015
21 0.002938506272624251
22 0.00289915173442836
23 0.0027308569416890248
0 0.002781619941440311
1 0.002785409289819419
2 0.0027946021945352067
3 0.002796984074014745
4 0.002869210921666834
5 0.002992723643859218
6 0.002992262932436734
7 0.003127482682458468
8 0.00319358804645631
9 0.003056117096360991
10 0.0030299181890785683
11 0.0030369094074513435
12 0.0030364515555336346
13 0.0030009560693421465
14 0.0029338237871167363
15 0.002887650560100179
16 0.002846165179058723
17 0.002892300350711561
18 0.0028940885448230074
19 0.0029004407875851046
20 0.002891699531251088
21 0.0028731301011831493
22 0.0028764519816600227
23 0.002887556454888789
0 0.002903659521225664
1 0.0029146774891438453
2 0.002915825070491387
3 0.0029530516196312013
4 0.002922988426937215
5 0.003020086154916217
6 0.0030961135401793736
7 0.003485565060805554
8 0.004024486498171415
9 0.003934287341894882
10 0.0037602873545743683
11 0.003986926448608615
12 0.0036380528114016864
13 0.0
14 0.0
15 0.0
16 0.0
17 0.0028119591149591157
18 0.0029322809785093766
19 0.003059901606425705
20 0.0035450670194003514
21 0.0038917979002624655
22 0.0036085053843026575
23 0.0035295338762424975
0 0.003455696315579464
1 0.0034968880367178953
2 0.0033978083073017517
3 0.0033601856581003146
4 0.0033216328517611687
5 0.0033491345634424096
6 0.003409409877435805
7 0.003979451787255577
8 0.004609783451145324
9 0.004674188638509227
10 0.0047191972730481774
11 0.0056151557579972155
12 0.005295809124046402
13 0.005143276494614888
14 0.004985081808167175
15 0.004584581182219248
16 0.004297411314669657
17 0.004050013551220434
18 0.0038316138252317794
19 0.0038351851040829862
20 0.0035950010615239066
21 0.0033645843100041204
22 0.0032950304914369814
23 0.0031668861345767923
0 0.0031351492523919466
1 0.0031170932103895535
2 0.0031160595301454614
3 0.0030678846845374613
4 0.0030548364800065063
5 0.003003214927557752
6 0.00307783410484253
7 0.0030639523117664802
8 0.0034316623308587105
9 0.0035149587309564047
10 0.0037680035930896024
11 0.0036443581382223918
12 0.0034978126709535903
13 0.003371154532017767
14 0.0033236947414188
15 0.003312905533117288
16 0.0032954162517382065
17 0.0032400389727825873
18 0.003198502294439875
19 0.003161779864941323
20 0.0031504239496393956
21 0.003166600355131574
22 0.003147094230014506
23 0.003102333961561722
0 0.003085777894418488
1 0.0029443060462746823
2 0.0028800203884969296
3 0.0028311608266634695
4 0.0028240175073911736
5 0.0029178140731915833
6 0.0028769803164149154
7 0.003406858271868538
8 0.0037277352042250646
9 0.0036226360889342396
10 0.0034585981508951573
11 0.0037237700440653763
12 0.004331979791718731
