0 0.0
1 0.0
2 0.0
3 0.0
4 0.0
5 0.0
6 0.0
7 0.0
8 0.0
9 0.0
10 0.0
11 0.0
12 0.0
13 56.04102565372405
14 59.524298430525036
15 54.76483591794871
16 83.39194326862027
17 101.70549394358976
18 90.35922027863248
19 109.19023585054947
20 89.09255282197802
21 68.0407809052503
22 67.01831475091575
23 68.01123207716729
0 77.01025734358973
1 64.50476287155067
2 54.25006153333333
3 45.62344346495726
4 42.802930023199025
5 44.89255070280831
6 43.44175714627594
7 43.210500562148965
8 62.60683858315019
9 88.81172310036628
10 102.41196505592184
11 82.70525042759462
12 68.3487185096459
13 57.17362665396825
14 58.08864482881563
15 54.045910216117214
16 56.02515191013432
17 60.014653157753365
18 66.51111118266178
19 56.255921891575085
20 61.62613044395604
21 54.80488451355311
22 55.305631333137704
23 45.83476805141904
0 43.44865610950727
1 40.76051282778514
2 40.38277087483739
3 44.138928998687085
4 42.58855406886425
5 41.80189683568522
6 42.833230939975316
7 44.25118728771211
8 51.309787606915705
9 55.22784926569559
10 62.27545179192032
11 53.433377606800455
12 46.498490871064874
13 55.71946460858565
14 47.11615541327862
15 45.20590286109466
16 40.71849193369103
17 39.896215616511
18 38.98816140692262
19 49.040026691927075
20 74.71819306495728
21 114.87057444395604
22 81.43272311965812
23 63.216606760195354
0 47.10744817924298
1 39.54945158534797
2 39.775091592918194
3 36.386324795115996
4 33.69255139706961
5 47.348962401221
6 62.17924310549451
7 59.58925525250305
8 80.79487082612943
9 133.40122251721613
10 114.20634946422467
11 97.10744723589744
12 83.05836242246642
13 0.0
14 0.0
15 0.0
16 0.0
17 0.0
18 0.0
19 0.0
20 0.0
21 0.0
22 0.0
23 0.0
0 0.0
1 0.0
2 0.0
3 0.0
4 0.0
5 0.0
6 0.0
7 0.0
8 0.0
9 0.0
10 0.0
11 250.28571471428572
12 204.8000039333333
13 137.290325
14 104.63492131746031
15 78.61417306299212
16 66.76078423137255
17 80.40704346575342
18 84.20723285532749
19 94.1084520073278
20 95.05445746202686
21 91.49255229523807
22 70.7184378202686
23 53.838583989499384
0 43.90329787814407
1 41.44737593479853
2 39.21929236312576
3 40.108181480341884
4 42.55287073919414
5 44.77069566398047
6 43.87985382661782
7 60.936753310134314
8 82.96947405567768
9 128.9953582380952
10 171.51770453919417
11 168.77460018461537
12 134.3953592002442
13 89.6984132009768
14 84.354336806105
15 78.1809520063492
16 84.09597250891329
17 125.06251316849817
18 139.04468609719171
19 136.5291821555555
20 149.77167438559223
21 133.8788779863248
22 97.92087927423687
23 77.44713072454212
0 65.71794925665448
1 63.86104983003665
2 59.42759451159951
3 55.711355753846156
4 58.35213747301588
5 59.16312562417583
6 57.0695970004884
7 82.53162539706962
8 94.2588524910867
9 135.13650755238095
10 132.07643098363857
11 124.5455409990232
12 105.7767983030525
