0 0.0
1 0.0
2 0.0
3 0.0
4 0.0
5 0.0
6 0.0
7 0.0
8 0.0
9 0.004336327342047931
10 0.007606680283224424
11 0.015782336056644867
12 0.022688009803921563
13 0.028667809912854
14 0.03522949782135075
15 0.03626268954248367
16 0.0376450462962963
17 0.036875756535947726
18 0.035095864035062097
19 0.03354234307041683
20 0.03060600649025881
21 0.023045263616557742
22 0.019266546296296302
23 0.01297827941176471
0 0.010002264705882358
1 0.008154413943355122
2 0.0067112739651416144
3 0.006553215141612201
4 0.004528761437908498
5 0.00467721023965142
6 0.0032080800653594803
7 0.0024942881263616584
8 0.0021667004357298486
9 0.003670844226579521
10 0.007904603485838756
11 0.0150598322440087
12 0.021819340958605656
13 0.02778963180827885
14 0.02980415413943354
15 0.03180096132897604
16 0.03286596677559911
17 0.030709815904139418
18 0.031187824964421657
19 0.02998283782752251
20 0.03014581378205371
21 0.029403296123918905
22 0.02910014151702525
23 0.02517948904847113
0 0.024012939139231967
1 0.019428673035937788
2 0.013596892265795198
3 0.008528625599128536
4 0.006812843028322437
5 0.0050780187363834405
6 0.0033257958605664483
7 0.0025838636165577333
8 0.0026686709150326774
9 0.004585842265795205
10 0.010063044662309383
11 0.01636288398692813
12 0.019538852941176486
13 0.022394806100217896
14 0.024894572984749477
15 0.026768519063180805
16 0.027499291394335486
17 0.027558738034929448
18 0.02673732959979876
19 0.02615794669451309
20 0.026429863795576262
21 0.02705342227683638
22 0.02625651122442916
23 0.019722282135076246
0 0.020346880174291915
1 0.018040686819172116
2 0.015171273420479308
3 0.013275460784313745
4 0.011797700435729875
5 0.007518255446623105
6 0.005118767973856214
7 0.0036333943355119865
8 0.0029830860566448796
9 0.003953810457516337
10 0.007890733660130708
11 0.017032013616557706
12 0.022885330065359446
13 0.0
14 0.0
15 0.0
16 0.0
17 0.0
18 0.0
19 0.03560235185185186
20 0.03257250925925929
21 0.02576590949820789
22 0.02319909832451499
23 0.015789298993875767
0 0.012415428649237475
1 0.008753517973856213
2 0.005576814814814816
3 0.004036855664488019
4 0.0028817461873638373
5 0.002389356209150329
6 0.0020937777777777773
7 0.002126458061002179
8 0.0021347037037037038
9 0.0034705305010893266
10 0.008937117647058821
11 0.028590649237472756
12 0.03843129629629632
13 0.044780352396514164
14 0.04626359477124183
15 0.04668850871459697
16 0.0480133937908497
17 0.0499434133986928
18 0.04878375962424922
19 0.04671235324626272
20 0.04357591213542329
21 0.04194358117716311
22 0.04065837677482257
23 0.0399350431830739
0 0.028890300108932482
1 0.021834098583877994
2 0.02021606917211327
3 0.018859883986928068
4 0.018261078431372542
5 0.016156180827886703
6 0.01160910893246187
7 0.00813485239651416
8 0.005656319716775598
9 0.00686150653594771
10 0.015866326797385602
11 0.03312484586056645
12 0.03832040740740742
13 0.03693805827886709
14 0.03737189433551198
15 0.03895388126361655
16 0.03808914978213509
17 0.036981751089324603
18 0.03512296697112874
19 0.03161312665926663
20 0.028253265048963683
21 0.02605754573512162
22 0.024989399088379126
23 0.02028552287581697
0 0.017903897603485843
1 0.013704477668845314
2 0.01143458278867102
3 0.00935077450980392
4 0.008481951525054465
5 0.006919433551198257
6 0.00494458278867102
7 0.0033967935729847486
8 0.0027658349673202612
9 0.003555277233115469
10 0.009406802287581692
11 0.01867844172113288
12 0.02694940522875817
