0 0.0101809444444444
1 0.00575544444444445
2 0.00220527777777778
3 0.00275005555555556
4 0.00740005555555555
5 0.0040025555555555595
6 0.004229888888888891
7 0.00580772222222222
8 0.00760194444444444
9 0.0119284444444444
10 0.00703911111111111
11 0.00302672222222222
12 0.00360066666666667
13 0.00433527777777778
14 0.00461383333333333
15 0.00467172222222222
16 0.00455622222222222
17 0.00667822222222222
18 0.00652
19 0.006771055555555549
20 0.00577616666666667
21 0.0131817222222222
22 0.0100153333333333
23 0.0150237777777778
0 0.0136528333333333
1 0.0100724444444444
2 0.00736805555555556
3 0.00635088888888889
4 0.00899283333333333
5 0.0058621111111111105
6 0.00776688888888889
7 0.00563777777777778
8 0.00651338888888889
9 0.0107684444444444
10 0.00963233333333333
11 0.0036934444444444397
12 0.004749111111111109
13 0.00460405555555555
14 0.00602866666666667
15 0.00456538888888889
16 0.00603533333333333
17 0.00657394444444444
18 0.00439088888888889
19 0.00638333333333333
20 0.00311733333333333
21 0.00491444444444445
22 0.00338083333333333
23 0.00652344444444444
0 0.0040185
1 0.0071170555555555605
2 0.0115663888888889
3 0.0131226111111111
4 0.0100977222222222
5 0.009598388888888889
6 0.008440277777777769
7 0.00746755555555555
8 0.00846183333333333
9 0.0102617222222222
10 0.005602444444444439
11 0.00590544444444444
12 0.00127244444444444
13 0.000942666666666667
14 0.000491166666666667
15 0.0
16 0.000478333333333333
17 0.00037216666666666697
18 0.000486833333333334
19 0.000875222222222222
20 0.00171561111111111
21 0.00196938888888889
22 0.00591566666666667
23 0.0116120555555556
0 0.00390588888888889
1 0.00433611111111111
2 0.00429805555555555
3 0.0027031666666666697
4 0.00287666666666667
5 0.009981277777777789
6 0.0113600555555556
7 0.0112402777777778
8 0.012546611111111099
9 0.0137081111111111
10 0.0178632777777778
11 0.0106767777777778
12 0.00297361111111111
13 0.0
14 0.0
15 0.0
16 0.0
17 0.0015539444444444398
18 0.0023675555555555602
19 0.005088777777777781
20 0.00965216666666667
21 0.019227222222222198
22 0.0154679444444444
23 0.0200259444444444
0 0.00857827777777778
1 0.0154781666666667
2 0.0183587777777778
3 0.0178182777777778
4 0.0164249444444445
5 0.0146903333333333
6 0.0134337222222222
7 0.0103098888888889
8 0.0112615
9 0.0228547777777778
10 0.0379701666666667
11 0.032869
12 0.0126447222222222
13 0.0065775
14 0.0064080000000000005
15 0.00628716666666666
16 0.00628366666666667
17 0.00356283333333333
18 0.00458033333333333
19 0.0040999999999999995
20 0.003544
21 0.0035059999999999996
22 0.00438438888888889
23 0.00286794444444444
0 0.0110296666666667
1 0.0128120555555555
2 0.00925655555555556
3 0.003962388888888889
4 0.00276011111111111
5 0.00482061111111111
6 0.0148765555555556
7 0.0176939444444444
8 0.0210266111111111
9 0.0235310555555556
10 0.0406692777777778
11 0.019537500000000003
12 0.00802138888888889
13 0.00325716666666667
14 0.00332727777777778
15 0.00286877777777778
16 0.00417594444444444
17 0.00252683333333333
18 0.00257422222222222
19 0.0036003888888888904
20 0.00334866666666667
21 0.0027430555555555598
22 0.00210994444444444
23 0.00751811111111111
0 0.006340277777777781
1 0.00706494444444445
2 0.0052105
3 0.00461355555555556
4 0.00619605555555556
5 0.00958377777777778
6 0.0100034444444444
7 0.0116511111111111
8 0.0113295
9 0.014233333333333301
10 0.012425166666666699
11 0.011965388888888899
12 0.0107132222222222
