0 0.0
1 0.0
2 0.0
3 0.0
4 0.0
5 0.0
6 0.0
7 0.0
8 0.0
9 1.3896401742919375
10 1.0452655228758163
11 0.7356227015250539
12 0.58117605664488
13 0.5042151307189539
14 0.4523057189542483
15 0.41344428104575165
16 0.43487859477124174
17 0.48917891531301655
18 0.48145049432718856
19 0.5025319685452093
20 0.4929477247124038
21 0.5417966634801652
22 0.5531544645699823
23 0.6492722829412276
0 0.8725601525054452
1 0.6830513834422651
2 0.5319981917211327
3 0.45426156862745065
4 0.4835129847494552
5 0.4349280718954249
6 0.5390584204793026
7 0.8121479084967308
8 1.0567184095860567
9 1.0538976579520696
10 0.8605402723311543
11 0.6317538562091503
12 0.5072315686274511
13 0.4289917647058827
14 0.3934294662309373
15 0.3702600871459695
16 0.3893853159041398
17 0.3654914399062821
18 0.36017437964762183
19 0.35526988586786623
20 0.3460874667530902
21 0.35713351021299705
22 0.36208374252945985
23 0.3834582872144961
0 0.37332410600684973
1 0.40099529575739257
2 0.4311735265639255
3 0.4961108098904831
4 0.5236957401421053
5 0.48393860975424546
6 0.5575662458682362
7 0.6321782362918742
8 0.6492095060794427
9 0.7008576946973026
10 0.5698575063169985
11 0.4691181891533479
12 0.3638262418300654
13 0.3078777668845316
14 0.24892751633986943
15 0.23120077342047937
16 0.21392606753812657
17 0.2051456753812639
18 0.20406326308002348
19 0.2078321652776726
20 0.22875053372965243
21 0.25691220313540397
22 0.2699364524248967
23 0.36711738562091506
0 0.30604367102396524
1 0.2710269607843138
2 0.2560953703703706
3 0.24837955048667462
4 0.2466399451503761
5 0.2753274083012533
6 0.3552745908956059
7 0.8181906971677549
8 1.3169203812636168
9 1.1650798910675393
10 1.0166761655773424
11 0.7692611111111114
12 0.5064921350762529
13 0.0
14 0.0
15 0.0
16 0.0
17 0.20335654160654174
18 0.2141183927754916
19 0.2558914547077199
20 0.34634955908289233
21 0.508018372703412
22 0.4783335076252725
23 0.5259287037037036
0 0.5085507407407406
1 0.4862942810457517
2 0.46744923747276684
3 0.4663668911588734
4 0.42565057228763353
5 0.3875397404351351
6 0.4457505055713286
7 0.9650564488017406
8 1.7508074836601304
9 1.8100838671023978
10 1.6478942156862748
11 1.3299349455337703
12 0.8786116230936829
13 0.5918198910675385
14 0.43061626361655764
15 0.3442814270152505
16 0.2890434858387797
17 0.26226352941176434
18 0.2573322766884531
19 0.2698380002225325
20 0.26606924911170143
21 0.25643223103629453
22 0.2520146420101455
23 0.24800977493127002
0 0.27856569414316645
1 0.26221746648072697
2 0.25069016530727695
3 0.2358321093731611
4 0.2352354390207135
5 0.22002832651303322
6 0.28489935042189896
7 0.39846773420479303
8 0.9416889542483672
9 1.0308824291939034
10 1.1046624836601306
11 0.8762266230936818
12 0.6094067102396516
13 0.42186765795206976
14 0.34681290849673185
15 0.31449358387799536
16 0.31682586056644846
17 0.3088823529411764
18 0.3056290196078429
19 0.32608732258453893
20 0.3535730591351141
21 0.3539298759529363
22 0.3537205632243953
23 0.3746123392731009
0 0.38289364460342656
1 0.3879455309001467
2 0.3841593710669421
3 0.3699721163841729
4 0.36009586126886667
5 0.36815262128699244
6 0.39150016582654323
7 0.7874585185185203
8 1.128285413943358
9 1.261905043572987
10 0.9537780501089335
11 0.7143150653594773
12 0.5440153376906319
