0 35.3321284
1 35.3062213
2 35.2901568
3 35.2755516
4 35.2667296
5 35.2552583
6 35.2447995
7 35.2299686
8 35.2115917
9 35.1949831
10 35.208038
11 35.2217443
12 35.2530419
13 35.2918292
14 35.7593388
15 51.7794361
16 39.6215419
17 35.3202134
18 31.3971306
19 36.2017995
20 31.6010458
21 24.5792209
22 31.8172191
23 44.1328137
0 50.4899386
1 49.9773918
2 74.9931473
3 79.6389787
4 86.0938923
5 72.4810623
6 83.0914703
7 73.1380114
8 47.4864012
9 46.4769403
10 35.3436147
11 31.3077326
12 151.741442
13 43.4153459
14 24.3038931
15 30.5682323
16 31.9471339
17 27.3377577
18 25.4987653
19 27.9103595
20 28.6925044
21 23.6430151
22 31.762871
23 41.2929026
0 62.3055519
1 76.1005946
2 102.858754
3 130.855947
4 120.212214
5 98.0685638
6 86.8469898
7 65.5310949
8 73.7192048
9 59.7808905
10 36.9085798
11 42.4942474
12 46.1939702
13 48.3962998
14 41.0406442
15 42.4076108
16 28.9197998
17 30.6934349
18 25.1762398
19 24.2089579
20 32.6484145
21 35.419349
22 33.8359472
23 45.455082
0 44.9302506
1 53.3099439
2 51.4862745
3 78.4458313
4 40.8955195
5 83.0005876
6 76.4794253
7 71.0428536
8 80.6837784
9 79.4031338
10 86.0575983
11 95.9193586
12 75.5517512
13 62.2754119
14 62.7699663
15 52.6202493
16 44.8414927
17 40.6757517
18 28.9752767
19 33.4565588
20 25.2170254
21 35.9620269
22 32.0507998
23 60.0365786
0 36.243994
1 34.5075919
2 37.5503856
3 40.1464359
4 38.6964368
5 39.004516
6 50.7490673
7 54.5633852
8 56.4609612
9 64.0810817
10 65.4177367
11 79.2944657
12 66.786396
13 52.0614094
14 53.6170566
15 49.1697918
16 41.0782054
17 39.9390788
18 41.162144
19 33.8412015
20 33.555062
21 40.6817284
22 35.3045986
23 36.8661188
0 45.8674196
1 50.2212247
2 56.5324827
3 61.6229631
4 54.87925
5 55.4712037
6 77.0650125
7 75.3044752
8 61.8497746
9 82.3390791
10 94.5365506
11 100.971305
12 57.6417112
13 49.2745355
14 38.1897029
15 41.1080077
16 32.7445191
17 27.8768492
18 24.85004
19 28.1912053
20 28.5165488
21 32.2929776
22 30.125009
23 31.5260079
0 39.3383366
1 40.8922798
2 45.9529164
3 63.3568226
4 75.4108825
5 75.4944077
6 96.3578012
7 92.2100548
8 90.1230889
9 106.57654
10 122.603622
11 104.676079
12 0.0
