0 0.00431629562
1 0.00356035637
2 0.004258780469999999
3 0.00395044231
4 0.0047774209900000005
5 0.0055898604299999995
6 0.0046844573
7 0.00445253562
8 0.0045634431800000005
9 0.00519322967
10 0.0066161870900000004
11 0.0109349832
12 0.0161941032
13 0.0237793541
14 0.0316485233
15 0.0373880233
16 0.0399081573
17 0.036990158
18 0.028565296100000002
19 0.0173449974
20 0.013307139400000001
21 0.00910529708
22 0.0054051327699999995
23 0.004294597139999999
0 0.0048045063
1 0.00403661298
2 0.004795444479999999
3 0.00772575569
4 0.0075514388
5 0.00803186512
6 0.00953316783
7 0.008591385839999998
8 0.00778660869
9 0.00755469417
10 0.00883505058
11 0.017545862199999998
12 0.0300088233
13 0.0323214302
14 0.0359089508
15 0.040881355200000004
16 0.042205573999999996
17 0.0398603706
18 0.0339417572
19 0.0248900222
20 0.0185337581
21 0.005198735229999999
22 0.00414805412
23 0.00424627542
0 0.00479034185
1 0.0042579298
2 0.005228815069999999
3 0.004376191129999999
4 0.00577287483
5 0.0049503216700000005
6 0.00920824146
7 0.0052210259399999995
8 0.00716163873
9 0.00951267433
10 0.016054191500000002
11 0.026903011299999998
12 0.033845554300000004
13 0.039796710900000004
14 0.043607006
15 0.045423027
16 0.0430914306
17 0.0395598144
18 0.0318450679
19 0.025245014099999998
20 0.0214295291
21 0.0140845775
22 0.00725511884
23 0.00890984916
0 0.008069967269999999
1 0.0054706215800000004
2 0.0110711631
3 0.00790714979
4 0.00672190141
5 0.0150163278
6 0.018433218
7 0.00641711759
8 0.0046416125299999994
9 0.00623824167
10 0.00955735492
11 0.0137330026
12 0.0276150741
13 0.0377497253
14 0.043819046
15 0.0394139595
16 0.0390291061
17 0.035432941399999994
18 0.0273435916
19 0.0247588443
20 0.0157718963
21 0.010224698
22 0.004711382859999999
23 0.00831018352
0 0.00525552749
1 0.0077921471599999995
2 0.0156010494
3 0.019666366499999997
4 0.0187185306
5 0.013700322099999999
6 0.010650986599999999
7 0.00820044708
8 0.00706725883
9 0.0109872856
10 0.0109195966
11 0.0136093606
12 0.025806818
13 0.0301220588
14 0.0348752136
15 0.041869213100000004
16 0.0446342926
17 0.0396088409
18 0.0298974571
19 0.020224395699999998
20 0.014281408300000001
21 0.0217362556
22 0.02621142
23 0.0272408237
0 0.0278112888
1 0.020812322600000002
2 0.0251877479
3 0.027618402400000002
4 0.0224581527
5 0.0135767822
6 0.0109467983
7 0.00978404998
8 0.00853615284
9 0.00983082771
10 0.012818116099999999
11 0.0169738159
12 0.0216070118
13 0.0270086841
14 0.035599132500000005
15 0.039370742800000004
16 0.040943122799999995
17 0.0337461509
18 0.0270037117
19 0.0195538139
20 0.010291453300000001
21 0.00889445591
22 0.00985967636
23 0.0043463921499999995
0 0.00419875049
1 0.0037483267699999997
2 0.00445764827
3 0.00402329874
4 0.00405051422
5 0.00391395449
6 0.0040592679900000005
7 0.00415431451
8 0.00447024869
9 0.00605456781
10 0.00789380168
11 0.0
12 0.0
