0 2.45344447
1 2.95369244
2 3.43687524
3 3.6466817
4 4.80464334
5 2.96925839
6 1.69419754
7 2.38527788
8 2.12985001
9 0.437183063
10 0.0
11 0.0
12 0.0
13 0.58635764
14 0.385553096
15 0.506245008
16 0.488234958
17 0.592155611
18 0.857454912
19 0.857947398
20 0.819546787
21 0.678159275
22 1.09300837
23 1.49145829
0 1.17853367
1 1.28606047
2 1.31209483
3 1.29367691
4 1.04283602
5 0.91613921
6 0.928300247
7 1.11863535
8 1.41018758
9 0.6600562
10 0.524344525
11 0.808068791
12 0.756167366
13 0.670039149
14 0.643991667
15 0.740361025
16 0.727927113
17 0.740209333
18 0.778940676
19 0.880616973
20 0.925956302
21 0.96181661
22 1.09210197
23 1.60721555
0 2.18800608
1 2.51540472
2 2.24981331
3 2.10397589
4 1.63395205
5 1.5001046
6 1.53776094
7 1.86141066
8 1.85817312
9 0.904282782
10 0.813120402
11 0.794642951
12 0.815285646
13 0.825626861
14 0.845495324
15 0.833292098
16 0.831386478
17 0.853485567
18 0.857804619
19 0.887552113
20 1.01077175
21 1.06962297
22 1.24755921
23 1.09983895
0 1.37171843
1 1.04911097
2 1.13512199
3 0.774152501
4 1.01045316
5 0.990430334
6 0.988171274
7 1.20960011
8 1.65712016
9 1.88684673
10 1.68321388
11 1.22657146
12 1.13504891
13 1.12055909
14 1.12630802
15 1.17203548
16 1.19987345
17 1.16949646
18 1.31302931
19 1.21374896
20 1.35421823
21 1.58194501
22 1.42700278
23 1.05448331
0 0.945511449
1 0.915475695
2 0.871582842
3 0.875603064
4 0.906728861
5 0.91621047
6 0.943899799
7 1.07769072
8 1.13288222
9 1.24582295
10 7.41391573
11 8.77887701
12 1.18495828
13 1.22516889
14 1.18261816
15 1.21718943
16 1.2585468
17 1.36791089
18 1.46580343
19 1.55974197
20 1.65647929
21 1.39232434
22 1.26541706
23 1.30398014
0 1.31174567
1 1.32019159
2 1.32201216
3 1.30991841
4 1.32747848
5 1.39676996
6 1.44458855
7 1.42405594
8 1.72884518
9 1.95289642
10 1.92941584
11 10.7425269
12 1.59726196
13 1.57973272
14 1.57014047
15 1.51087846
16 1.49243
17 1.57539586
18 1.71141127
19 1.78162398
20 1.89902115
21 1.77051072
22 1.63034979
23 1.90094497
0 2.14488019
1 2.23375291
2 2.20498318
3 2.23565939
4 1.94484042
5 2.06968002
6 2.32809385
7 3.33427182
8 4.21807465
9 4.26851086
10 3.25016303
11 2.11806639
12 0.0
