0 0.0
1 0.0
2 0.0
3 0.0
4 0.0
5 0.0
6 0.0
7 0.0
8 0.0
9 0.0
10 0.0
11 0.0
12 0.0
13 35.24520533734847
14 35.288069542524816
15 40.70800196557142
16 40.37371672398873
17 38.75533275170232
18 35.8624538430351
19 35.996980315177474
20 34.263057597147274
21 29.080722290744806
22 30.448556675970696
23 37.29177323064714
0 43.892716342271065
1 46.9368471801221
2 60.96978769286936
3 70.30778484998778
4 78.20651285465203
5 75.34832492151403
6 79.22620949594628
7 76.18662036395602
8 61.83845038581196
9 54.16036905711843
10 44.752422451892556
11 38.02851158197802
12 94.89733961191698
13 69.15554152935289
14 46.72352815054946
15 38.639888681147745
16 35.2868999647619
17 31.30681682937729
18 28.39575898837607
19 28.147536942368745
20 28.41772593409036
21 26.027582491990234
22 28.894789536752132
23 35.095065258852244
0 48.689388446324784
1 62.398982396019534
2 82.6384597561172
3 106.75944852026863
4 113.49660843719171
5 105.79122235865691
6 96.32659670503051
7 80.93343929890109
8 77.33181981506718
9 68.56076759653236
10 52.735301989938954
11 47.614921379316236
12 46.90247856356531
13 47.646006484004886
14 44.33577734324787
15 43.360894518974355
16 36.12920034456654
17 33.40309111081805
18 29.282135449304025
19 26.740501236678885
20 29.689443119829058
21 32.55015407350334
22 33.19238647315556
23 39.32135899518163
0 42.12439714360744
1 47.719196684395605
2 49.60401100493284
3 64.02932142358974
4 52.46388269863247
5 67.73862185904764
6 72.1152877047375
7 71.58478907675214
8 76.14014886217335
9 77.77701175658117
10 81.92368129826617
11 88.92768164346764
12 82.24345531069596
13 72.26052829008547
14 67.51662503518926
15 60.06528386087911
16 52.4538700842491
17 46.55964302449328
18 37.761659599902316
19 35.6045199087668
20 30.4040001570696
21 33.17770936407814
22 32.60766034534798
23 46.3177381808547
0 41.27606660847375
1 37.88843880002442
2 37.71633288612943
3 38.92986133892552
4 38.812398757387065
5 38.908253320610505
6 44.831318892796105
7 49.69992919247864
8 52.56953992774353
9 58.5831942302334
10 61.54803291322453
11 70.65258152698415
12 68.72321799450548
13 60.39445702051281
14 57.007718552747264
15 53.08985692923077
16 47.08432197885225
17 43.57386427975202
18 42.3756116839509
19 38.08597491150183
20 35.817721642661766
21 38.24686795743591
22 36.772056460879114
23 36.81737528358134
0 40.40457663627689
1 44.07519586084534
2 49.40266988334951
3 55.4911785818675
4 55.21673285609149
5 55.337449091561254
6 66.31486184730157
7 70.81473119443224
8 66.33570768507936
9 74.34247976014653
10 84.4467474086447
11 92.71685345538467
12 75.18071997013428
13 62.22751214420023
14 50.2063678664469
15 45.65468290466422
16 39.19689834898656
17 33.533504500439555
18 29.185396795702072
19 28.682548511843713
20 28.595478664981684
21 30.438117497387058
22 30.27369859159951
23 30.891373966544567
0 35.07245152846395
1 36.80495853058784
2 41.415816175058914
3 52.67018758893772
4 64.04574461264957
5 69.77589026603175
6 83.07557683938948
7 87.65063252903542
8 88.89438288058608
9 97.74453147233214
10 110.18536838610498
11 107.43965532566544
12 0.0
