0 0.0218220285
1 0.0188989454
2 0.0160675087
3 0.0171530807
4 0.00618693326
5 0.015340772899999999
6 0.0148265641
7 0.0147761147
8 0.0239688605
9 0.027351204100000002
10 0.0131587719
11 0.0191861618
12 0.0233344269
13 0.0128524972
14 0.0131394301
15 0.0086275451
16 0.00785217302
17 0.00931309042
18 0.0166858122
19 0.018840318499999998
20 0.0176546759
21 0.0163159194
22 0.024290324600000003
23 0.0246586046
0 0.0224939488
1 0.021485456
2 0.0212498058
3 0.018690777000000002
4 0.017425988700000002
5 0.0151911677
6 0.0151480416
7 0.020259355700000002
8 0.0269641742
9 0.0164596856
10 0.0118210881
11 0.0190330612
12 0.014796078700000001
13 0.010536345499999999
14 0.00833776626
15 0.0101245184
16 0.009328617639999998
17 0.00855910457
18 0.009352616380000001
19 0.0118716973
20 0.0134655138
21 0.0148789574
22 0.017251050200000003
23 0.023489454599999997
0 0.0199151495
1 0.0167159739
2 0.0149344051
3 0.0149583607
4 0.017126794799999998
5 0.0162248417
6 0.0163474183
7 0.015090668000000002
8 0.024896882000000002
9 0.0188093778
10 0.013730631799999999
11 0.011104094200000001
12 0.0103982065
13 0.00841936253
14 0.00792378514
15 0.00727846314
16 0.00669300245
17 0.007207777970000001
18 0.0074680403
19 0.00910570114
20 0.0152990462
21 0.01672456
22 0.0206145788
23 0.0159321179
0 0.0204520589
1 0.016730155400000002
2 0.018070673800000003
3 0.00555816254
4 0.013172822800000001
5 0.0138461291
6 0.0140503876
7 0.0170289127
8 0.0184544676
9 0.0277922901
10 0.0293655618
11 0.0203527755
12 0.0149959207
13 0.0136979668
14 0.0123688594
15 0.0130787177
16 0.006058018900000001
17 0.0
18 0.0
19 0.0
20 0.0
21 0.0
22 0.0
23 0.0
0 0.0
1 0.0
2 0.0
3 0.0
4 0.0
5 0.0
6 0.0
7 0.0
8 0.0
9 0.0
10 0.0
11 0.00136881168
12 0.000533848025
13 0.000540836397
14 0.00053524861
15 0.000697472494
16 0.000388102222
17 0.0064347695299999995
18 0.0197821447
19 0.021402938
20 0.0264109901
21 0.0142908055
22 0.00734058987
23 0.008874505329999999
0 0.008941955679999999
1 0.009625237370000001
2 0.007292936789999999
3 0.00627571575
4 0.00600462918
5 0.00885999095
6 0.011923076999999999
7 0.009718064330000001
8 0.021462202
9 0.0255923413
10 0.027028331699999998
11 0.00575320979
12 0.000789892669
13 0.000274062639
14 0.0
15 0.0
16 0.0
17 0.0
18 0.00159536713
19 0.00584254525
20 0.011231251099999999
21 0.00840956174
22 0.00495681867
23 0.0104378714
0 0.0121766784
1 0.009217737180000001
2 0.0061754911000000004
3 0.00513600276
4 0.0066453986299999995
5 0.00548447444
6 0.00327500132
7 0.00693673514
8 0.014506803700000001
9 0.045433448499999994
10 0.0438740477
11 0.0207224131
12 0.0
