0 0.0
1 0.0
2 0.0
3 0.0
4 0.0
5 0.0
6 0.0
7 0.0
8 0.0
9 1.3702304495058824
10 0.0
11 0.0
12 0.0
13 0.0
14 0.0
15 0.49005471270484585
16 0.4856861390497926
17 0.5407359130322581
18 0.7016090553650794
19 0.7803937319685039
20 0.8000470301803921
21 0.7392831557960783
22 0.917532930101961
23 1.2064274008000002
0 1.1938340622862744
1 1.241307863905882
2 1.2775927977725492
3 1.2864892254784315
4 1.1651004447647058
5 1.0832320757603162
6 1.0221539197428895
7 1.0676315109977723
8 1.1856354980313908
9 0.9442676089490196
10 0.7327614585333332
11 0.7694629519843137
12 0.7622530635921568
13 0.7156635571568628
14 0.6792701442745098
15 0.7090738702745099
16 0.7107633670817416
17 0.7220154980484937
18 0.7371972612158757
19 0.779686552815526
20 0.8313356466813725
21 0.8824622399126786
22 0.9589036027330183
23 1.3081591886235295
0 1.750945534247059
1 2.1366559023921567
2 2.1961186701843136
3 2.152446023066667
4 1.8945872634901963
5 1.6984013983921569
6 1.6718041716267262
7 1.7500038655862238
8 1.7914998511692313
9 1.3483725569647058
10 1.077929434564706
11 0.9337188732941177
12 0.8728970314039214
13 0.8479394408313725
14 0.845359998854902
15 0.8373101296784314
16 0.8315543496763269
17 0.8289366564860897
18 0.835115707954477
19 0.8474562050695276
20 0.8904206367250093
21 0.943142099581295
22 1.067217480425769
23 1.0816984077295648
0 1.202529325483676
1 1.1460770397066733
2 1.1443141073027303
3 0.9822264268075508
4 0.9945214823791451
5 0.9923804936515844
6 0.9893717696631643
7 1.0858077476507062
8 1.378406838690196
9 1.634269403482353
10 1.6598163317215686
11 1.448929789338451
12 1.2997710103389406
13 1.2147679397401001
14 1.1970879116499766
15 1.1866738304988518
16 1.1891159449551802
17 1.1796587958608884
18 1.1955409191788964
19 1.1974740044400554
20 1.2376036811057312
21 1.3607210361460362
22 1.378294835042745
23 1.2819090248792755
0 1.1371132947843656
1 1.0375620410312303
2 0.9545648902167441
3 0.9178073217276342
4 0.9111118809964213
5 0.914089219508303
6 0.9213009463024382
7 0.9519030655544775
8 1.0039361025356215
9 1.0945791380136574
10 4.2984873170901965
11 6.55417877912549
12 3.8701140774431373
13 2.548247284545098
14 1.8659007974901964
15 1.541818640627451
16 1.4004291214509803
17 1.3844093938431374
18 1.4134434466274508
19 1.3865481623538147
20 1.4847967323835511
21 1.4618046030799807
22 1.4088502456091525
23 1.3872525362933081
0 1.3715704981401828
1 1.3579629517696692
2 1.3450220732175402
3 1.328997079687861
4 1.3184377526405604
5 1.3261396340156304
6 1.3516300284477616
7 1.3674081521715473
8 1.4811920502591756
9 1.6658191254739987
10 1.7611510331864741
11 6.31361602117647
12 3.955967977803921
13 2.768209099411765
14 2.169420964941177
15 1.8403199527058824
16 1.6659114171764704
17 1.6199134414117646
18 1.6652348957647056
19 1.6279540977043996
20 1.7052600157875422
21 1.7261866672138515
22 1.7078627902556294
23 1.7635686475418841
0 1.8872836181181438
1 1.997682404446722
2 2.0653580482666336
3 2.1223654587932055
4 2.075378685760767
5 2.0808777372476057
6 2.153524534552381
7 2.6724394005714758
8 3.4982977074117647
9 3.8873940051764713
10 3.5708278898431374
11 2.8442165654117644
12 0.0
