0 0.0
1 0.0
2 0.0
3 0.0
4 0.0
5 0.0
6 0.0
7 0.0
8 0.0
9 0.004816037903884107
10 0.00558380789255285
11 0.008363245175254901
12 0.012301059839019609
13 0.018075872643372546
14 0.024915068689333332
15 0.031216125382274515
16 0.03563144470215685
17 0.03637314826937255
18 0.03251225965333334
19 0.024941197181960785
20 0.01911850757764706
21 0.014083129667999999
22 0.009692673590509807
23 0.006928746294352942
0 0.0057977956089411775
1 0.0048525895003137245
2 0.004777409437960782
3 0.006232721305725488
4 0.006880794365411765
5 0.007447767555250457
6 0.008501790588470587
7 0.008555013290117647
8 0.008176658249647056
9 0.007874834645415657
10 0.0082685023001998
11 0.012973052856000002
12 0.021534972165254903
13 0.02697582778082353
14 0.031494106511921575
15 0.03625104452137255
16 0.039295797427960785
17 0.039641428477568644
18 0.03684082167529412
19 0.03207461973141782
20 0.02468429004784314
21 0.01488833088407843
22 0.009455916234039215
23 0.006779262337254902
0 0.005711438893333333
1 0.004914875639215686
2 0.00501554546807843
3 0.004655645100862745
4 0.0049604980504389445
5 0.004952285493870547
6 0.007148689197176471
7 0.006186768844117647
8 0.006678853388784313
9 0.008106067280039216
10 0.012101355618313728
11 0.019546353694784312
12 0.02675099846694118
13 0.033342180936862746
14 0.03854204202635294
15 0.042061361966235285
16 0.04264684685541177
17 0.041162246588627445
18 0.03736041067880299
19 0.031800196111468046
20 0.026133702376862744
21 0.020058723990588237
22 0.013585643205176473
23 0.011176151716235296
0 0.00955438995717647
1 0.007445664214039216
2 0.009217680510352941
3 0.008528419337803923
4 0.007596321888235295
5 0.011308151805490194
6 0.014892602744235294
7 0.010649972458156865
8 0.007639070229882353
9 0.006940161087372549
10 0.00824578975235294
11 0.011000819416980395
12 0.019348913763764707
13 0.028593894821098035
14 0.03625624654388237
15 0.03789980271196078
16 0.03853188086396078
17 0.0370396556412549
18 0.032226498594509795
19 0.029377938434863627
20 0.02211987160509804
21 0.01611831416078431
22 0.010338166817960785
23 0.009263187372941175
0 0.007193134728313726
1 0.007438443308392156
2 0.011496721761647058
3 0.015571558880235292
4 0.017150822454431374
5 0.015432387226431372
6 0.013053333195058824
7 0.010626674968039214
8 0.008850519313411763
9 0.009925167434039213
10 0.010413202697803926
11 0.0119994051667451
12 0.018917010186117647
13 0.024551733976784316
14 0.029760972272705882
15 0.035881109874627455
16 0.04033136208784313
17 0.04002622219058824
18 0.03499905113647059
19 0.02762469407529412
20 0.02093045234509804
21 0.021316911221176474
22 0.02374717778
23 0.025465317623529413
0 0.02660531692980392
1 0.023671963846666668
2 0.024417422801617943
3 0.02599214012459153
4 0.02470948599974295
5 0.01890344918039216
6 0.014895193109411764
7 0.012305392576627454
8 0.010382978324078432
9 0.010085370674117647
10 0.011427489207058824
11 0.014179780815294118
12 0.01789172740392157
13 0.022476542814509802
14 0.029086175567450988
15 0.03428647230690197
16 0.03767834063180392
17 0.03575913855647059
18 0.03140924002156863
19 0.025486585780392156
20 0.017866832170588234
21 0.01334512594580392
22 0.011551931631058823
23 0.00788048669317647
0 0.005967570802745099
1 0.004799129523372548
2 0.0045841809291764695
3 0.004273287844078432
4 0.004149663896588235
5 0.0040220435042352945
6 0.004070584318350677
7 0.004073722474611443
8 0.0041519411241322775
9 0.004894556344229672
10 0.006539883271294118
11 0.0
12 0.0
