0 31.3961805555556
1 27.2639861111111
2 35.4629583333333
3 44.1194166666667
4 48.3236388888889
5 45.8437638888889
6 43.5873611111111
7 50.6203194444445
8 60.785625
9 65.2149861111111
10 70.5986111111111
11 76.8740972222222
12 74.9736666666667
13 76.699
14 66.6527361111111
15 75.3123333333333
16 94.7007916666667
17 102.553763888889
18 102.822125
19 86.3031527777778
20 70.6333472222223
21 64.685125
22 68.8604583333333
23 75.3820972222222
0 69.4480416666667
1 63.795875
2 62.8506388888889
3 56.7193333333333
4 51.4305972222222
5 52.6133888888889
6 53.2102361111111
7 55.0184166666667
8 15.6467236111111
9 32.9628319444444
10 87.9400833333333
11 100.903597222222
12 51.1603611111111
13 26.7816666666667
14 51.8986944444444
15 99.1171805555556
16 147.8925
17 179.326388888889
18 162.233611111111
19 144.631388888889
20 114.895347222222
21 81.9479027777778
22 64.2705972222222
23 52.5810555555556
0 42.2185277777778
1 41.6156944444444
2 46.3998055555556
3 52.2428611111111
4 44.8624305555555
5 32.7890833333333
6 23.3748611111111
7 7.17074722222222
8 16.3948180555556
9 34.9345833333333
10 47.7568055555556
11 60.7947638888889
12 72.4092777777778
13 76.8963333333333
14 73.2984027777778
15 64.6235277777778
16 61.2555277777778
17 59.3060694444444
18 59.3808611111111
19 56.1995833333333
20 49.0129861111111
21 35.3261111111111
22 27.3291944444444
23 27.5619583333333
0 40.7896527777778
1 44.7294166666667
2 45.6879027777778
3 45.2974305555556
4 48.7244027777778
5 39.0003055555556
6 26.9810277777778
7 22.5743055555556
8 29.534125
9 38.7587222222222
10 49.0700833333333
11 81.349875
12 112.276388888889
13 113.022916666667
14 104.381027777778
15 91.2375833333333
16 81.6476666666667
17 67.1947777777778
18 47.2456527777778
19 51.9103055555556
20 59.3538611111111
21 47.6174444444445
22 41.6804305555556
23 38.027375
0 41.1061111111111
1 40.8065972222222
2 42.0590972222222
3 41.2606805555555
4 41.0521666666667
5 46.1742638888889
6 39.8853194444444
7 34.3966666666667
8 40.7443333333333
9 63.2184861111111
10 81.8506527777778
11 93.5507777777778
12 99.7159444444445
13 0.0
14 0.0
15 0.113243496875
16 23.6788055555556
17 26.9691805555556
18 20.8880416666667
19 15.0582222222222
20 17.5281527777778
21 24.54
22 52.0878055555556
23 57.4854722222222
0 63.1144027777778
1 68.3908055555555
2 68.8892638888889
3 48.3175833333334
4 72.4778611111111
5 85.3815694444445
6 94.7657361111111
7 99.5849583333333
8 104.32125
9 106.067222222222
10 125.801515151515
11 148.405694444445
12 167.026944444444
13 150.685555555556
14 99.8603472222222
15 23.3640013888889
16 16.6948402777778
17 51.431125
18 70.1830972222222
19 65.9260694444444
20 151.17625
21 180.059305555556
22 155.540833333333
23 116.605263888889
0 82.2215277777778
1 73.6932638888889
2 64.6378888888889
3 51.8752083333333
4 47.32875
5 41.9337361111111
6 36.2835277777778
7 39.7238333333333
8 76.9707638888889
9 93.7541527777778
10 97.0449444444445
11 113.295833333333
12 143.772361111111
