0 1.00165555555556
1 1.0695147979798
2 1.0760434469697
3 0.911424027777778
4 0.751796527777778
5 0.949289305555556
6 0.950281666666667
7 1.08467708333333
8 2.22566347222222
9 2.03710636363636
10 1.75272191919192
11 1.26509207070707
12 1.31240634309194
13 1.14604172979798
14 1.52886458333333
15 1.63076916666667
16 2.23293194444445
17 2.11358805555556
18 1.39839527777778
19 0.920563611111111
20 1.01589330808081
21 1.75256708333333
22 1.99160722222222
23 1.40646402777778
0 1.27265416666667
1 0.977110378787879
2 0.868182361111111
3 0.913648194444444
4 0.976726414141414
5 0.855649166666667
6 0.979305138888888
7 1.0634725
8 1.37067828282828
9 1.15864472222222
10 1.39265055555556
11 1.40317771464646
12 1.65573775252525
13 1.60467323232323
14 1.65979583333333
15 1.59615805555555
16 1.62666333333333
17 1.19524930555556
18 1.18103666666667
19 1.15270333333333
20 0.76019375
21 0.47056375
22 0.413908333333333
23 0.353442222222222
0 0.828309027777778
1 0.712211388888889
2 1.08197026515152
3 0.562062916666667
4 0.520614166666667
5 0.441060555555555
6 0.397144734848485
7 0.745698179292929
8 0.655134166666666
9 0.736217941919192
10 0.480375416666667
11 0.394935162878788
12 0.298770587222222
13 0.166541731919192
14 0.274644680555556
15 0.254674102777778
16 0.0410685972222223
17 0.00612938472222222
18 0.00278809343434343
19 0.0172729851010101
20 0.494190255050505
21 0.387618097222222
22 0.671911388888889
23 0.559831388888889
0 0.471653736111111
1 0.300157583333333
2 0.246553583333333
3 0.281408888888889
4 0.179690597222222
5 0.110456425
6 0.333968611111111
7 0.549702916666666
8 0.675592916666667
9 0.786325138888889
10 0.395317891414142
11 0.621466805555556
12 0.420581929166667
13 0.168556775
14 0.174043261388889
15 0.0130357747222222
16 0.118000583333333
17 0.00330013888888889
18 0.0106857222222222
19 0.000576638888888888
20 0.00135241666666667
21 0.0
22 0.0660412833333333
23 0.562462667424242
0 0.518543541666667
1 0.116333668055556
2 0.100569925
3 0.0805968522222222
4 0.148081513888889
5 0.0883746470833334
6 0.194192375
7 0.436178333333333
8 0.651198333333333
9 0.728002916666667
10 0.484954027777778
11 0.622993055555555
12 0.352046183333334
13 0.0
14 0.0
15 0.0
16 0.0
17 0.0
18 0.0
19 0.0
20 0.0
21 0.0
22 0.0
23 0.0
0 0.0
1 0.0
2 0.0
3 0.0
4 0.0
5 0.0
6 0.0
7 0.0
8 0.0
9 0.0
10 0.0
11 0.0
12 0.0
13 0.0
14 0.0
15 0.0
16 0.0
17 0.0
18 0.0
19 0.0
20 0.0
21 0.0
22 0.0
23 0.0
0 0.0
1 0.0
2 0.0
3 0.0
4 0.0
5 0.0
6 0.0
7 0.0
8 0.0
9 0.0
10 0.0
11 0.0
12 0.0
