0 0.00362393722222222
1 0.00180662811111111
2 0.00345262777777778
3 0.00191931555555556
4 0.00319493194444445
5 0.00218248166666667
6 0.00288744638888889
7 0.00329330138888889
8 0.00308437111111111
9 0.00378243611111111
10 0.00856507361111111
11 0.0246761944444444
12 0.045167597222222196
13 0.052287625
14 0.0523186111111111
15 0.0457900555555556
16 0.0400768055555556
17 0.0341905972222222
18 0.0272686388888889
19 0.024285430555555598
20 0.02231625
21 0.0173783388888889
22 0.0141126722222222
23 0.00859257527777778
0 0.000981734194444445
1 0.00252936875
2 0.00206383583333333
3 0.00186688777777778
4 0.00277976388888889
5 0.00204340888888889
6 0.000979184469444444
7 0.000831776722222222
8 0.00174118164722222
9 0.00545145
10 0.0150870777777778
11 0.0253938194444444
12 0.0372319166666667
13 0.0632486805555556
14 0.07941116333333331
15 0.07487619444444449
16 0.08796173611111109
17 0.07337151388888889
18 0.0564936805555555
19 0.0363861388888889
20 0.0275545555555556
21 0.0262846666666667
22 0.0257588888888889
23 0.029185125
0 0.009483200500000009
1 0.00923499755555556
2 0.005481015499999999
3 0.008186638888888889
4 0.00914291944444445
5 0.0106932
6 0.00990004722222222
7 0.00270015097222222
8 0.00570933625
9 0.0164717
10 0.030778
11 0.0451508888888889
12 0.048003875
13 0.041585666666666694
14 0.044505875
15 0.03987075
16 0.035728958333333304
17 0.033327486111111096
18 0.0305527083333333
19 0.018545081944444403
20 0.00772167916666667
21 0.006494025
22 0.00122857088888889
23 0.0008962169166666671
0 0.0020907770638888897
1 0.00366359888888889
2 0.00172848394444444
3 0.00192748108333333
4 0.00485819194444444
5 0.005349726388888891
6 0.00213628388888889
7 0.00117986577777778
8 0.0036044174999999997
9 0.0109211222222222
10 0.0221485555555556
11 0.0332771944444445
12 0.0430926944444444
13 0.0454939444444444
14 0.0520796111111111
15 0.0551409722222222
16 0.0501057222222222
17 0.052588527777777797
18 0.039476
19 0.02292575
20 0.0185683972222222
21 0.021319358333333302
22 0.0133127
23 0.00514240944444444
0 0.00485808055555556
1 0.00853497138888889
2 0.00986165833333334
3 0.0125087305555555
4 0.005577406111111111
5 0.006622805555555561
6 0.0031822416666666704
7 0.00224059
8 0.0052920444444444405
9 0.0127445027777778
10 0.0300708055555556
11 0.0415703611111111
12 0.06857774999999999
13 0.0
14 0.0
15 0.0
16 0.0
17 0.0
18 0.0
19 0.0458622222222222
20 0.0292249444444445
21 0.0193864166666667
22 0.0267777777777778
23 0.0126974027777778
0 0.020824025
1 0.0118831638888889
2 0.00813712888888888
3 0.003204352
4 0.00930750888888889
5 0.00554752055555556
6 0.003943535
7 0.000981473572222223
8 0.00307729435611111
9 0.00915550833333333
10 0.0242574757575758
11 0.034413186111111105
12 0.044586916666666705
13 0.049454583333333295
14 0.0611159166666667
15 0.0665858333333334
16 0.061717916666666706
17 0.0566671666666667
18 0.0488555555555555
19 0.0347063611111111
20 0.0244584611111111
21 0.0220801388888889
22 0.0177202222222222
23 0.0155817777777778
0 0.00726497222222222
1 0.011247175
2 0.0141190833333333
3 0.00726159444444444
4 0.00837504444444444
5 0.00490676388888889
6 0.00225944555555556
7 0.0024196888888888897
8 0.00252410472222222
9 0.0104695166666667
10 0.0242523055555556
11 0.0468651388888889
12 0.0758571944444444
