0 0.0031785541666666697
1 0.00436859861111111
2 0.00522459444444445
3 0.005110580555555561
4 0.0035718
5 0.00415230277777778
6 0.00523545138888889
7 0.00488984861111111
8 0.00370116666666667
9 0.0037260555555555597
10 0.00431943333333333
11 0.00720206944444445
12 0.00728387222222222
13 0.00578772083333334
14 0.005385201388888891
15 0.00524242916666667
16 0.00499718055555556
17 0.00365114027777778
18 0.0031556333333333303
19 0.00309640277777778
20 0.0028250458333333303
21 0.0035589916666666703
22 0.00357449444444444
23 0.00400383333333333
0 0.00424341944444445
1 0.00397126944444445
2 0.00432182916666667
3 0.0059614819444444404
4 0.00467045277777778
5 0.00389002916666667
6 0.0041984347222222195
7 0.00341579722222222
8 0.0027459472222222197
9 0.00382329027777778
10 0.00821256944444444
11 0.00677138611111111
12 0.00174193055555556
13 0.00172125777777778
14 0.00250873861111111
15 0.00442552777777778
16 0.008341138888888891
17 0.00494495972222222
18 0.00432935138888889
19 0.00394118055555556
20 0.00118485786111111
21 0.00306052638888889
22 0.00318904722222222
23 0.00292742361111111
0 0.00320263888888889
1 0.0034012111111111102
2 0.00342644583333333
3 0.0030842
4 0.00286586944444444
5 0.0027824833333333298
6 0.00264260555555556
7 0.00273246666666667
8 0.00268627083333333
9 0.00294884722222222
10 0.00332114027777778
11 0.0034219958333333296
12 0.00337361666666667
13 0.0032560097222222198
14 0.00329875416666667
15 0.00611395833333333
16 0.00276691666666667
17 0.00268619861111111
18 0.0026436625
19 0.00264170138888889
20 0.0032237777777777803
21 0.00321235416666667
22 0.00334484722222222
23 0.00320454444444444
0 0.00321838055555556
1 0.00297416805555556
2 0.0045124861111111095
3 0.0030164819444444403
4 0.00263209722222222
5 0.00257973888888889
6 0.0026210499999999998
7 0.0027233888888888898
8 0.00270133055555556
9 0.00300872777777778
10 0.00584453611111111
11 0.0113444083333333
12 0.00730716666666667
13 0.00385594722222222
14 0.00325401388888889
15 0.00288995833333333
16 0.00289417777777778
17 0.00264888333333333
18 0.00226030833333333
19 0.00228321111111111
20 0.00260322222222222
21 0.0028357861111111098
22 0.0030106472222222198
23 0.00323826111111111
0 0.00466522777777778
1 0.00369544444444445
2 0.0029443972222222203
3 0.0032101638888888903
4 0.00419583611111111
5 0.00284307777777778
6 0.0028546166666666697
7 0.00294096388888889
8 0.00302520277777778
9 0.003934788888888889
10 0.006322872222222219
11 0.0170135555555556
12 0.012961361111111099
13 0.0
14 0.0
15 0.0
16 0.0
17 0.00710353611111111
18 0.005990700000000001
19 0.00318948611111111
20 0.00251360277777778
21 0.00232964444444444
22 0.00207078611111111
23 0.0021547999999999997
0 0.0022218111111111096
1 0.00197915388888889
2 0.00207832777777778
3 0.0020135305555555602
4 0.00202958888888889
5 0.00210806388888889
6 0.00212130833333333
7 0.00261053888888889
8 0.0026324
9 0.00288074166666667
10 0.00301216060606061
11 0.00536137222222222
12 0.0133651638888889
13 0.00666326111111111
14 0.00275473888888889
15 0.00213383611111111
16 0.00201917777777778
17 0.00207582222222222
18 0.00220938611111111
19 0.0026091388888888896
20 0.00266820833333333
21 0.00269415833333333
22 0.00264987777777778
23 0.00249917777777778
0 0.00263790555555556
1 0.00251272777777778
2 0.00260318333333333
3 0.00385037777777778
4 0.00346376111111111
5 0.00270793333333333
6 0.00263443055555555
7 0.00270445833333333
8 0.00266202777777778
9 0.0029525611111111097
10 0.0036068055555555597
11 0.008193605555555549
12 0.007982494444444441
