0 0.0
1 0.0
2 0.0
3 0.0
4 0.0
5 0.0
6 0.0
7 0.0
8 0.0
9 1.8298299692513342
10 1.792602764755396
11 1.529540884482075
12 1.422072848718996
13 1.2844430783256302
14 1.4077883071366692
15 1.517442879717976
16 1.8658894825298544
17 1.9866380583914387
18 1.699473626796755
19 1.3076755700323284
20 1.1612030409487044
21 1.458074327540106
22 1.7257481133887882
23 1.5656662565854629
0 1.4172773140225803
1 1.1949654588037244
2 1.0305342767874832
3 0.9720776759754408
4 0.9743252472271735
5 0.913228544365221
6 0.9480446164975838
7 0.9850563950632327
8 1.1333677341423176
9 1.1444756634273934
10 1.2460239626475882
11 1.3120981200088648
12 1.494341809930328
13 1.523929133709708
14 1.5673284436729742
15 1.570701976170796
16 1.592217168012213
17 1.4788883624078943
18 1.3870938168991378
19 1.3057820746489224
20 0.9894791346801343
21 0.7277976982570806
22 0.5684100991285399
23 0.4584894629629628
0 0.6418338447712417
1 0.6760754836601309
2 0.8788286265597172
3 0.7192876531491397
4 0.6194811460190145
5 0.5302130013864134
6 0.4636459983164985
7 0.6054412181323032
8 0.6299481338482865
9 0.6831301095563476
10 0.5836124538455919
11 0.49424022384581817
12 0.39266353752346994
13 0.27906436251812244
14 0.27661432535195113
15 0.26468142175797216
16 0.15167095935393166
17 0.07746862584749464
18 0.03919191390909095
19 0.02749193543097645
20 0.26122427106001195
21 0.3248546672103385
22 0.4991619823796791
23 0.5300950332541097
0 0.501718669268667
1 0.4015146521806296
2 0.3245120893058029
3 0.3034784026341849
4 0.2409678339324617
5 0.1751686752069716
6 0.2539060102614378
7 0.4017846037145966
8 0.5390886409368193
9 0.6636601596296297
10 0.5297807202436129
11 0.5762905431283426
12 0.4989085720924939
13 0.33384659580114895
14 0.25363134947791655
15 0.1322812735864528
16 0.12404761015923933
17 0.06213853138680921
18 0.03565794608060998
19 0.016899860785403027
20 0.008304120074074063
21 0.0
22 0.0
23 0.0
0 0.43733180998901156
1 0.27186320135770686
2 0.1850307287114171
3 0.1325591510604065
4 0.14063972511254283
5 0.11440470555278281
6 0.15454981692671818
7 0.2951164587886709
8 0.4734175034956425
9 0.6019095615490198
10 0.5441854889825709
11 0.5846527942363832
12 0.46874941950925947
13 0.0
14 0.0
15 0.0
16 0.0
17 0.0
18 0.0
19 0.0
20 0.0
21 0.0
22 0.0
23 0.0
0 0.0
1 0.0
2 0.0
3 0.0
4 0.0
5 0.0
6 0.0
7 0.0
8 0.0
9 0.0
10 0.0
11 0.0
12 0.0
13 0.0
14 0.0
15 0.0
16 0.0
17 0.0
18 0.0
19 0.0
20 0.0
21 0.0
22 0.0
23 0.0
0 0.0
1 0.0
2 0.0
3 0.0
4 0.0
5 0.0
6 0.0
7 0.0
8 0.0
9 0.0
10 0.0
11 0.0
12 0.0
