0 0.0226583055555556
1 0.025711666666666702
2 0.0204446388888889
3 0.0202482222222222
4 0.0169497777777778
5 0.0178102583333333
6 0.0242430805555556
7 0.018673686111111098
8 0.0180585275
9 0.0168047892777778
10 0.019050901111111098
11 0.0191456138888889
12 0.016218125
13 0.0178895666666667
14 0.0157728083333333
15 0.0188846972222222
16 0.022022439444444403
17 0.0192654194444444
18 0.0145964583333333
19 0.014957572222222201
20 0.0141327416666667
21 0.024123655555555602
22 0.02789061
23 0.023006155555555602
0 0.0290860555555556
1 0.0263149241666667
2 0.0259869194444444
3 0.0251617222222222
4 0.0254311111111111
5 0.0241010833333333
6 0.0233663055555556
7 0.0195033055555555
8 0.0189462777777778
9 0.0203885
10 0.02613025
11 0.0261569166666667
12 0.0195021055555556
13 0.0113760430555555
14 0.0225808833333333
15 0.017952240388888898
16 0.0194385805555555
17 0.0170169111111111
18 0.0155260077777778
19 0.0204961666666667
20 0.0199202777777778
21 0.017691972222222203
22 0.017150305555555603
23 0.014074805555555599
0 0.0264948444444444
1 0.0244507777777778
2 0.023884250000000003
3 0.019677019444444402
4 0.0168984622777778
5 0.0154419166666667
6 0.0144701111111111
7 0.0192130416666667
8 0.016177666666666698
9 0.013135105555555601
10 0.011688674999999999
11 0.0104663555555556
12 0.0065430833333333304
13 0.00661912805555555
14 0.008617958333333339
15 0.008412458333333329
16 0.00649947833333333
17 0.0067320194444444505
18 0.008425447222222219
19 0.0120670416666667
20 0.0157483
21 0.015347152777777802
22 0.0188703611111111
23 0.0176702611111111
0 0.0148428052777778
1 0.0124889472222222
2 0.014816053030302999
3 0.013957386363636401
4 0.0125651972222222
5 0.0138294861111111
6 0.015994444444444398
7 0.016904025
8 0.0166121666666667
9 0.0157974444444444
10 0.0132578416666667
11 0.0225836388888889
12 0.0174573583333333
13 0.00806480277777778
14 0.006536581944444449
15 0.00606656055555555
16 0.00940643694444444
17 0.006900252222222221
18 0.00920870388888889
19 0.0141905375
20 0.0163465555555556
21 0.016576652777777798
22 0.0198257083333333
23 0.0259630333333333
0 0.0213754138888889
1 0.0188844805555556
2 0.0159448055555556
3 0.01374425
4 0.018964375000000002
5 0.0174982638888889
6 0.019581277777777798
7 0.021153305555555602
8 0.0202502777777778
9 0.0186152083333333
10 0.017409347222222198
11 0.019091
12 0.0138058861111111
13 0.0
14 0.0
15 0.0
16 0.0
17 0.0
18 0.0
19 0.0227688047979798
20 0.024732636276558702
21 0.0
22 0.0170709027777778
23 0.0260071329365079
0 0.020310681818181797
1 0.0249660799168152
2 0.0184873310220853
3 0.025607472222222198
4 0.022383046464646502
5 0.0242622638888889
6 0.0245919747474748
7 0.0269137656565657
8 0.0270575625701459
9 0.025712296212121198
10 0.021228590909090902
11 0.0200949361111111
12 0.0185232666666667
13 0.0157167972222222
14 0.015364693333333299
15 0.0105490772222222
16 0.0143223602777778
17 0.013520993333333299
18 0.011619933333333301
19 0.0153751444444444
20 0.0168646055555556
21 0.0151334888888889
22 0.0161255183055556
23 0.0160105833333333
0 0.0206746388888889
1 0.0152944361111111
2 0.0115867222222222
3 0.0192575833333333
4 0.01582775
5 0.0163423055555556
6 0.0180193583333333
7 0.01914205
8 0.0180426388888889
9 0.016274999999999998
10 0.0156450833333333
11 0.0209516194444444
12 0.015747052777777798
