0 0.0
1 0.0
2 0.0
3 0.0
4 0.0
5 0.0
6 0.0
7 0.0
8 0.0
9 0.0
10 0.0
11 0.0
12 0.0
13 74.85327510853345
14 70.80625988052877
15 72.77233217725905
16 83.87524962352461
17 93.22143105413113
18 98.02901059896895
19 91.73205227788307
20 83.70155108842744
21 76.60914473777812
22 73.73264955293077
23 74.34229949406392
0 72.51910076475764
1 69.12202711390555
2 66.59017891632546
3 61.70331730962865
4 56.19170735757405
5 54.39710468531097
6 54.68925783330799
7 55.58195311479913
8 35.01847229616063
9 33.98677882444714
10 60.96576070343234
11 80.93779514109335
12 66.04684519807346
13 46.40973649301314
14 49.15287823497488
15 74.14020617758784
16 111.02813109890111
17 145.19273166666673
18 153.72648315628805
19 149.18987777743865
20 132.05473076889155
21 107.00729785646449
22 85.63605749219911
23 69.10265633563968
0 55.65950025776695
1 48.63940858770857
2 47.518935656627356
3 49.87517502374169
4 47.35622280558945
5 40.05476084656082
6 31.69785630850629
7 19.41751780423279
8 17.89414100325602
9 26.408621836250163
10 37.08069735992405
11 48.93873351919686
12 60.67769194274864
13 68.79132040835707
14 71.0481459150726
15 67.83734852733689
16 64.54843975172976
17 61.93049232532897
18 60.66007305521638
19 58.43581462115044
20 53.72838304843303
21 44.52729488536154
22 35.92575045109209
23 31.73979666259663
0 36.260863960113966
1 40.49121272893773
2 43.08618650793653
3 44.18944881291551
4 46.45539574345411
5 42.72537131325469
6 34.84924352191021
7 28.707668888210588
8 29.118518572785252
9 33.93903951973951
10 41.50721599172432
11 61.43511300705466
12 86.86447948717955
13 99.95203672161193
14 102.17369868742388
15 96.71125030864206
16 89.18347842219512
17 78.19257064848735
18 62.72158602631938
19 57.31952772011943
20 58.34033540903544
21 52.979971577804946
22 47.32929878917384
23 42.67304721204722
0 41.88088926197261
1 41.33492562067561
2 41.68940190611856
3 41.46893904490567
4 41.35485945762755
5 43.19949846613676
6 41.99596585046677
7 38.74008559088794
8 40.0362868991755
9 50.31395793475398
10 66.59017454551622
11 80.0772555759056
12 89.9037562779813
13 0.0
14 0.0
15 0.0
16 0.0
17 24.521805171071026
18 22.613112008335506
19 18.74256785747549
20 18.125290129291947
21 21.346803078743967
22 36.75883372965278
23 47.13294956745129
0 55.125062147439124
1 61.761174140556456
2 65.32608935535127
3 56.82772210012213
4 64.65874997625833
5 75.02729187016692
6 84.90553446615114
7 92.2555671245421
8 98.29900601003932
9 102.1930685999185
10 114.00629232865884
11 131.21709475678662
12 149.13470733464055
13 149.92017964412153
14 124.89404500622844
15 74.1259763621564
16 45.403597206312234
17 48.413215749744104
18 59.29515494277327
19 62.60650243916574
20 106.89709722080389
21 143.4872358305894
22 149.51766575634232
23 133.057581986162
0 107.62920013024015
1 90.65183124135127
2 77.64055939865693
3 64.76136508784424
4 56.048797948039606
5 48.99010739723238
6 42.63267844593678
7 41.17505659340659
8 59.063849742233074
9 76.39846339031341
10 86.71456156220326
11 100.0047933658932
12 121.89609260276747
