0 0.0
1 0.0
2 0.0
3 0.0
4 0.0
5 0.0
6 0.0
7 0.0
8 0.0
9 0.0034076184031111233
10 0.0059997517973856196
11 0.015382594452069695
12 0.030357395180827865
13 0.04142075546949891
14 0.046966607142701504
15 0.046461658318082806
16 0.04334176612200438
17 0.038825805517429195
18 0.033083895860566453
19 0.028683897004357323
20 0.02545526693899783
21 0.02134835333333334
22 0.017655599172113283
23 0.013051150989106754
0 0.006939785589106753
1 0.004672496329411765
2 0.0033187448989106735
3 0.0025488584113289763
4 0.0026260043145969504
5 0.002304638111546842
6 0.0016161593537254908
7 0.0012087507859041397
8 0.0014764553292156853
9 0.003469682235686274
10 0.009303915775250554
11 0.017394998848409567
12 0.02738101099827887
13 0.04543485611351855
14 0.06257679791727669
15 0.06887168131364928
16 0.07858576862309367
17 0.07611181785185185
18 0.06638393862091502
19 0.05140659232244008
20 0.03946159872113291
21 0.03280065423529413
22 0.029174571023965163
23 0.029090257679738572
0 0.019132849608278876
1 0.014058165706753818
2 0.009669565769934645
3 0.008872809192156866
4 0.008971763071023969
5 0.009801910032244008
6 0.009819882859259261
7 0.006208085594117647
8 0.005951311188235293
9 0.011225695206753813
10 0.021051449533769064
11 0.03317364813289762
12 0.04066495951851853
13 0.0411858865566449
14 0.042913735342592595
15 0.04146512619880176
16 0.03865590427015249
17 0.0373425145053158
18 0.03484339311727643
19 0.02586451537037034
20 0.016714112570806086
21 0.011535261644880166
22 0.006297058807843133
23 0.003520217209150325
0 0.0027395399183442262
1 0.003143404918867103
2 0.002379426344618734
3 0.0021208701828758143
4 0.00348391638283224
5 0.004414577663093681
6 0.00327721060540305
7 0.002229094365827888
8 0.0029197238553376904
9 0.006934653476688443
10 0.014581643872222237
11 0.023990889184531627
12 0.03361676142723311
13 0.03963406708888887
14 0.045954767192592574
15 0.05065367579847493
16 0.05047087803921566
17 0.05161140370370371
18 0.04648882010293893
19 0.03423141666666667
20 0.026351820087145955
21 0.023788188061002153
22 0.018474430479302823
23 0.011710383564270146
0 0.008195511193899782
1 0.00827886176906318
2 0.009012192714596955
3 0.010740036106753788
4 0.008133248577342034
5 0.0073492102962962914
6 0.005245862337690631
7 0.0037375363267973857
8 0.004515641295206969
9 0.008638326019607854
10 0.01939419156644883
11 0.030539259928104582
12 0.04968203505010893
13 0.0
14 0.0
15 0.0
16 0.0
17 0.0
18 0.0
19 0.0
20 0.0
21 0.025979682539682573
22 0.02640533333333336
23 0.019330272401433715
0 0.020089003880070556
1 0.01595377742782153
2 0.012030126396514164
3 0.007533596315468411
4 0.008381498806971678
5 0.006937374590849677
6 0.005395681770370371
7 0.0031656052610893252
8 0.003086652297533769
9 0.00611573197120697
10 0.01521821238766332
11 0.024876893041761945
12 0.034801080163582514
13 0.042213924028414326
14 0.051777023056690845
15 0.05931006419454371
16 0.06062897204297885
17 0.058741229469201864
18 0.0540003687227304
19 0.044783991485132235
20 0.03432829671023963
21 0.028150542418300648
22 0.022850292723311537
23 0.019116027298474954
0 0.013083729281045755
1 0.012076393333333333
2 0.013029627603485824
3 0.010091797755991276
4 0.009201884989106745
5 0.007020651154684093
6 0.004609733106753814
7 0.0034889029803921575
8 0.0029972080326797377
9 0.00673183752941178
10 0.015511940605664519
11 0.03126619375599131
12 0.05369401204139432
