0 0.0
1 0.0
2 0.0
3 0.0
4 0.0
5 0.0
6 0.0
7 0.0
8 0.0
9 0.004164903729604739
10 0.004199844460621807
11 0.005681168888888892
12 0.006465528381414414
13 0.006135727422029814
14 0.005766896309935207
15 0.005509701767082926
16 0.005263583367446405
17 0.00445454607463705
18 0.0038015097930283225
19 0.003440905958605666
20 0.0031242330991285393
21 0.003343161093764182
22 0.0034464102311841873
23 0.0036819863304684355
0 0.003820785025828659
1 0.0038753798650630303
2 0.004050186572514945
3 0.005062406911764706
4 0.00479877103857842
5 0.004435737170197103
6 0.004370441700017674
7 0.003937233254581473
8 0.0032961063616557718
9 0.003559408164488018
10 0.005893617706971677
11 0.006334089956427014
12 0.004032268055555557
13 0.0028725104237472786
14 0.0026873113877995645
15 0.0035583994466230947
16 0.0059607401318082795
17 0.005455049278867102
18 0.004884586180827889
19 0.0044073339455337705
20 0.002795003603921569
21 0.002930391013289761
22 0.0030610530562091504
23 0.0029913008745098032
0 0.0030868943915032675
1 0.0032410257932461864
2 0.0033319654102396496
3 0.0032064023510893235
4 0.003133567636219325
5 0.0030525406962865114
6 0.002928064914797873
7 0.0028769382096802782
8 0.0028164191599570356
9 0.002831907005223122
10 0.0029311986406541013
11 0.0030609093563122285
12 0.003148875797351355
13 0.003188892515592578
14 0.0032306833256378247
15 0.004710280800653594
16 0.0037387568627450995
17 0.0032119627396514153
18 0.002926484232026144
19 0.0027825628213507636
20 0.0030028764978213525
21 0.003107529733115471
22 0.0032262788562091504
23 0.0030866674175904388
0 0.003131285053906004
1 0.0031090547108668792
2 0.0037015767806611705
3 0.0034155830698128515
4 0.003088159236491616
5 0.0028622245041711437
6 0.002755348835502601
7 0.0027392815172438546
8 0.0027204707426054255
9 0.0028441052287689634
10 0.004353898164488019
11 0.007865482516339855
12 0.007595491394335505
13 0.005728221677559907
14 0.004492358888888888
15 0.0036914852178649214
16 0.0032932096296296298
17 0.002970340904139432
18 0.0026082967211328956
19 0.0024279868627450963
20 0.0025252386492695253
21 0.0026367685584742988
22 0.0027249742725838745
23 0.002900441341054663
0 0.0038558403050108934
1 0.0037776944553376936
2 0.0033623871895424842
3 0.003311011062522832
4 0.0036800449903718452
5 0.0033526661387869015
6 0.003156955480862597
7 0.003070341222596786
8 0.0030647689504557513
9 0.0033488563125327574
10 0.004905204411764704
11 0.01098644545751636
12 0.0119910905882353
13 0.0
14 0.0
15 0.0
16 0.0
17 0.0
18 0.0
19 0.004586371283950616
20 0.0034634468518518527
21 0.0028782585125448016
22 0.002468113800705466
23 0.0023102233814523174
0 0.002265843888888888
1 0.0021124510806100217
2 0.0021164283029302695
3 0.0021063742877498516
4 0.0020827506350758166
5 0.0020761176360553535
6 0.0020846775202304204
7 0.002225222725643608
8 0.0023399256864339744
9 0.0025430487586121995
10 0.0027278771528819823
11 0.004113534579124579
12 0.008761575851653797
13 0.007721350240641712
14 0.005239286585462469
15 0.0036856266369578133
16 0.002851199810853636
17 0.0024619327431174482
18 0.002334085359477123
19 0.002466215588235294
20 0.00254623753812636
21 0.002502808778951537
22 0.002530601072479535
23 0.0025328469389988796
0 0.0025720119638028686
1 0.002572120414638308
2 0.002603978469731104
3 0.0030435944162001214
4 0.0032001231663373424
5 0.003027557898336754
6 0.0028894227277531837
7 0.002828209064905446
8 0.0027707614937059924
9 0.002842869775166293
10 0.0031011223942560115
11 0.005716645032679737
12 0.006858429999999997
