0 6.51701e-7
1 6.34867e-7
2 6.22331e-7
3 6.10223e-7
4 6.247759999999999e-7
5 5.89764e-7
6 5.79081e-7
7 5.76283e-7
8 6.014599999999999e-7
9 6.51288e-7
10 7.147590000000001e-7
11 7.64717e-7
12 8.15013e-7
13 8.435489999999999e-7
14 8.68474e-7
15 8.78468e-7
16 8.79136e-7
17 8.67833e-7
18 8.201709999999999e-7
19 8.001679999999999e-7
20 7.624399999999999e-7
21 7.36156e-7
22 7.005279999999999e-7
23 6.84e-7
0 6.62966e-7
1 6.41192e-7
2 6.22189e-7
3 5.9955e-7
4 5.975699999999999e-7
5 5.84747e-7
6 5.682079999999999e-7
7 5.58227e-7
8 5.737900000000001e-7
9 6.30486e-7
10 7.05143e-7
11 7.580319999999999e-7
12 7.961310000000001e-7
13 8.190699999999999e-7
14 8.66927e-7
15 8.99208e-7
16 8.96446e-7
17 8.837969999999999e-7
18 8.615079999999999e-7
19 8.26073e-7
20 7.74498e-7
21 7.38292e-7
22 7.16197e-7
23 6.942059999999999e-7
0 6.7366e-7
1 6.57089e-7
2 6.407099999999999e-7
3 6.25231e-7
4 6.13862e-7
5 5.83987e-7
6 6.13566e-7
7 6.08118e-7
8 6.14133e-7
9 6.705650000000001e-7
10 7.407069999999999e-7
11 8.074939999999999e-7
12 8.47492e-7
13 8.867159999999999e-7
14 8.60682e-7
15 7.92107e-7
16 8.38989e-7
17 8.43516e-7
18 8.35278e-7
19 8.118440000000001e-7
20 7.86598e-7
21 7.62863e-7
22 7.42743e-7
23 7.147590000000001e-7
0 6.981850000000001e-7
1 6.830799999999999e-7
2 6.63228e-7
3 6.58091e-7
4 6.46337e-7
5 6.34406e-7
6 6.19313e-7
7 6.12969e-7
8 6.32492e-7
9 6.88772e-7
10 7.55888e-7
11 8.09229e-7
12 8.59457e-7
13 8.54998e-7
14 7.813339999999999e-7
15 8.42821e-7
16 8.733340000000001e-7
17 8.73156e-7
18 8.592380000000001e-7
19 8.27555e-7
20 8.10171e-7
21 7.84551e-7
22 7.566209999999999e-7
23 7.28395e-7
0 7.04686e-7
1 6.87099e-7
2 6.74379e-7
3 6.51401e-7
4 6.37629e-7
5 6.27613e-7
6 6.12893e-7
7 6.03479e-7
8 6.41729e-7
9 6.984120000000001e-7
10 7.740320000000001e-7
11 8.19172e-7
12 8.72417e-7
13 7.998540000000001e-7
14 8.27872e-7
15 8.74694e-7
16 0.0
17 0.0
18 0.0
19 0.0
20 0.0
21 0.0
22 0.0
23 0.0
0 0.0
1 0.0
2 0.0
3 0.0
4 0.0
5 0.0
6 0.0
7 0.0
8 0.0
9 0.0
10 0.0
11 0.0
12 0.0
13 0.0
14 0.0
15 0.0
16 0.0
17 0.0
18 0.0
19 0.0
20 0.0
21 0.0
22 0.0
23 0.0
0 0.0
1 0.0
2 0.0
3 0.0
4 0.0
5 0.0
6 0.0
7 0.0
8 0.0
9 0.0
10 0.0
11 0.0
12 0.0
