0 0.0219620202
1 0.0387107602
2 0.041285761299999994
3 0.046319500400000005
4 0.0447876875
5 0.040766257
6 0.027201882099999998
7 0.0227259486
8 0.0281136103
9 0.0408498242
10 0.0506360748
11 0.0587183524
12 0.0646274291
13 0.0638553711
14 0.062046887099999996
15 0.060638879
16 0.0581447575
17 0.0335001058
18 0.0030616688399999997
19 0.0013258826800000001
20 0.00361925769
21 0.0140486615
22 0.0234740564
23 0.0294682306
0 0.0311414592
1 0.0336611727
2 0.0316649328
3 0.036342865
4 0.0362688615
5 0.0363581662
6 0.0345988656
7 0.0345286811
8 0.0320730808
9 0.041059016
10 0.052721949000000004
11 0.0577555131
12 0.0592084476
13 0.0632724311
14 0.0666658218
15 0.0687637129
16 0.0632571832
17 0.046409854199999996
18 0.0175656033
19 0.00461092293
20 0.0120842861
21 0.0308409987
22 0.030829100499999998
23 0.0354106373
0 0.038289848700000004
1 0.038231883099999996
2 0.039836213700000005
3 0.0415016297
4 0.0413126098
5 0.040516320700000004
6 0.040785136799999996
7 0.0362940236
8 0.038971795000000004
9 0.0470958135
10 0.060087028199999996
11 0.0633762121
12 0.0675943878
13 0.0750926332
14 0.0849271133
15 0.0875236786
16 0.081086495
17 0.062174498200000004
18 0.0289602164
19 0.00380663198
20 0.00283324098
21 0.0203283781
22 0.034379680999999995
23 0.039513873
0 0.037740884800000006
1 0.038093984399999996
2 0.038941386
3 0.0397641482
4 0.0387612058
5 0.0339419482
6 0.0236784985
7 0.0202842791
8 0.025705556900000003
9 0.0357127579
10 0.055743883699999996
11 0.0589112188
12 0.0643347138
13 0.072853127
14 0.080508204
15 0.0802575685
16 0.06913348720000001
17 0.0469933051
18 0.00720102888
19 0.00168848916
20 0.0018362743800000002
21 0.0013625492800000002
22 0.000926925094
23 0.000761699991
0 0.00345097559
1 0.0008560522219999999
2 0.00515956963
3 0.00383705666
4 0.00167114969
5 0.000332548973
6 0.000968463274
7 0.0014204346699999999
8 0.00649637036
9 0.0378949377
10 0.0539246075
11 0.054778567199999996
12 0.0584122516
13 0.0794003594
14 0.0730259195
15 0.0685022472
16 0.0
17 0.0
18 0.0
19 0.0
20 0.0
21 0.0
22 0.0
23 0.0
0 0.0
1 0.0
2 0.0
3 0.0
4 0.0
5 0.0
6 0.0
7 0.0
8 0.0
9 0.0
10 0.0
11 0.0
12 0.0
13 0.0
14 0.0
15 0.0
16 0.0
17 0.0
18 0.0
19 0.0
20 0.0
21 0.0
22 0.0
23 0.0
0 0.0
1 0.0
2 0.0
3 0.0
4 0.0
5 0.0
6 0.0
7 0.0
8 0.0
9 0.0
10 0.0
11 0.0
12 0.0
