0 0.0
1 0.0
2 0.0
3 0.0
4 0.0
5 0.0
6 0.0
7 0.0
8 0.0
9 0.034626331739999995
10 0.04264953721803921
11 0.05070825628352941
12 0.05770674414588235
13 0.06082633039568627
14 0.061504932287058826
15 0.06114624472274509
16 0.05984150851633783
17 0.04708616220077181
18 0.024731468543215684
19 0.012916141357254902
20 0.008148075658117647
21 0.011000708364156866
22 0.01716174938070588
23 0.02325387107192157
0 0.027144717492235296
1 0.030403260913568625
2 0.03109018168807843
3 0.03378518409368627
4 0.035091041627843135
5 0.0350856634483998
6 0.03452867621791937
7 0.03466279326507633
8 0.034362161011420624
9 0.03602134193278563
10 0.04313555589237695
11 0.05023841137988311
12 0.05459234181663778
13 0.05926241865230575
14 0.06308276789137254
15 0.06599036790901962
16 0.06427936937952186
17 0.05814561341010272
18 0.036492807321960787
19 0.020447660047215686
20 0.016173572756941174
21 0.023443694684549023
22 0.027066129511294116
23 0.03117298521819608
0 0.034682461401254895
1 0.036441137013176465
2 0.03818234322011766
3 0.03991432117921569
4 0.03925455163400765
5 0.03983329491024012
6 0.040011616606036936
7 0.03953996677141675
8 0.03951316939145316
9 0.041385374485159505
10 0.04944710333097881
11 0.05586983382884212
12 0.061826780845092105
13 0.06891512148705882
14 0.07700767028862746
15 0.0823661247482353
16 0.08143919926209435
17 0.07403385319275528
18 0.05042970473921569
19 0.027001365261333333
20 0.014790320479843138
21 0.01745196839756863
22 0.025816712086431375
23 0.03257115566949019
0 0.035071028842196074
1 0.036535289927372545
2 0.03775790888447059
3 0.038831533476
4 0.038850005517188785
5 0.03754848289174693
6 0.03144765112228595
7 0.025290458492591712
8 0.025466651481270485
9 0.030480694522921625
10 0.04317820488705882
11 0.05108225511921568
12 0.057758628592941175
13 0.0653821742254902
14 0.07305661990784314
15 0.07677468888901962
16 0.07303924084901961
17 0.06208869957537787
18 0.033524528218980394
19 0.017494307258823533
20 0.009542744859764706
21 0.005312469466509805
22 0.0029636555569098042
23 0.0017068035219764707
0 0.002450100317537255
1 0.0015626110680470589
2 0.0033570874877490195
3 0.0036012849513254908
4 0.0026358935467607845
5 0.0014822016514352942
6 0.0012254139101294118
7 0.0013242159266901958
8 0.003916264505639216
9 0.020978226368462746
10 0.03754703465554509
11 0.046262686242556854
12 0.05244872598384706
13 0.06607957761432941
14 0.0696940376870196
15 0.06922967540925491
16 0.0
17 0.0
18 0.0
19 0.0
20 0.0
21 0.0
22 0.0
23 0.0
0 0.0
1 0.0
2 0.0
3 0.0
4 0.0
5 0.0
6 0.0
7 0.0
8 0.0
9 0.0
10 0.0
11 0.0
12 0.0
13 0.0
14 0.0
15 0.0
16 0.0
17 0.0
18 0.0
19 0.0
20 0.0
21 0.0
22 0.0
23 0.0
0 0.0
1 0.0
2 0.0
3 0.0
4 0.0
5 0.0
6 0.0
7 0.0
8 0.0
9 0.0
10 0.0
11 0.0
12 0.0
