0 0.0
1 0.0
2 0.0
3 0.0
4 0.0
5 0.0
6 0.0
7 0.0
8 0.0
9 6.075771737394116e-7
10 6.333432357504964e-7
11 6.741883129569509e-7
12 7.248636969824481e-7
13 7.701098552102308e-7
14 8.099265875574991e-7
15 8.333593632093317e-7
16 8.447213931307007e-7
17 8.496838923721503e-7
18 8.473937906208263e-7
19 8.447474136913061e-7
20 8.293754324679724e-7
21 8.063082560628689e-7
22 7.738188634531209e-7
23 7.448212699339431e-7
0 7.170552889585034e-7
1 6.946155963855255e-7
2 6.712543875324835e-7
3 6.49501513659659e-7
4 6.350733373055805e-7
5 6.211103529349801e-7
6 6.052739739522536e-7
7 5.919526462106906e-7
8 5.858849612314867e-7
9 5.909800469753274e-7
10 6.182820368367502e-7
11 6.633743987144928e-7
12 7.112937111683394e-7
13 7.522407584487511e-7
14 8.015058398259099e-7
15 8.411168213730046e-7
16 8.546031618356963e-7
17 8.583529795391162e-7
18 8.606867678357073e-7
19 8.585755068889841e-7
20 8.458108872120434e-7
21 8.20357046622578e-7
22 7.903949850758665e-7
23 7.588388193072077e-7
0 7.301483699356329e-7
1 7.059157498471609e-7
2 6.852807596536561e-7
3 6.684634965964376e-7
4 6.534781156324359e-7
5 6.324561829222011e-7
6 6.26183216003061e-7
7 6.20010506331135e-7
8 6.161257061159142e-7
9 6.235802436887057e-7
10 6.541142849158236e-7
11 7.063754471121638e-7
12 7.589031153553625e-7
13 8.044887057063366e-7
14 8.26139067806119e-7
15 8.179466596047278e-7
16 8.254441654190383e-7
17 8.330666810474367e-7
18 8.386122190162678e-7
19 8.360727377139842e-7
20 8.260260006628157e-7
21 8.101505702456722e-7
22 7.938102415115489e-7
23 7.753176986078909e-7
0 7.532823474178807e-7
1 7.321575701588235e-7
2 7.116595936856641e-7
3 6.968987368442135e-7
4 6.823563793314122e-7
5 6.684874776822678e-7
6 6.551001986266378e-7
7 6.439177318589451e-7
8 6.390232894226658e-7
9 6.446063361402912e-7
10 6.705015199239057e-7
11 7.127682994435465e-7
12 7.649819744467345e-7
13 7.953372133692748e-7
14 7.946550440537998e-7
15 8.111247086567989e-7
16 8.289708880047319e-7
17 8.400801640199501e-7
18 8.479467535803649e-7
19 8.471426147822681e-7
20 8.396333444165458e-7
21 8.286643149589645e-7
22 8.165557319738374e-7
23 7.934606245469766e-7
0 7.663424689897849e-7
1 7.421471900360656e-7
2 7.23070295912247e-7
3 7.00608572264805e-7
4 6.820781735497774e-7
5 6.666173323220706e-7
6 6.514440927858703e-7
7 6.384012773547829e-7
8 6.361690244828326e-7
9 6.447749117806895e-7
10 6.785826299678839e-7
11 7.240182483290881e-7
12 7.800595186832763e-7
13 7.890988530969299e-7
14 8.04717535652105e-7
15 8.260931112792181e-7
16 0.0
17 0.0
18 0.0
19 0.0
20 0.0
21 0.0
22 0.0
23 0.0
0 0.0
1 0.0
2 0.0
3 0.0
4 0.0
5 0.0
6 0.0
7 0.0
8 0.0
9 0.0
10 0.0
11 0.0
12 0.0
13 0.0
14 0.0
15 0.0
16 0.0
17 0.0
18 0.0
19 0.0
20 0.0
21 0.0
22 0.0
23 0.0
0 0.0
1 0.0
2 0.0
3 0.0
4 0.0
5 0.0
6 0.0
7 0.0
8 0.0
9 0.0
10 0.0
11 0.0
12 0.0
