0 3.538
1 3.509
2 3.478
3 3.446
4 3.424
5 3.436
6 3.454
7 3.51
8 3.573
9 3.603
10 3.594
11 3.588
12 3.608
13 3.62
14 3.613
15 3.617
16 3.601
17 3.579
18 3.569
19 3.609
20 3.687
21 3.708
22 3.788
23 3.742
0 3.675
1 3.582
2 3.533
3 3.501
4 3.482
5 3.472
6 3.495
7 3.597
8 3.622
9 3.623
10 3.614
11 3.578
12 3.575
13 3.552
14 3.535
15 3.504
16 3.501
17 3.5
18 3.54
19 3.588
20 3.692
21 3.797
22 3.774
23 3.724
0 3.706
1 3.676
2 3.643
3 3.597
4 3.554
5 3.665
6 3.61
7 3.622
8 3.659
9 3.634
10 3.56
11 3.491
12 3.428
13 3.447
14 3.464
15 3.456
16 3.44
17 3.442
18 3.476
19 3.548
20 3.604
21 3.604
22 3.578
23 3.579
0 3.526
1 3.453
2 3.412
3 3.382
4 3.374
5 3.376
6 3.404
7 3.54
8 3.722
9 3.733
10 3.728
11 3.645
12 3.552
13 3.552
14 3.525
15 3.506
16 3.459
17 3.438
18 3.44
19 3.561
20 3.847
21 4.063
22 3.995
23 3.95
0 3.911
1 3.813
2 3.739
3 3.665
4 3.603
5 3.564
6 3.611
7 3.753
8 3.922
9 3.964
10 3.846
11 3.715
12 3.598
13 3.51
14 3.443
15 3.415
16 3.419
17 3.465
18 3.522
19 3.63
20 3.723
21 3.786
22 3.793
23 3.729
0 3.698
1 3.633
2 3.581
3 3.506
4 3.456
5 3.41
6 3.435
7 3.591
8 3.727
9 3.771
10 3.679
11 3.662
12 3.683
13 3.642
14 3.598
15 3.552
16 3.494
17 3.471
18 3.479
19 3.567
20 3.644
21 3.609
22 3.586
23 3.542
0 3.529
1 3.506
2 3.51
3 3.501
4 3.465
5 3.444
6 3.449
7 3.48
8 3.54
9 3.616
10 3.547
11 3.513
12 3.475
