0 0.0
1 0.0
2 0.0
3 0.0
4 0.0
5 0.0
6 0.0
7 0.0
8 0.0
9 0.0004000000000000001
10 0.0004000000000000001
11 0.0004000000000000001
12 0.0004000000000000001
13 0.0004000000000000001
14 0.0004000000000000001
15 0.0004000000000000001
16 0.0004000000000000001
17 0.0004000000000000001
18 0.0004000000000000001
19 0.0004000000000000001
20 0.0004000000000000001
21 0.0004000000000000001
22 0.0004000000000000001
23 0.0004000000000000001
0 0.0004000000000000001
1 0.0004000000000000001
2 0.0004000000000000001
3 0.0004000000000000001
4 0.0004000000000000001
5 0.0004000000000000001
6 0.0004000000000000001
7 0.0004000000000000001
8 0.0004000000000000001
9 0.0004000000000000001
10 0.0004000000000000001
11 0.0004000000000000001
12 0.0004000000000000001
13 0.0004240318805004168
14 0.0004432573849007501
15 0.00045863778842101697
16 0.00047094211123723044
17 0.0004807855694902012
18 0.0004886603360925777
19 0.0004709282688740621
20 0.00045674261509924974
21 0.0004413622115789829
22 0.00042905788876276954
23 0.0004192144305097988
0 0.00041133966390742224
1 0.0004290717311259378
2 0.00041922550440033336
3 0.00043941228402068346
4 0.00045556170771696364
5 0.0004684812466739877
6 0.000478816877839607
7 0.0004870853827721024
8 0.0004937001867180987
9 0.0004709282688740621
10 0.00045674261509924974
11 0.0004413622115789829
12 0.0004530897692631864
13 0.00046247181541054903
14 0.00046997745232843925
15 0.00047598196186275144
16 0.0004807855694902012
17 0.0004886603360925777
18 0.000494960149374479
19 0.0004759681194995831
20 0.00045674261509924974
21 0.0004413622115789829
22 0.0004530897692631864
23 0.00046247181541054903
0 0.00044594557182802243
1 0.0004327245769620012
2 0.00044617966156960097
3 0.0004609756097560975
4 0.0004728123683052948
5 0.00048228177514465266
6 0.0004617935396153053
7 0.00044540295119182747
8 0.0004363223609534619
9 0.00042905788876276954
10 0.0004192144305097988
11 0.00041133966390742224
12 0.0004290717311259378
13 0.0004432573849007501
14 0.00045863778842101697
15 0.00047094211123723044
16 0.0004807855694902012
17 0.0004886603360925777
18 0.000494960149374479
19 0.0004759681194995831
20 0.00045674261509924974
21 0.0004413622115789829
22 0.00042905788876276954
23 0.0004432463110102157
0 0.00045459704880817245
1 0.000463677639046538
2 0.00047094211123723044
3 0.0004807855694902012
4 0.0004886603360925777
5 0.000494960149374479
6 0.0004759681194995831
7 0.00045674261509924974
8 0.00046539409207939977
9 0.00044828339316310304
10 0.0004345948340300656
11 0.0004476758672240525
12 0.0004581406937792419
13 0.0004665125550233936
14 0.00047724192451913165
15 0.0005270737509912767
16 0.0005527359238699445
17 0.000571197462331483
18 0.0005457474101836241
19 0.0004978588421887391
20 0.0004638858049167328
21 0.0004412371134020619
22 0.0004261379857256147
23 0.00044940523394131646
0 0.00046491673275178433
1 0.000463677639046538
2 0.00047094211123723044
3 0.0004807855694902012
4 0.00046462845559216086
5 0.00047573464497414544
6 0.0004846195964797331
7 0.00046366379668336973
8 0.00047093103734669573
9 0.0004527129493769399
10 0.00043813847900113506
11 0.0004264789027004911
12 0.0004452150026608098
13 0.00045617200212864776
14 0.0004649376017029183
15 0.00047598196186275144
16 0.0004807855694902012
17 0.0004886603360925777
18 0.000494960149374479
19 0.0004759681194995831
20 0.00045674261509924974
21 0.0004413622115789829
22 0.00042905788876276954
23 0.0004192144305097988
0 0.00041133966390742224
1 0.00040503985062552097
2 0.0004240318805004168
3 0.0004432573849007501
4 0.00045863778842101697
5 0.00047094211123723044
6 0.0004807855694902012
7 0.0004886603360925777
8 0.000494960149374479
9 0.0004759681194995831
10 0.00045674261509924974
11 0.0004413622115789829
12 0.0004530897692631864
