0 0.0
1 0.0
2 0.0
3 0.0
4 0.0
5 0.0
6 0.0
7 0.0
8 0.0
9 3.496386061502363
10 3.5126861069350923
11 3.5304447602398867
12 3.552189431473292
13 3.5735782344962406
14 3.5904555710893473
15 3.6023715718561156
16 3.6056038004861297
17 3.6024821867129524
18 3.599074920855362
19 3.6016760843133344
20 3.612510909975519
21 3.6254363127393137
22 3.652841110253268
23 3.669837051776713
0 3.677145590532145
1 3.6719290202007646
2 3.6595318340267706
3 3.6373896333184144
4 3.6066649596260234
5 3.5752768848036527
6 3.5464420444961235
7 3.538352331741576
8 3.537209893217511
9 3.5450088264316495
10 3.5562044214420596
11 3.5650221179895345
12 3.5749907648433528
13 3.5822298509596484
14 3.5855024263063973
15 3.57232614653973
16 3.5569240104013518
17 3.5420608168388372
18 3.534505890671161
19 3.5367982369399456
20 3.5563017069006713
21 3.5985121671002185
22 3.632590229694501
23 3.6584738369151673
0 3.679647595190086
1 3.6934645394034553
2 3.699542092276752
3 3.6950505634396444
4 3.6720615564799086
5 3.6601938727555003
6 3.642865127246708
7 3.631884850847062
8 3.6281571074155403
9 3.62377701761867
10 3.612833753087517
11 3.59654035576095
12 3.573021126677222
13 3.5452196585616913
14 3.526634158224207
15 3.506873388223704
16 3.4832197290285714
17 3.4637536640812967
18 3.4554349942180727
19 3.46460664093615
20 3.489374981854974
21 3.5104151753868327
22 3.524980793346046
23 3.5398362266898005
0 3.5478369109893877
1 3.5447924644721245
2 3.531124649579026
3 3.5054384939604732
4 3.475510372270563
5 3.4494356095805343
6 3.4303049216657264
7 3.4329021182793817
8 3.475460160586446
9 3.522368048649578
10 3.566543956087764
11 3.594396968837276
12 3.6039825164863024
13 3.612550141730403
14 3.6185862218140747
15 3.608001252252001
16 3.5716557846709125
17 3.535195017646825
18 3.506323979905232
19 3.502443068656946
20 3.557901581064424
21 3.6720174155294534
22 3.747478078887454
23 3.802982643136432
0 3.8443885928679427
1 3.8600337351018505
2 3.8595345630530846
3 3.8492385178063886
4 3.8006464713729415
5 3.7408628587716977
6 3.7021945212373697
7 3.6933596395022534
8 3.7147690041831183
9 3.7521155148042697
10 3.769635434950293
11 3.767882183380452
12 3.75036369149652
13 3.7190551449013203
14 3.668804417240409
15 3.610732708499208
16 3.553832679303826
17 3.518703940923738
18 3.499934037723615
19 3.5022286977439796
20 3.5319611007151908
21 3.5809449080287665
22 3.629080764286621
23 3.662507778231983
0 3.6850427511517947
1 3.693548165020724
2 3.6921566476079266
3 3.665659195029714
4 3.622933225618611
5 3.569984243056323
6 3.5335503883323027
7 3.528132012419228
8 3.5466013686494606
9 3.5794976194520496
10 3.5966087318888293
11 3.614943859257625
12 3.6390298530751437
13 3.656766987583077
14 3.666921092489413
15 3.6560470897280473
16 3.621699228870708
17 3.5873868921237064
18 3.5621774498383085
19 3.5534440564364633
20 3.555047642507668
21 3.554315427157506
22 3.554621981887339
23 3.553024682878455
0 3.5553773369367865
1 3.5565938666464483
2 3.5582852708372115
3 3.54905687554138
4 3.5270851195356583
5 3.5067010930610305
6 3.4911306420708237
7 3.484199654434481
8 3.4867659918742486
9 3.503865173214281
10 3.509608108344859
11 3.510966583868012
12 3.5102533969249534
