0 0.0
1 0.0
2 0.0
3 0.0
4 0.0
5 0.0
6 0.0
7 0.0
8 0.0
9 0.0
10 0.0
11 0.0
12 0.0
13 33.26642246642247
14 41.63663003663004
15 39.82100122100122
16 47.415628815628814
17 45.21147741147741
18 49.61074481074481
19 56.31159951159951
20 53.66007326007326
21 51.33357753357753
22 48.67008547008547
23 46.83687423687424
0 43.79014931824716
1 33.20781440781441
2 24.5997557997558
3 19.797069597069598
4 15.893284493284494
5 13.942857142857143
6 13.466422466422467
7 13.727228327228326
8 20.86080586080586
9 24.927960927960928
10 30.962881562881563
11 36.98119658119658
12 37.49059829059829
13 36.246642246642246
14 32.12478632478633
15 35.06520146520147
16 28.533821733821735
17 29.269108669108668
18 22.634920634920636
19 23.81880341880342
20 31.41074481074481
21 40.70793650793651
22 45.355555555555554
23 47.67863247863248
0 48.84078144078144
1 49.422222222222224
2 49.713797313797315
3 49.85836385836386
4 49.93260073260073
5 49.96874236874237
6 49.988522588522585
7 49.83424779553964
8 50.0
9 50.0
10 50.0
11 50.0
12 50.0
13 50.0
14 50.0
15 50.0
16 50.0
17 50.0
18 50.0
19 50.0
20 50.0
21 50.0
22 50.0
23 50.0
0 50.0
1 50.0
2 50.0
3 50.0
4 50.0
5 50.0
6 50.0
7 50.0
8 50.0
9 50.0
10 50.0
11 50.0
12 50.0
13 50.0
14 50.0
15 50.0
16 50.0
17 50.0
18 50.0
19 50.0
20 50.0
21 50.0
22 50.0
23 50.0
0 50.0
1 50.0
2 50.0
3 50.0
4 50.0
5 50.0
6 50.0
7 50.0
8 50.0
9 50.0
10 50.0
11 50.0
12 50.0
13 50.0
14 50.0
15 50.0
16 50.0
17 50.0
18 50.0
19 50.0
20 50.0
21 50.0
22 50.0
23 50.0
0 50.0
1 50.0
2 50.0
3 50.0
4 50.0
5 50.0
6 50.0
7 50.0
8 50.0
9 50.0
10 50.0
11 50.0
12 50.0
13 50.0
14 50.0
15 50.0
16 50.0
17 50.0
18 50.0
19 50.0
20 50.0
21 50.0
22 50.0
23 50.0
0 50.0
1 50.0
2 50.0
3 50.0
4 50.0
5 50.0
6 50.0
7 50.0
8 50.0
9 50.0
10 50.0
11 50.0
12 50.0
