0 29.0
1 27.0
2 22.0
3 16.0
4 13.0
5 13.0
6 13.0
7 12.0
8 16.0
9 20.0
10 19.0
11 30.0
12 31.0
13 39.0
14 50.0
15 38.0
16 55.0
17 43.0
18 54.0
19 63.0
20 51.0
21 49.0
22 46.0
23 45.0
0 38.0
1 24.0
2 16.0
3 15.0
4 12.0
5 12.0
6 13.0
7 14.0
8 28.0
9 29.0
10 37.0
11 43.0
12 38.0
13 35.0
14 28.0
15 38.0
16 22.0
17 30.0
18 16.0
19 25.0
20 39.0
21 50.0
22 50.0
23 50.0
0 50.0
1 50.0
2 50.0
3 50.0
4 50.0
5 50.0
6 50.0
7 50.0
8 50.0
9 50.0
10 50.0
11 50.0
12 50.0
13 50.0
14 50.0
15 50.0
16 50.0
17 50.0
18 50.0
19 50.0
20 50.0
21 50.0
22 50.0
23 50.0
0 50.0
1 50.0
2 50.0
3 50.0
4 50.0
5 50.0
6 50.0
7 50.0
8 50.0
9 50.0
10 50.0
11 50.0
12 50.0
13 50.0
14 50.0
15 50.0
16 50.0
17 50.0
18 50.0
19 50.0
20 50.0
21 50.0
22 50.0
23 50.0
0 50.0
1 50.0
2 50.0
3 50.0
4 50.0
5 50.0
6 50.0
7 50.0
8 50.0
9 50.0
10 50.0
11 50.0
12 50.0
13 50.0
14 50.0
15 50.0
16 50.0
17 50.0
18 50.0
19 50.0
20 50.0
21 50.0
22 50.0
23 50.0
0 50.0
1 50.0
2 50.0
3 50.0
4 50.0
5 50.0
6 50.0
7 50.0
8 50.0
9 50.0
10 50.0
11 50.0
12 50.0
13 50.0
14 50.0
15 50.0
16 50.0
17 50.0
18 50.0
19 50.0
20 50.0
21 50.0
22 50.0
23 50.0
0 50.0
1 50.0
2 50.0
3 50.0
4 50.0
5 50.0
6 50.0
7 50.0
8 50.0
9 50.0
10 50.0
11 50.0
12 50.0
