0 0.0004
1 0.0004
2 0.0004
3 0.0004
4 0.0004
5 0.0004
6 0.0004
7 0.0004
8 0.0004
9 0.0004
10 0.0004
11 0.0004
12 0.0004
13 0.0004
14 0.0004
15 0.0004
16 0.0004
17 0.0004
18 0.0004
19 0.0004
20 0.0004
21 0.0004
22 0.0004
23 0.0004
0 0.0004
1 0.0004
2 0.0004
3 0.0004
4 0.0004
5 0.0004
6 0.0004
7 0.0004
8 0.0004
9 0.0004
10 0.0004
11 0.0004
12 0.0004
13 0.0005
14 0.0005
15 0.0005
16 0.0005
17 0.0005
18 0.0005
19 0.0004
20 0.0004
21 0.0004
22 0.0004
23 0.0004
0 0.0004
1 0.0005
2 0.0004
3 0.0005
4 0.0005
5 0.0005
6 0.0005
7 0.0005
8 0.0005
9 0.0004
10 0.0004
11 0.0004
12 0.0005
13 0.0005
14 0.0005
15 0.0005
16 0.0005
17 0.0005
18 0.0005
19 0.0004
20 0.0004
21 0.0004
22 0.0005
23 0.0005
0 0.0004
1 0.0004
2 0.0005
3 0.0005
4 0.0005
5 0.0005
6 0.0004
7 0.0004
8 0.0004
9 0.0004
10 0.0004
11 0.0004
12 0.0005
13 0.0005
14 0.0005
15 0.0005
16 0.0005
17 0.0005
18 0.0005
19 0.0004
20 0.0004
21 0.0004
22 0.0004
23 0.0005
0 0.0005
1 0.0005
2 0.0005
3 0.0005
4 0.0005
5 0.0005
6 0.0004
7 0.0004
8 0.0005
9 0.0004
10 0.0004
11 0.0005
12 0.0005
13 0.0005
14 0.0005
15 0.0006
16 0.0006
17 0.0006
18 0.0005
19 0.0004
20 0.0004
21 0.0004
22 0.0004
23 0.0005
0 0.0005
1 0.0005
2 0.0005
3 0.0005
4 0.0004
5 0.0005
6 0.0005
7 0.0004
8 0.0005
9 0.0004
10 0.0004
11 0.0004
12 0.0005
13 0.0005
14 0.0005
15 0.0005
16 0.0005
17 0.0005
18 0.0005
19 0.0004
20 0.0004
21 0.0004
22 0.0004
23 0.0004
0 0.0004
1 0.0004
2 0.0005
3 0.0005
4 0.0005
5 0.0005
6 0.0005
7 0.0005
8 0.0005
9 0.0004
10 0.0004
11 0.0004
12 0.0005
