0 57.0
1 60.0
2 29.0
3 29.0
4 32.0
5 33.0
6 35.0
7 46.0
8 54.0
9 58.0
10 52.0
11 37.0
12 35.0
13 34.0
14 41.0
15 49.0
16 35.0
17 28.0
18 30.0
19 33.0
20 33.0
21 26.0
22 29.0
23 42.0
0 41.0
1 54.0
2 46.0
3 47.0
4 36.0
5 40.0
6 57.0
7 47.0
8 44.0
9 44.0
10 49.0
11 65.0
12 45.0
13 46.0
14 40.0
15 36.0
16 36.0
17 31.0
18 39.0
19 26.0
20 30.0
21 45.0
22 35.0
23 58.0
0 46.0
1 39.0
2 32.0
3 48.0
4 45.0
5 40.0
6 32.0
7 38.0
8 50.0
9 60.0
10 78.0
11 91.0
12 45.0
13 33.0
14 24.0
15 24.0
16 24.0
17 23.0
18 22.0
19 24.0
20 25.0
21 42.0
22 46.0
23 28.0
0 47.0
1 36.0
2 32.0
3 33.0
4 32.0
5 32.0
6 11.0
7 16.0
8 39.0
9 46.0
10 63.0
11 74.0
12 37.0
13 23.0
14 32.0
15 49.0
16 49.0
17 37.0
18 33.0
19 27.0
20 29.0
21 47.0
22 55.0
23 82.0
0 61.0
1 47.0
2 39.0
3 34.0
4 21.0
5 23.0
6 28.0
7 43.0
8 67.0
9 67.0
10 95.0
11 103.0
12 52.0
13 59.0
14 39.0
15 45.0
16 75.0
17 44.0
18 44.0
19 36.0
20 37.0
21 46.0
22 91.0
23 86.0
0 78.0
1 58.0
2 44.0
3 44.0
4 36.0
5 33.0
6 35.0
7 51.0
8 58.0
9 71.0
10 60.0
11 77.0
12 98.0
13 65.0
14 75.0
15 68.0
16 39.0
17 33.0
18 35.0
19 31.0
20 59.0
21 53.0
22 59.0
23 60.0
0 49.0
1 64.0
2 51.0
3 41.0
4 42.0
5 38.0
6 52.0
7 65.0
8 77.0
9 88.0
10 106.0
11 89.0
12 55.0
