0 0.01
1 0.018
2 0.014
3 0.011
4 0.008
5 0.007
6 0.007
7 0.007
8 0.01
9 0.02
10 0.037
11 0.0
12 0.054
13 0.058
14 0.049
15 0.043
16 0.046
17 0.043
18 0.04
19 0.037
20 0.025
21 0.019
22 0.013
23 0.008
0 0.007
1 0.008
2 0.007
3 0.007
4 0.007
5 0.007
6 0.007
7 0.007
8 0.014
9 0.029
10 0.04
11 0.056
12 0.069
13 0.077
14 0.075
15 0.071
16 0.055
17 0.048
18 0.037
19 0.033
20 0.024
21 0.02
22 0.013
23 0.014
0 0.015
1 0.014
2 0.008
3 0.01
4 0.007
5 0.008
6 0.007
7 0.008
8 0.013
9 0.03
10 0.049
11 0.058
12 0.05
13 0.039
14 0.041
15 0.052
16 0.051
17 0.048
18 0.042
19 0.031
20 0.018
21 0.016
22 0.014
23 0.011
0 0.016
1 0.015
2 0.014
3 0.008
4 0.008
5 0.008
6 0.007
7 0.007
8 0.016
9 0.022
10 0.035
11 0.046
12 0.042
13 0.05
14 0.063
15 0.056
16 0.053
17 0.049
18 0.037
19 0.024
20 0.014
21 0.008
22 0.007
23 0.007
0 0.01
1 0.018
2 0.019
3 0.016
4 0.016
5 0.011
6 0.007
7 0.008
8 0.015
9 0.025
10 0.039
11 0.062
12 0.073
13 0.067
14 0.072
15 0.077
16 0.081
17 0.065
18 0.047
19 0.035
20 0.023
21 0.009
22 0.008
23 0.007
0 0.009
1 0.015
2 0.015
3 0.014
4 0.016
5 0.01
6 0.007
7 0.008
8 0.013
9 0.026
10 0.053
11 0.069
12 0.074
13 0.07
14 0.071
15 0.07
16 0.071
17 0.06
18 0.04
19 0.035
20 0.022
21 0.011
22 0.008
23 0.016
0 0.023
1 0.015
2 0.016
3 0.008
4 0.012
5 0.009
6 0.008
7 0.008
8 0.012
9 0.026
10 0.054
11 0.067
12 0.07
