0 0.002
1 0.002
2 0.002
3 0.002
4 0.002
5 0.003
6 0.005
7 0.005
8 0.005
9 0.006
10 0.003
11 0.002
12 0.002
13 0.003
14 0.002
15 0.002
16 0.002
17 0.002
18 0.002
19 0.002
20 0.002
21 0.002
22 0.005
23 0.004
0 0.009
1 0.003
2 0.003
3 0.002
4 0.003
5 0.011
6 0.006
7 0.004
8 0.003
9 0.003
10 0.005
11 0.005
12 0.003
13 0.003
14 0.003
15 0.003
16 0.002
17 0.003
18 0.003
19 0.002
20 0.003
21 0.003
22 0.003
23 0.002
0 0.002
1 0.002
2 0.003
3 0.002
4 0.002
5 0.002
6 0.003
7 0.005
8 0.003
9 0.005
10 0.013
11 0.005
12 0.004
13 0.002
14 0.002
15 0.002
16 0.002
17 0.003
18 0.004
19 0.002
20 0.003
21 0.003
22 0.005
23 0.003
0 0.002
1 0.002
2 0.002
3 0.002
4 0.002
5 0.002
6 0.004
7 0.004
8 0.003
9 0.007
10 0.013
11 0.006
12 0.003
13 0.003
14 0.004
15 0.003
16 0.003
17 0.003
18 0.002
19 0.003
20 0.003
21 0.004
22 0.004
23 0.003
0 0.002
1 0.002
2 0.002
3 0.002
4 0.002
5 0.002
6 0.004
7 0.004
8 0.003
9 0.005
10 0.009
11 0.006
12 0.005
13 0.003
14 0.003
15 0.004
16 0.003
17 0.003
18 0.003
19 0.003
20 0.003
21 0.007
22 0.011
23 0.006
0 0.003
1 0.002
2 0.002
3 0.002
4 0.002
5 0.002
6 0.004
7 0.004
8 0.004
9 0.006
10 0.004
11 0.003
12 0.003
13 0.004
14 0.002
15 0.001
16 0.001
17 0.0
18 0.0
19 0.0
20 0.001
21 0.001
22 0.004
23 0.002
0 0.0
1 0.001
2 0.001
3 0.002
4 0.0
5 0.001
6 0.002
7 0.004
8 0.004
9 0.008
10 0.005
11 0.002
12 0.0
