0 73.0
1 83.0
2 43.0
3 49.0
4 43.0
5 51.0
6 62.0
7 99.0
8 134.0
9 148.0
10 109.0
11 81.0
12 73.0
13 101.0
14 101.0
15 301.0
16 197.0
17 123.0
18 139.0
19 90.0
20 58.0
21 52.0
22 68.0
23 82.0
0 68.0
1 82.0
2 76.0
3 63.0
4 45.0
5 62.0
6 98.0
7 84.0
8 86.0
9 67.0
10 62.0
11 69.0
12 66.0
13 132.0
14 59.0
15 60.0
16 62.0
17 65.0
18 71.0
19 64.0
20 60.0
21 72.0
22 76.0
23 100.0
0 113.0
1 75.0
2 65.0
3 76.0
4 69.0
5 71.0
6 67.0
7 63.0
8 94.0
9 77.0
10 97.0
11 98.0
12 63.0
13 39.0
14 54.0
15 40.0
16 40.0
17 53.0
18 46.0
19 59.0
20 59.0
21 78.0
22 80.0
23 60.0
0 93.0
1 79.0
2 55.0
3 57.0
4 56.0
5 48.0
6 37.0
7 59.0
8 122.0
9 105.0
10 105.0
11 0.0
12 0.0
13 71.0
14 67.0
15 126.0
16 270.0
17 142.0
18 116.0
19 95.0
20 69.0
21 111.0
22 114.0
23 146.0
0 119.0
1 89.0
2 66.0
3 57.0
4 51.0
5 56.0
6 60.0
7 91.0
8 174.0
9 171.0
10 219.0
11 154.0
12 94.0
13 114.0
14 104.0
15 77.0
16 71.0
17 68.0
18 173.0
19 105.0
20 96.0
21 101.0
22 165.0
23 172.0
0 152.0
1 118.0
2 88.0
3 82.0
4 75.0
5 67.0
6 73.0
7 102.0
8 156.0
9 202.0
10 166.0
11 137.0
12 0.0
13 296.0
14 228.0
15 223.0
16 134.0
17 113.0
18 161.0
19 110.0
20 80.0
21 95.0
22 128.0
23 123.0
0 103.0
1 90.0
2 92.0
3 85.0
4 65.0
5 83.0
6 98.0
7 125.0
8 169.0
9 225.0
10 225.0
11 117.0
12 82.0
