0 0.847
1 0.559
2 0.592
3 0.571
4 0.68
5 1.018
6 2.041
7 2.508
8 2.478
9 1.514
10 0.753
11 0.484
12 0.56
13 0.678
14 0.644
15 0.573
16 0.572
17 0.74
18 0.786
19 0.837
20 0.885
21 1.108
22 1.181
23 1.119
0 1.205
1 1.197
2 1.241
3 0.949
4 1.448
5 1.424
6 1.614
7 1.379
8 1.117
9 0.775
10 0.796
11 0.708
12 0.587
13 0.515
14 0.556
15 0.575
16 0.604
17 0.709
18 0.815
19 0.959
20 1.118
21 1.155
22 1.529
23 1.406
0 0.991
1 0.909
2 1.239
3 1.071
4 1.111
5 1.097
6 1.364
7 1.973
8 1.4
9 1.368
10 1.152
11 0.726
12 0.503
13 0.421
14 0.438
15 0.407
16 0.398
17 0.446
18 0.703
19 0.916
20 1.41
21 1.4
22 1.026
23 1.347
0 0.96
1 0.785
2 0.717
3 0.75
4 0.735
5 0.78
6 1.4
7 2.19
8 1.482
9 1.31
10 1.334
11 0.886
12 0.624
13 0.709
14 0.692
15 0.604
16 0.633
17 0.663
18 0.968
19 1.141
20 1.38
21 1.509
22 1.917
23 1.605
0 1.004
1 0.768
2 0.676
3 0.65
4 0.687
5 0.767
6 1.501
7 2.21
8 1.647
9 1.531
10 1.441
11 0.933
12 0.724
13 0.86
14 0.622
15 0.487
16 0.542
17 0.72
18 0.973
19 1.177
20 1.233
21 1.832
22 1.944
23 2.004
0 1.384
1 0.983
2 0.88
3 0.796
4 0.763
5 1.031
6 1.574
7 2.313
8 2.012
9 1.35
10 0.949
11 0.763
12 0.804
13 1.02
14 0.736
15 0.691
16 0.656
17 0.759
18 0.925
19 1.058
20 1.281
21 1.554
22 1.669
23 1.349
0 0.992
1 1.043
2 0.895
3 1.329
4 0.883
5 1.068
6 1.515
7 2.414
8 2.773
9 1.877
10 1.057
11 0.664
12 0.595
