0 0.023
1 0.012
2 0.014
3 0.013
4 0.016
5 0.022
6 0.021
7 0.022
8 0.031
9 0.045
10 0.014
11 0.007
12 0.009
13 0.011
14 0.011
15 0.013
16 0.013
17 0.018
18 0.024
19 0.024
20 0.029
21 0.036
22 0.04
23 0.036
0 0.036
1 0.028
2 0.028
3 0.025
4 0.026
5 0.022
6 0.02
7 0.017
8 0.017
9 0.012
10 0.016
11 0.016
12 0.013
13 0.011
14 0.014
15 0.013
16 0.014
17 0.016
18 0.022
19 0.025
20 0.031
21 0.034
22 0.037
23 0.032
0 0.025
1 0.02
2 0.024
3 0.023
4 0.02
5 0.019
6 0.019
7 0.017
8 0.016
9 0.024
10 0.03
11 0.013
12 0.006
13 0.004
14 0.004
15 0.005
16 0.005
17 0.007
18 0.018
19 0.026
20 0.038
21 0.037
22 0.027
23 0.03
0 0.021
1 0.017
2 0.015
3 0.017
4 0.013
5 0.013
6 0.016
7 0.016
8 0.014
9 0.043
10 0.045
11 0.019
12 0.008
13 0.008
14 0.015
15 0.016
16 0.018
17 0.018
18 0.025
19 0.037
20 0.042
21 0.05
22 0.043
23 0.038
0 0.024
1 0.015
2 0.012
3 0.014
4 0.012
5 0.017
6 0.021
7 0.024
8 0.022
9 0.056
10 0.043
11 0.024
12 0.014
13 0.012
14 0.012
15 0.009
16 0.013
17 0.022
18 0.032
19 0.037
20 0.045
21 0.058
22 0.056
23 0.047
0 0.034
1 0.025
2 0.022
3 0.019
4 0.017
5 0.021
6 0.025
7 0.025
8 0.03
9 0.06
10 0.018
11 0.015
12 0.016
13 0.02
14 0.019
15 0.02
16 0.022
17 0.023
18 0.033
19 0.034
20 0.042
21 0.048
22 0.048
23 0.034
0 0.024
1 0.027
2 0.023
3 0.033
4 0.02
5 0.021
6 0.026
7 0.033
8 0.04
9 0.059
10 0.029
11 0.011
12 0.008
