0 0.0
1 0.0
2 0.0
3 0.0
4 0.0
5 0.0
6 0.0
7 0.0
8 0.0
9 1.874094117647059
10 1.3138627450980394
11 0.8987607843137255
12 0.7291450980392158
13 0.7029058823529413
14 0.6707137254901963
15 0.6180627450980393
16 0.5912941176470589
17 0.6479125706741601
18 0.7029659293090168
19 0.7450907854485365
20 0.801588745094212
21 0.9659777065903489
22 1.077478431372549
23 1.099309803921569
0 1.126317061105748
1 1.1489214160233554
2 1.1819514865861045
3 1.111590757998814
4 1.2303630248648778
5 1.300930327305854
6 1.4438359572138706
7 1.4186747940206321
8 1.293853323780281
9 1.02338431372549
10 0.9088196078431372
11 0.8079372549019609
12 0.6957803921568628
13 0.6036078431372549
14 0.5777294117647058
15 0.5747882352941176
16 0.5923637643174994
17 0.6328001539920283
18 0.7008853154916184
19 0.833225680239819
20 0.982992156862745
21 1.0702509803921567
22 1.3015333333333334
23 1.3553960784313723
0 1.1739568627450983
1 1.053610329642788
2 1.1436594929182191
3 1.1149164392786735
4 1.11328335252921
5 1.1063077389039104
6 1.1977236578483401
7 1.6041294117647058
8 1.5028666666666666
9 1.4370822722373018
10 1.3064485678069413
11 1.009321568627451
12 0.7549686274509804
13 0.5866588235294117
14 0.5105137254901961
15 0.4556862745098039
16 0.42487843137254905
17 0.43363137254901957
18 0.5552770918653065
19 0.7420901960784314
20 1.0778235294117646
21 1.2408313725490194
22 1.1345686274509803
23 1.242627450980392
0 1.1024156862745098
1 0.9443725490196078
2 0.8344360101517447
3 0.7925701983198047
4 0.7634871160832124
5 0.7715332431360955
6 1.0782712710990254
7 1.6393647058823526
8 1.5617058823529415
9 1.4368823529411763
10 1.3866509803921572
11 1.136592156862745
12 0.880078431372549
13 0.7943999999999999
14 0.7418117647058823
15 0.6697960784313726
16 0.6497333333333334
17 0.6550980392156863
18 0.7760165269722114
19 0.9623537969598177
20 1.1796901960784314
21 1.345913725490196
22 1.6338588235294116
23 1.621392156862745
0 1.3134235294117649
1 1.0409176470588235
2 0.8578862745098039
3 0.7529803921568627
4 0.7186313725490197
5 0.7413607843137255
6 1.120364705882353
7 1.6663686274509804
8 1.6579450980392152
9 1.5959686274509806
10 1.5199843137254903
11 1.2270470588235296
12 0.9755960784313726
13 0.9179803921568627
14 0.7682666666666668
15 0.6242549019607845
16 0.5809607843137256
17 0.6488901960784313
18 0.8098517327956068
19 0.9939921568627449
20 1.1144941176470589
21 1.4751529411764706
22 1.7121686274509804
23 1.8610588235294117
0 1.624180392156863
1 1.304105882352941
2 1.091870588235294
3 0.9431882352941177
4 0.8521725490196078
5 0.9400156862745098
6 1.2562823529411766
7 1.7852470588235296
8 1.8998549019607842
9 1.6256470588235294
10 1.2874588235294118
11 1.025164705882353
12 0.9146627450980392
13 0.9673098039215688
14 0.8500117647058824
15 0.7673254901960784
16 0.7090039215686273
17 0.743577156991083
18 0.8080619588605202
19 0.907243911562021
20 1.107627860749528
21 1.3347686274509805
22 1.503713725490196
23 1.4276470588235293
0 1.2104823529411768
1 1.1471209896966683
2 1.0265622926867766
3 1.1676833074324786
4 1.032684091577117
5 1.0479022389520485
6 1.2445691669959886
7 1.8492
8 2.314592156862745
9 2.09743137254902
10 1.5775333333333335
11 1.1194627450980392
12 0.8566666666666668
