0 0.0
1 0.0
2 0.0
3 0.0
4 0.0
5 0.0
6 0.0
7 0.0
8 0.0
9 0.01435294117647059
10 0.02572156862745098
11 0.0
12 0.0
13 0.0
14 0.05069037656903765
15 0.046793522267206476
16 0.046462151394422314
17 0.04476284584980238
18 0.04237795275590551
19 0.041132211973496535
20 0.03228235294117648
21 0.025564705882352944
22 0.01921176470588235
23 0.013537254901960782
0 0.010192156862745098
1 0.009027450980392157
2 0.007949019607843139
3 0.007415686274509805
4 0.007172549019607844
5 0.007087008786740064
6 0.0071724590836796465
7 0.007085466448549207
8 0.010517647058823531
9 0.0198
10 0.029964705882352942
11 0.04307843137254902
12 0.05616078431372549
13 0.06671764705882353
14 0.07099215686274508
15 0.07112156862745096
16 0.06314117647058823
17 0.05602402972424757
18 0.04629803921568627
19 0.03960392156862746
20 0.031713725490196076
21 0.025745098039215687
22 0.019250980392156867
23 0.016513725490196075
0 0.01567843137254902
1 0.014772549019607843
2 0.011329411764705883
3 0.010619607843137258
4 0.008776470588235294
5 0.00836470588235294
6 0.007670588235294117
7 0.007823529411764707
8 0.010407843137254904
9 0.020235294117647056
10 0.03469803921568627
11 0.04644313725490196
12 0.04830588235294117
13 0.04371372549019608
14 0.0424235294117647
15 0.047298039215686274
16 0.04911848703078458
17 0.048382603936740536
18 0.04619173785452138
19 0.039663407929810865
20 0.02798823529411765
21 0.02194901960784314
22 0.017921568627450982
23 0.014380392156862744
0 0.01512156862745098
1 0.014996078431372548
2 0.014443137254901962
3 0.011176470588235293
4 0.009568627450980393
5 0.008768627450980391
6 0.007870588235294119
7 0.0074274509803921585
8 0.011713725490196081
9 0.01687058823529412
10 0.025976470588235295
11 0.036062745098039216
12 0.039098039215686275
13 0.04463137254901961
14 0.053925490196078424
15 0.05505882352941177
16 0.05410196078431373
17 0.051776838274182425
18 0.04572369772242996
19 0.03410980392156862
20 0.024000000000000004
21 0.01591764705882353
22 0.011349019607843135
23 0.009078431372549019
0 0.009454901960784313
1 0.013666666666666667
2 0.01629803921568627
3 0.016133333333333333
4 0.016070588235294118
5 0.013541176470588235
6 0.01027058823529412
7 0.009137254901960785
8 0.01207843137254902
9 0.01855294117647059
10 0.028815686274509807
11 0.045498039215686285
12 0.059360784313725476
13 0.06329019607843137
14 0.06777254901960786
15 0.07252156862745096
16 0.07689019607843135
17 0.07102352941176472
18 0.06112851113618343
19 0.046960784313725495
20 0.034882352941176475
21 0.021827450980392155
22 0.014788235294117647
23 0.010756862745098041
0 0.009737254901960783
1 0.01227058823529412
2 0.013572549019607843
3 0.013745098039215685
4 0.014858823529411763
5 0.012431372549019607
6 0.00971372549019608
7 0.008858823529411764
8 0.010937254901960786
9 0.018490196078431373
10 0.03581960784313725
11 0.05251764705882354
12 0.06337254901960784
13 0.06680392156862745
14 0.06902745098039215
15 0.06963529411764706
16 0.07043137254901961
17 0.0669690496868493
18 0.05382790434655859
19 0.04374117647058824
20 0.032768627450980393
21 0.021768627450980387
22 0.014760784313725487
23 0.015274509803921569
0 0.01904313725490196
1 0.016933333333333335
2 0.016419607843137254
3 0.012156862745098038
4 0.012058823529411766
5 0.010525490196078433
6 0.009262745098039217
7 0.008615686274509805
8 0.010286274509803925
9 0.018164705882352944
10 0.03615686274509804
11 0.051694117647058835
12 0.060960784313725494
