0 0.0
1 0.0
2 0.0
3 0.0
4 0.0
5 0.0
6 0.0
7 0.0
8 0.0
9 0.005356862745098039
10 0.004180392156862746
11 0.003090196078431373
12 0.0025450980392156862
13 0.002772549019607844
14 0.0023803921568627453
15 0.0021843137254901964
16 0.0020862745098039217
17 0.0020888183980967484
18 0.002045678033306899
19 0.0020304520222045996
20 0.0020203013481363994
21 0.002
22 0.003505882352941177
23 0.00375686274509804
0 0.006392156862745098
1 0.0046980392156862755
2 0.0038509803921568633
3 0.002925490196078432
4 0.0029647058823529414
5 0.006999999999999999
6 0.006501960784313726
7 0.005250980392156862
8 0.0041137254901960785
9 0.0035568627450980393
10 0.004282352941176471
11 0.004647058823529412
12 0.003823529411764706
13 0.0033960784313725495
14 0.003292591859690052
15 0.003168721879686719
16 0.0025450980392156867
17 0.0027725490196078436
18 0.0028823529411764713
19 0.00255035685963521
20 0.002700237906423473
21 0.0028001586042823157
22 0.0028667724028548776
23 0.0025643140364789846
0 0.002376209357652657
1 0.002237272006344171
2 0.0024915146708961136
3 0.0023276764472640755
4 0.002204916732751784
5 0.002123076923076923
6 0.002415384615384615
7 0.003772549019607844
8 0.003388235294117647
9 0.0042
10 0.008619607843137254
11 0.006815686274509804
12 0.005411764705882354
13 0.003705882352941177
14 0.0028509803921568625
15 0.002419607843137255
16 0.002207843137254902
17 0.0026000000000000007
18 0.003282352941176471
19 0.002635294117647059
20 0.002815686274509804
21 0.002909803921568628
22 0.00396078431372549
23 0.0034823529411764707
0 0.0027411764705882356
1 0.0023686274509803922
2 0.002180392156862745
3 0.002090196078431373
4 0.0020431372549019606
5 0.002019607843137255
6 0.003007843137254902
7 0.003505882352941177
8 0.003254901960784314
9 0.0051372549019607855
10 0.009090196078431373
11 0.007552941176470589
12 0.00527843137254902
13 0.004141176470588236
14 0.004070588235294117
15 0.003533333333333334
16 0.0032666666666666673
17 0.0031254901960784316
18 0.002541176470588236
19 0.0027647058823529413
20 0.0028823529411764713
21 0.003443137254901961
22 0.0037215686274509807
23 0.0033607843137254904
0 0.00267843137254902
1 0.0023372549019607847
2 0.002168627450980392
3 0.0020823529411764705
4 0.00203921568627451
5 0.002015686274509804
6 0.003007843137254902
7 0.003505882352941177
8 0.003254901960784314
9 0.0041333333333333335
10 0.006580392156862746
11 0.006298039215686274
12 0.0056549019607843145
13 0.004329411764705882
14 0.003662745098039216
15 0.003831372549019608
16 0.0034156862745098045
17 0.0032039215686274517
18 0.003090196078431373
19 0.003075503041159807
20 0.0030659262399321745
21 0.005015686274509805
22 0.008023529411764705
23 0.007015686274509804
0 0.005007843137254902
1 0.003501960784313726
2 0.002749019607843137
3 0.0023725490196078434
4 0.0021843137254901964
5 0.0020823529411764705
6 0.003027450980392157
7 0.003509803921568628
8 0.0037568627450980394
9 0.0048862745098039225
10 0.0044470588235294125
11 0.0037254901960784323
12 0.0033647058823529415
13 0.0036862745098039215
14 0.0028392156862745103
15 0.0019137254901960786
16 0.001450980392156863
17 0.0
18 0.0
19 0.0
20 0.0
21 0.0
22 0.002691629955947137
23 0.002327800829875519
0 0.0
1 0.0
2 0.0
3 0.0016192468619246863
4 0.0
5 0.0
6 0.0
7 0.002915966386554622
8 0.0034777327935222677
9 0.005788844621513943
10 0.005399209486166009
11 0.0036929133858267724
12 0.0
