0 0.0
1 0.0
2 0.0
3 0.0
4 0.0
5 0.0
6 0.0
7 0.0
8 0.0
9 0.0
10 0.0
11 0.0
12 0.0
13 36.903296703296704
14 38.95311355311355
15 43.564231523423054
16 39.805929753562154
17 33.74432234432234
18 31.871550671550672
19 32.43418803418803
20 32.71452991452991
21 29.353357753357752
22 29.305302704464207
23 35.265207791253474
0 37.958452577939035
1 46.14969474969475
2 46.07545787545788
3 46.53748473748474
4 41.26886446886447
5 40.635897435897434
6 48.82124542124542
7 47.91233211233211
8 45.95750915750916
9 45.004561889011754
10 46.6642101420621
11 54.95982304493746
12 50.517697595187194
13 48.499133619813854
14 44.704980603218004
15 40.81712827730685
16 38.66794796896995
17 34.514041514041516
18 36.754822954822956
19 31.374847374847374
20 30.685714285714287
21 37.84297924297924
22 36.41978021978022
23 47.20903540903541
0 46.6046398046398
1 42.8014652014652
2 37.3997557997558
3 42.7013431013431
4 43.85177045177045
5 41.926984126984124
6 36.96263736263736
7 37.560897885141394
8 43.24062952404547
9 51.15711604344038
10 64.94212454212455
11 77.97509157509157
12 61.487423687423686
13 47.242979242979246
14 35.62051282051282
15 29.807326007326008
16 26.9010989010989
17 24.94847374847375
18 23.47301587301587
19 23.734798534798536
20 24.364346764346763
21 33.17997557997558
22 39.586080586080584
23 33.78534798534798
0 40.392918192918195
1 38.196825396825396
2 35.0993894993895
3 34.05079365079365
4 33.026373626373626
5 32.51428571428571
6 21.755799755799757
7 18.876923076923077
8 28.94017094017094
9 37.47057387057387
10 50.23736263736264
11 62.12429792429793
12 49.56092796092796
13 36.27887667887668
14 34.13943833943834
15 41.57167277167277
16 45.28791208791209
17 41.144566544566544
18 37.07496947496948
19 32.03882783882784
20 30.51819291819292
21 38.75921855921856
22 46.878632478632476
23 64.44029304029304
0 62.723076923076924
1 54.86446886446886
2 46.93308913308913
3 40.46471306471307
4 30.72893772893773
5 26.862759462759463
6 27.43076923076923
7 35.21733821733822
8 51.11330891330891
9 59.05909645909646
10 77.03443223443223
11 90.01978021978022
12 71.00879120879121
13 65.0058608058608
14 52.0029304029304
15 48.502808302808305
16 61.757997557997555
17 52.88156288156288
18 48.442735042735045
19 42.22051282051282
20 39.606593406593404
21 42.8007326007326
22 66.8998778998779
23 76.44786324786325
0 77.22710622710623
1 67.61343101343101
2 55.807326007326004
3 49.9035409035409
4 42.947008547008544
5 37.97216117216117
6 36.48498168498168
7 43.74432234432234
8 50.87472527472527
9 60.94041514041514
10 60.466422466422465
11 68.73211233211234
12 83.36849816849816
13 74.18510378510379
14 74.596336996337
15 71.3010989010989
16 55.15091575091575
17 44.07545787545788
18 39.537728937728936
19 35.26642246642247
20 47.13333333333333
21 50.064468864468864
22 54.532112332112334
23 57.26398046398047
0 53.126007326007326
1 58.562881562881564
2 54.778510378510376
3 47.88595848595848
4 44.94334554334554
5 41.47228327228327
6 46.73821733821734
7 54.27231710747979
8 66.43882783882783
9 77.22368742368742
10 91.61758241758241
11 90.31233211233211
12 72.65689865689866
