0 0.0
1 0.0
2 0.0
3 0.0
4 0.0
5 0.0
6 0.0
7 0.0
8 0.0
9 0.0
10 0.0
11 0.0
12 0.0
13 93.62075702075703
14 97.31746031746032
15 199.1894993894994
16 198.1135531135531
17 160.56556776556778
18 149.7921855921856
19 119.89499389499389
20 88.93821733821734
21 70.45738705738705
22 69.22368742368742
23 75.61196581196582
0 71.80537240537241
1 76.9003663003663
2 76.44713064713065
3 69.69450549450549
4 57.32869352869353
5 59.656898656898655
6 78.82344322344322
7 81.41098901098901
8 83.70891330891331
9 75.35628815628816
10 68.67741147741148
11 68.83711843711843
12 67.41831501831501
13 99.71526251526251
14 79.35555555555555
15 69.67741147741148
16 65.84078144078144
17 65.42075702075702
18 68.2070818070818
19 66.10109890109891
20 63.04737484737485
21 67.52429792429793
22 71.76385836385836
23 85.88571428571429
0 99.44859584859584
1 87.23880422312776
2 76.80459050714545
3 76.4309867879298
4 72.94730633443803
5 72.03538193623037
6 69.6727114780707
7 66.542796981383
8 78.89140151194273
9 78.05649528292511
10 86.44696481451768
11 91.55812844802969
12 79.77859623833038
13 58.46471306471307
14 56.23101343101343
15 48.111111111111114
16 44.052014652014655
17 48.523809523809526
18 47.25934065934066
19 53.12918192918193
20 56.060317460317464
21 67.03028083028083
22 73.51306471306471
23 66.75189255189255
0 79.87960927960928
1 79.44468864468864
2 67.22246642246643
3 62.11330891330891
4 59.05860805860806
5 53.52869352869353
6 45.26324786324786
7 52.131623931623935
8 87.07350427350427
9 96.04004884004884
10 100.52307692307693
11 0.0
12 0.0
13 0.0
14 0.0
15 101.26973861492858
16 189.81245196003076
17 165.34408602150538
18 140.3891771682728
19 117.56521739130434
20 93.20475140827823
21 102.11616532159452
22 108.06353861192571
23 127.0410356619443
0 123.01953601953602
1 106.01196581196581
2 86.0058608058608
3 71.49450549450549
4 61.22051282051282
5 58.5997557997558
6 59.29304029304029
7 75.14603174603175
8 124.58583638583639
9 147.8002442002442
10 183.4129426129426
11 168.7074481074481
12 131.35067155067156
13 122.67838827838828
14 113.34383394383394
15 95.17435897435898
16 83.08962148962149
17 75.54627594627594
18 124.28693528693529
19 114.64517704517705
20 105.31306471306472
21 103.14798534798535
22 134.06739926739928
23 153.03589743589743
0 152.52503052503053
1 135.26300366300367
2 111.62954822954823
3 96.81538461538462
4 85.90818070818071
5 76.45396825396826
6 74.71477411477412
7 88.35702075702076
8 122.18583638583638
9 162.1052503052503
10 164.05274725274725
11 150.5221001221001
12 0.0
13 0.0
14 0.0
15 229.26934097421204
16 180.10511721704057
17 146.02555197221534
18 153.5825744523751
19 131.70679088011767
20 105.79349155860044
21 100.37839159129797
22 114.19130222330809
23 118.59501709819247
0 110.7956043956044
1 100.37264957264958
2 96.16971916971917
3 90.56800976800977
4 77.77557997557997
5 80.38412698412698
6 89.09728661293894
7 106.7703250100298
8 138.05787545787547
9 181.54481074481075
10 203.2842490842491
11 160.14139194139193
12 121.06813186813187
