0 0.972267916666667
1 0.823384166666666
2 0.820205138888889
3 0.816489305555555
4 0.797193888888889
5 0.815596388888889
6 0.819875138888889
7 0.925978333333333
8 1.27836805555556
9 1.33254055555556
10 1.08581541666667
11 1.05452972222222
12 1.10181805555556
13 1.02979625
14 1.13676902777778
15 1.14798680555556
16 1.11082069444444
17 1.08346847222222
18 1.22256944444444
19 1.34920361111111
20 1.4201125
21 1.29989152777778
22 1.28540194444444
23 1.09267361111111
0 0.992926944444445
1 0.904606805555556
2 0.883073055555556
3 0.827283472222222
4 0.829115138888889
5 0.817534166666666
6 0.843148472222222
7 0.901405277777778
8 1.06186930555556
9 1.23626527777778
10 1.4410375
11 1.37743472222222
12 1.24085083333333
13 1.01957527777778
14 1.0308475
15 1.02018055555556
16 0.943842777777778
17 0.996537361111111
18 1.00634263888889
19 1.18363958333333
20 1.50380694444444
21 1.87304583333333
22 1.68215555555555
23 1.56519861111111
0 1.20381944444444
1 1.07755819444444
2 1.02294875
3 0.911379861111111
4 0.864701111111111
5 0.806707638888889
6 0.828138472222222
7 1.04583208333333
8 1.26037555555556
9 1.47287916666667
10 1.19233111111111
11 0.927037638888888
12 0.870202361111111
13 0.811513055555556
14 0.783819166666667
15 0.780178472222222
16 0.822855555555556
17 0.800052222222222
18 0.868128333333333
19 0.883235694444444
20 1.24181333333333
21 1.44387916666667
22 1.42087222222222
23 1.37122222222222
0 1.01576930555556
1 0.851003888888889
2 0.823998333333333
3 0.730861527777778
4 0.717493333333333
5 0.695636388888889
6 0.841207777777778
7 0.962049305555556
8 1.38665694444444
9 1.59396111111111
10 1.46466944444444
11 1.23022416666667
12 0.903880972222222
13 0.929398194444444
14 0.881638333333334
15 0.907209305555555
16 0.881452638888889
17 0.901887916666666
18 0.9360125
19 1.27737861111111
20 1.82305833333333
21 1.83465694444444
22 1.59267777777778
23 1.23039305555556
0 1.05130680555556
1 0.852439583333333
2 0.805151805555556
3 0.809498888888889
4 0.772017638888889
5 0.793881111111111
6 0.867414583333333
7 1.20513666666667
8 1.61113194444444
9 1.65856527777778
10 1.92523888888889
11 1.29068055555556
12 0.975917361111111
13 0.906798194444444
14 0.942750555555555
15 0.902710277777778
16 0.905305
17 1.01654333333333
18 0.921565416666667
19 1.15695472222222
20 1.73215527777778
21 2.13454583333333
22 1.55203055555556
23 1.34550416666667
0 1.08839847222222
1 0.853274166666667
2 0.784102222222222
3 0.743436111111111
4 0.754624305555555
5 0.841600555555556
6 0.898093611111111
7 1.07572
8 1.41811111111111
9 1.35455
10 1.15940987103175
11 1.13183041666667
12 1.06567930555556
13 1.02301303030303
14 0.0
15 0.0
16 0.0
17 0.0
18 0.0
19 0.791442083333333
20 0.870447361111111
21 0.835261111111111
22 0.623267638888889
23 0.553410972222222
0 0.505529166666667
1 0.497994305555556
2 0.501604722222222
3 0.497918055555556
4 0.512557638888889
5 0.523112222222222
6 0.612122222222222
7 0.966754861111111
8 1.32984347222222
9 1.87277916666667
10 0.973981497175142
11 0.892828194444445
12 0.705412638888889
