0 0.00275565555555555
1 0.00253987777777778
2 0.00253759444444444
3 0.00242026944444445
4 0.00246138888888889
5 0.00233810555555556
6 0.00237296944444444
7 0.00230159166666667
8 0.00248404166666667
9 0.00260914166666667
10 0.0035472999999999998
11 0.003557125
12 0.0028778472222222196
13 0.0030124555555555597
14 0.0037489833333333297
15 0.00263934861111111
16 0.00258262361111111
17 0.00278933055555556
18 0.00284769166666667
19 0.002508425
20 0.00244151388888889
21 0.00245514861111111
22 0.00290694444444445
23 0.00268427638888889
0 0.00252409583333333
1 0.00419616388888889
2 0.00382383055555555
3 0.00400462777777778
4 0.0030357527777777797
5 0.0027311944444444397
6 0.00264800833333333
7 0.00256185138888889
8 0.0026000416666666698
9 0.00279370416666667
10 0.00334095416666667
11 0.00363282083333333
12 0.00592203055555556
13 0.00487264166666667
14 0.00561841805555556
15 0.00360065
16 0.00264309861111111
17 0.00269455972222222
18 0.0026052791666666703
19 0.00266553194444445
20 0.00278602361111111
21 0.00295023194444444
22 0.00282403611111111
23 0.00375723055555556
0 0.00349911527777778
1 0.00303769722222222
2 0.00356448194444444
3 0.0028979958333333303
4 0.00272157777777778
5 0.0024895305555555497
6 0.0028711625
7 0.00270963055555556
8 0.00264077916666667
9 0.00331094305555556
10 0.00331947361111111
11 0.00260162083333333
12 0.00245840972222222
13 0.00255153888888889
14 0.00231053333333333
15 0.00230300694444444
16 0.00231217222222222
17 0.00235134027777778
18 0.0023717666666666698
19 0.00242229305555556
20 0.0026012166666666697
21 0.00266094583333333
22 0.0026999375
23 0.0026212986111111103
0 0.0025685875
1 0.00245291388888889
2 0.00238986111111111
3 0.00236534444444445
4 0.00236533472222222
5 0.0023217486111111103
6 0.00244945416666667
7 0.00247255555555556
8 0.00268594722222222
9 0.0027204930555555502
10 0.0027082638888888903
11 0.00402113611111111
12 0.00242751805555556
13 0.00364554305555555
14 0.00256616527777778
15 0.0023729805555555597
16 0.00238050555555556
17 0.0022833000000000003
18 0.002268275
19 0.00238649166666667
20 0.00351260555555555
21 0.00283218055555555
22 0.0030091944444444398
23 0.0027738222222222202
0 0.00245036666666667
1 0.0025409666666666698
2 0.00234944166666667
3 0.00234033333333333
4 0.0024998
5 0.00249767777777778
6 0.00260846944444444
7 0.00279350277777778
8 0.00316859444444444
9 0.00367571944444444
10 0.0037408416666666697
11 0.0051417916666666695
12 0.0035746444444444496
13 0.00329221666666667
14 0.00308988611111111
15 0.00311081666666667
16 0.00335168888888889
17 0.00352202777777778
18 0.00255570555555555
19 0.00245830833333333
20 0.0029152416666666696
21 0.0033647111111111097
22 0.00274094166666667
23 0.0025934499999999997
0 0.00282099166666667
1 0.00270468055555556
2 0.00317453333333333
3 0.00263594444444445
4 0.00247780277777778
5 0.00859700555555556
6 0.00312548888888889
7 0.00382914861111111
8 0.0037562347222222198
9 0.00385928888888889
10 0.0034920173611111102
11 0.0067300166666666595
12 0.00487879722222222
13 0.00493557272727273
14 0.0
15 0.0
16 0.0
17 0.0
18 0.0
19 0.00166516333333333
20 0.00153995305555556
21 0.0014837725
22 0.00144464888888889
23 0.00128954555555556
0 0.00116388047222222
1 0.0010502170555555601
2 0.00102368577777778
3 0.00112456805555556
4 0.00103337811111111
5 0.000978100111111111
6 0.00095647125
7 0.00109035359166667
8 0.00128521708333333
9 0.0016417504166666701
10 0.00162030833333333
11 0.00500858055555556
12 0.0061820291666666695
