0 13.3448333333333
1 16.63075
2 7.11070833333333
3 4.91816666666667
4 6.35191666666667
5 4.77608333333333
6 4.63645833333333
7 7.02770833333333
8 12.4815
9 16.0575833333333
10 14.0152916666667
11 21.2085
12 29.87275
13 29.2653333333333
14 43.1831666666667
15 44.9674166666667
16 44.71975
17 35.2064166666667
18 34.31775
19 32.6775
20 48.569
21 42.7100833333333
22 22.7828333333333
23 20.639
0 19.71575
1 16.8333333333333
2 12.4845
3 7.8865
4 10.2129166666667
5 8.50783333333333
6 3.85591666666667
7 19.7854166666667
8 19.6621666666667
9 29.2595833333333
10 37.7899166666667
11 45.9088333333333
12 49.718
13 51.1166666666667
14 34.8263333333333
15 31.3028333333333
16 19.3991666666667
17 24.3671666666667
18 19.2720833333333
19 25.7848333333333
20 34.9159166666667
21 46.00825
22 58.9550833333333
23 48.0488333333333
0 55.6626666666667
1 38.6351666666667
2 34.3401666666667
3 27.7284166666667
4 23.1998333333333
5 15.7105833333333
6 13.23875
7 17.8961666666667
8 19.0168333333333
9 17.4275
10 34.4103333333333
11 34.3255833333333
12 24.3365
13 25.27325
14 34.1854166666667
15 12.6424166666667
16 16.2640833333333
17 11.0908333333333
18 24.9803333333333
19 16.4576666666667
20 7.59741666666667
21 34.7830833333333
22 42.5215833333333
23 43.6906666666667
0 40.9381666666667
1 27.1253333333333
2 14.8913333333333
3 11.93925
4 11.588
5 4.573
6 8.46858333333333
7 11.6783333333333
8 23.9036666666667
9 28.1293333333333
10 49.0725
11 52.8013333333333
12 30.3525
13 34.6503333333333
14 32.7258333333333
15 26.5745
16 20.2545
17 22.8611666666667
18 23.5475
19 14.1433333333333
20 43.2263333333333
21 65.2095
22 72.5653333333334
23 61.0995
0 48.3245833333333
1 38.39425
2 19.17825
3 26.4645833333333
4 17.84225
5 16.7290833333333
6 25.3371666666667
7 23.67875
8 50.6564166666667
9 46.9910833333333
10 82.1088333333333
11 71.8722777777778
12 52.3171111111111
13 38.1671666666667
14 33.9030555555555
15 35.6941111111111
16 26.7788888888889
17 50.7229444444445
18 35.0984444444444
19 17.4951666666667
20 19.5717777777778
21 44.2325694444445
22 65.9703194444445
23 66.2290416666667
0 44.691125
1 25.733875
2 15.9502222222222
3 14.3956666666667
4 10.9204444444444
5 15.851625
6 27.6610972222222
7 37.8979305555556
8 48.8397222222222
9 37.52275
10 24.856875
11 29.8294583333333
12 54.5154583333333
13 47.8791818181818
14 57.194183006536
15 0.0
16 0.0
17 0.0
18 0.0
19 0.0
20 0.0
21 0.0
22 0.0
23 0.0
0 0.0
1 0.0
2 0.0
3 0.0
4 0.0
5 0.0
6 0.0
7 0.0
8 0.0
9 0.0
10 63.7927542372882
11 63.687125
12 63.9369166666666
