0 7.34391666666667
1 1.08845833333333
2 6.71770833333333
3 1.44295833333333
4 1.10783333333333
5 3.660125
6 3.059125
7 2.086875
8 4.81066666666667
9 6.70095833333333
10 5.850625
11 6.97679166666667
12 14.31375
13 13.1846666666667
14 17.2827916666667
15 13.4349166666667
16 14.6366666666667
17 5.02241666666667
18 10.741625
19 4.65204166666667
20 1.16966666666667
21 2.75829166666667
22 6.79358333333333
23 2.916625
0 9.68529166666667
1 4.86791666666667
2 5.66758333333333
3 6.678
4 4.824375
5 2.67
6 6.3735
7 9.69658333333333
8 10.8804583333333
9 20.83975
10 26.6043333333333
11 28.570625
12 25.3742083333333
13 19.5288333333333
14 17.9789166666667
15 13.17975
16 9.860375
17 8.528875
18 2.96970833333333
19 4.42229166666667
20 2.998625
21 7.20854166666667
22 14.6914166666667
23 11.511375
0 14.383875
1 8.20720833333333
2 11.309
3 6.30516666666667
4 10.3485
5 4.419625
6 4.699375
7 6.82079166666667
8 8.66379166666667
9 8.411125
10 13.8272083333333
11 16.3551666666667
12 11.6428333333333
13 16.2966666666667
14 9.152
15 7.06616666666666
16 9.58316666666666
17 5.05316666666667
18 0.951833333333333
19 7.79333333333333
20 1.0415
21 1.8745
22 8.04683333333333
23 9.32516666666667
0 8.92283333333333
1 9.20483333333333
2 3.0345
3 3.87116666666667
4 4.69166666666667
5 1.0245
6 2.54816666666667
7 2.08516666666667
8 3.643
9 6.4105
10 9.947
11 18.4861666666667
12 14.6456666666667
13 17.3338333333333
14 12.0901666666667
15 11.8781666666667
16 7.21383333333333
17 7.2755
18 2.06983333333333
19 4.72883333333333
20 3.77733333333333
21 16.1308333333333
22 13.1453333333333
23 15.1555
0 11.6086666666667
1 5.3565
2 5.64133333333333
3 5.9215
4 5.85783333333333
5 7.33716666666667
6 11.0306666666667
7 8.7885
8 18.0825
9 18.4816666666667
10 20.0335
11 29.2723333333333
12 27.7835
13 21.5363333333333
14 11.244
15 14.0765
16 10.5691666666667
17 24.5588333333333
18 9.24766666666667
19 4.27966666666667
20 2.59233333333333
21 6.3875
22 13.4305
23 15.2305
0 9.33583333333333
1 6.4455
2 4.17933333333333
3 3.724
4 2.83816666666667
5 4.4685
6 9.27133333333333
7 15.4798333333333
8 23.9661666666667
9 21.2041666666667
10 15.4192857142857
11 27.1953333333333
12 29.5313333333333
13 27.7470909090909
14 39.0171153846154
15 0.0
16 0.0
17 0.0
18 0.0
19 0.0
20 0.0
21 0.0
22 0.0
23 0.0
0 0.0
1 0.0
2 0.0
3 0.0
4 0.0
5 0.0
6 0.0
7 0.0
8 0.0
9 0.0
10 0.0
11 22.498625
12 32.100375
