0 0.00986137222222222
1 0.0232302638888889
2 0.022419680555555602
3 0.019550638888888902
4 0.0229182916666667
5 0.021078777777777797
6 0.0206275694444445
7 0.0168455694444445
8 0.0112554944444444
9 0.014998
10 0.0210818472222222
11 0.0250165
12 0.032148930555555504
13 0.0395087916666667
14 0.0410773055555555
15 0.036286902777777796
16 0.0343629027777778
17 0.032922625
18 0.02518425
19 0.0207196527777778
20 0.018366777777777798
21 0.0162315388888889
22 0.0103546472222222
23 0.0122082861111111
0 0.0178159444444444
1 0.0200924402777778
2 0.0166681319444445
3 0.022452555555555597
4 0.0240312361111111
5 0.0218865972222222
6 0.021781583333333302
7 0.017115
8 0.0129355666666667
9 0.0111084833333333
10 0.013382375
11 0.025885708333333302
12 0.0437551805555556
13 0.0496760694444445
14 0.0444337083333333
15 0.0410716666666667
16 0.040906277777777805
17 0.0384369444444444
18 0.0369230277777778
19 0.0226380041666667
20 0.00823906527777778
21 0.00347914166666667
22 0.00627767666666667
23 0.00850866777777778
0 0.014153475
1 0.0138657152777778
2 0.0162890097222222
3 0.0198343194444444
4 0.0177061527777778
5 0.0226552361111111
6 0.0234584444444444
7 0.021003097222222197
8 0.0115028513888889
9 0.0179817819444444
10 0.028819041666666698
11 0.0342757638888889
12 0.035921597222222205
13 0.0313907916666667
14 0.0280997777777778
15 0.0279042361111111
16 0.02815625
17 0.0292800416666667
18 0.0331193611111111
19 0.0328640277777778
20 0.019034925
21 0.0111747722222222
22 0.0066132722222222206
23 0.0047603166666666695
0 0.01161435
1 0.0176862916666667
2 0.018956819444444398
3 0.0216793055555555
4 0.0221991388888889
5 0.0253084861111111
6 0.0241139722222222
7 0.022916125000000002
8 0.014020580555555601
9 0.0175541527777778
10 0.0276083611111111
11 0.0382049305555556
12 0.0453327777777778
13 0.0373093611111111
14 0.0349153055555555
15 0.036946125
16 0.039507541666666694
17 0.041272527777777804
18 0.0449549305555556
19 0.0320543055555556
20 0.00870967361111111
21 0.004763514
22 0.0106147277777778
23 0.0119692583333333
0 0.016296291666666702
1 0.0280138194444445
2 0.026679777777777802
3 0.0231514444444444
4 0.0315168611111111
5 0.03466675
6 0.032981875
7 0.0195164583333333
8 0.0207258166666667
9 0.0248494861111111
10 0.0250161805555556
11 0.058011722222222194
12 0.06763138888888891
13 0.061125916666666696
14 0.0602356111111111
15 0.059184
16 0.058925694444444406
17 0.056397694444444396
18 0.048153875
19 0.0377824305555556
20 0.0178280013888889
21 0.00709176944444444
22 0.00885380138888889
23 0.0132005444444444
0 0.0209016944444444
1 0.02861675
2 0.031439
3 0.03151225
4 0.031309708333333304
5 0.014312477777777801
6 0.012055888888888899
7 0.013471397222222199
8 0.0169532083333333
9 0.0221997222222222
10 0.0356344841269841
11 0.0446167222222222
12 0.0524500555555555
13 0.049046303030303
14 0.0
15 0.0
16 0.0
17 0.0
18 0.0
19 0.0335379166666667
20 0.029372416666666703
21 0.027705555555555598
22 0.0320696944444444
23 0.037337027777777795
0 0.0372504444444444
1 0.029978944444444402
2 0.0279794166666667
3 0.0278158888888889
4 0.0225367777777778
5 0.0168878611111111
6 0.020518277777777802
7 0.015752075
8 0.014588533333333301
9 0.0106046777777778
10 0.0305525706214689
11 0.044923111111111094
12 0.054543361111111105
