0 0.0
1 0.0
2 0.0
3 0.0
4 0.0
5 0.0
6 0.0
7 0.0
8 0.0
9 0.01502360519607843
10 0.01805010300653594
11 0.021544018877995636
12 0.02686457400871457
13 0.03322282011982571
14 0.03719016035947711
15 0.03677665183006536
16 0.03561508594771243
17 0.034341867296972486
18 0.030907705190502364
19 0.025290548575466146
20 0.021770108115468426
21 0.018955181830065376
22 0.01459467401960784
23 0.013354267091503261
0 0.01555266075163396
1 0.01779739328976035
2 0.017216064346405255
3 0.019837707799564307
4 0.02194557873638345
5 0.021927176328976027
6 0.021866779843749382
7 0.020154701665861998
8 0.016541595240400078
9 0.01364211149782134
10 0.013505800588235287
11 0.01970248613289758
12 0.03176750774509805
13 0.04077627775599132
14 0.042649408976034864
15 0.041907511677559926
16 0.041461739259259285
17 0.040002927069716754
18 0.03861938893950679
19 0.030567201819172135
20 0.019333494106753824
21 0.011315735675381269
22 0.008721890422657955
23 0.008551430082788674
0 0.011299996065359481
1 0.012534676790849686
2 0.01437138439760348
3 0.017097354499999974
4 0.01742031655555555
5 0.020075376518518515
6 0.021800598261437883
7 0.021164112964094674
8 0.016459401704793018
9 0.017228662543572963
10 0.02304842079520698
11 0.028690408899782135
12 0.032341719618736386
13 0.03188338418300655
14 0.03000068163398695
15 0.028965990517429197
16 0.02859530990018074
17 0.02964279664005719
18 0.030565446082159557
19 0.031030303893934977
20 0.026213634815934406
21 0.018278189389978203
22 0.012403600403050104
23 0.008536578300653594
0 0.01004302905228758
1 0.013841927516339886
2 0.016371603790849655
3 0.01900352384531587
4 0.02060753570806099
5 0.022985724074074065
6 0.02358416324618735
7 0.023285743747276686
8 0.019112933933562382
9 0.01841717025345247
10 0.02282341997529856
11 0.030571880000000023
12 0.037997688965141635
13 0.03767705616557735
14 0.03631735994553374
15 0.03665925227668844
16 0.03813337140522877
17 0.039319066324328314
18 0.04066977692424874
19 0.038279385841543376
20 0.022887124727668864
21 0.013761503977342058
22 0.012140467685838796
23 0.012005888761220034
0 0.014105577959041408
1 0.02103370123442269
2 0.023820905873202645
3 0.02346871856840958
4 0.027537509815250535
5 0.0311607637037037
6 0.03211517650326797
7 0.025830615849673187
8 0.023918767008164504
9 0.024311419953809192
10 0.024612008306089
11 0.04134212607843138
12 0.05455757028322441
13 0.057893624193899804
14 0.059118056350762525
15 0.05922880766884532
16 0.05915215277777775
17 0.05783678284313722
18 0.055629356006748704
19 0.04661054996848468
20 0.03150229623093683
21 0.019191083529411776
22 0.01392169381263617
23 0.013470955490196057
0 0.017111768104575133
1 0.022809786612200424
2 0.027091619041394326
3 0.029289640049019603
4 0.030326108910675366
5 0.02233345159586057
6 0.017200948845315915
7 0.015336704117647051
8 0.01613721409586055
9 0.019155885751633968
10 0.027403411378773702
11 0.03603576184407094
12 0.04428436036103327
13 0.04673343723537896
14 0.0
15 0.0
16 0.0
17 0.0
18 0.0
19 0.0
20 0.0
21 0.02901499603174607
22 0.030644168518518516
23 0.03409854749103943
0 0.03569951102292767
1 0.03281670581802273
2 0.03153360883868719
3 0.03042516877787065
4 0.026796589649595692
5 0.021322965468409585
6 0.02089797178649239
7 0.01828269995642702
8 0.016391181525054453
9 0.013459940893246192
10 0.022011301157268924
11 0.03350074970717475
12 0.04408481341567888
