0 0.0
1 0.0
2 0.0
3 0.0
4 0.0
5 0.0
6 0.0
7 0.0
8 0.0
9 1.1558267303072085
10 1.1294798990576094
11 1.1009641103150039
12 1.1032442908412787
13 1.0766911286399699
14 1.1046603261240668
15 1.124491411187124
16 1.1158367421480668
17 1.097093426051976
18 1.1254940831629736
19 1.193682405149762
20 1.2694938764235097
21 1.275623017659977
22 1.2825106784024185
23 1.2358084204844986
0 1.1567497197356125
1 1.0513821465334108
2 0.9809306452573489
3 0.905446633824338
4 0.8832054083634123
5 0.8544033863596361
6 0.8577467998093907
7 0.8651940359483867
8 0.9116175786858844
9 1.039124249718232
10 1.2366390594921661
11 1.3001401797870369
12 1.2764195314499274
13 1.1692574774894877
14 1.1226601218539294
15 1.1076712708681042
16 1.0402297729744014
17 1.0222552392144495
18 1.0150715302385371
19 1.0581262891930887
20 1.2352635739414415
21 1.5842939824211
22 1.6341911893792076
23 1.6010932591842926
0 1.4132440691917618
1 1.2589895822640926
2 1.1543112638251531
3 1.0210526481481472
4 0.9416237309368186
5 0.8720748257080608
6 0.8510501812972447
7 0.9338996970123209
8 1.0523662320827916
9 1.2621384049590414
10 1.2311905977271502
11 1.093682453808028
12 0.9926245004564611
13 0.9118927444080731
14 0.8483048029021935
15 0.8150875423473316
16 0.8174576783245476
17 0.8152508271314993
18 0.8279880681243983
19 0.8321405725239674
20 0.9989075290965144
21 1.225061958629904
22 1.3172124106339376
23 1.3398197243367107
0 1.1960965868543454
1 1.057514580542063
2 0.9525246446981764
3 0.8281617723799441
4 0.7705684716775598
5 0.7316352875816994
6 0.7851162398853619
7 0.840979708679209
8 1.129482560572596
9 1.3636813910675367
10 1.4154316356209118
11 1.3238070435729847
12 1.1142094738562092
13 1.033431724914215
14 0.9715288371165554
15 0.9425686020083653
16 0.9132391378889695
17 0.9102624287216747
18 0.9194206167326711
19 1.0304575738610962
20 1.4621938730936799
21 1.6502004259259229
22 1.6228332968409582
23 1.42724686982571
0 1.239609885076256
1 1.045927776688455
2 0.9252832015250555
3 0.8664736339869288
4 0.8171847723311549
5 0.8034922047930286
6 0.835354060145126
7 0.9684310769510397
8 1.3164309014161208
9 1.4890787282135078
10 1.7093550577342056
11 1.5009613001089352
12 1.2388391339869291
13 1.0730400702614382
14 1.0080430305010892
15 0.9547836612200438
16 0.9286603562091503
17 0.9713429782135059
18 0.9506449889130266
19 0.9956607515157854
20 1.3765807099995595
21 1.7660750588235279
22 1.6602474738562107
23 1.503744043572987
0 1.2964302647058827
1 1.0745320800653597
2 0.9290476154684096
3 0.8354310424836602
4 0.7931109466230934
5 0.8148205642701526
6 0.8522388547732968
7 0.9192477584871706
8 1.1780953951138906
9 1.2634131483544329
10 1.2149574833442427
11 1.1766880650301441
12 1.1333827200020554
13 1.0972412717179683
14 0.0
15 0.0
16 0.0
17 0.0
18 0.0
19 0.0
20 0.0
21 0.8390544642857142
22 0.7239681574074074
23 0.6359386424731182
0 0.5696989087301588
1 0.5335643055555559
2 0.5280754831904982
3 0.5137035244538329
4 0.5125923483032833
5 0.5176259186595044
6 0.535149293437867
7 0.7594168610536516
8 1.0495816443355106
9 1.4638760620915046
10 1.219855008603819
11 1.0571159351297965
12 0.8816424340681662
