0 0.0
1 0.0
2 0.0
3 0.0
4 0.0
5 0.0
6 0.0
7 0.0
8 0.0
9 0.0
10 0.0
11 0.0
12 0.0
13 11.73479901302403
14 14.510085337810361
15 13.97396522181525
16 14.306967816442848
17 9.664858577533597
18 10.204179822954831
19 7.428423951973958
20 4.298600742775748
21 3.527964804639809
22 5.160889204314205
23 4.038261355311356
0 6.8612113756613775
1 5.863548544973549
2 5.7641477207977205
3 6.220248840048839
4 5.521113838013839
5 4.095269688644688
6 5.233851495726496
7 7.465833353683351
8 9.174331532356511
9 15.00924851444851
10 20.8092098188848
11 24.69304976597476
12 25.03554466829465
13 22.283979100529073
14 20.1329510989011
15 16.65714441391941
16 13.259374603174603
17 10.89484017094017
18 6.931858648758646
19 5.676431166056167
20 4.3365657102157105
21 5.770889316239318
22 10.229698422873442
23 10.868453774928787
0 12.624822466422469
1 10.41463302808303
2 10.861002116402116
3 8.582245004070007
4 9.465432102157106
5 6.9420268111518135
6 5.820912098087097
7 6.321144739519742
8 7.493159920634922
9 7.952289295889298
10 10.889643294668279
11 13.622996408221416
12 12.632580189255178
13 14.465611151811165
14 11.80854220594221
15 9.437447354497355
16 9.510213563288563
17 7.281767470492473
18 4.116342826617826
19 5.9549568274318245
20 3.4972977309727304
21 2.6851007427757425
22 5.365261253561254
23 7.344355596255595
0 8.133262352462351
1 8.66818192918193
2 5.850594017094017
3 4.860490231990234
4 4.7754811965811985
5 2.8994986975986983
6 2.724027594627597
7 2.4039001628001655
8 3.023767724867726
9 4.717687708587709
10 7.3325758648758645
11 12.910489824989842
12 13.77877700447703
13 15.55729772079772
14 13.824837891737904
15 12.85247993487996
16 10.033464590964602
17 8.65524554334555
18 5.362481033781036
19 5.045979975579974
20 4.411673056573055
21 10.27244004884003
22 11.709277207977184
23 13.431981929181916
0 12.51995347985349
1 8.93676430606431
2 7.288261416361418
3 6.6041533984533975
4 6.230827798127796
5 6.784004761904764
6 8.908429833129848
7 8.848960602360611
8 13.467476963776969
9 15.974858852258873
10 18.005020472120485
11 23.640400569800562
12 25.713925234025226
13 23.62710484330482
14 17.436236507936503
15 15.757363980463976
16 13.163840577940592
17 18.863439723239715
18 14.055335490435489
19 9.166950549450547
20 5.877750590150587
21 6.131148595848596
22 9.780018070818068
23 12.503544525844527
0 10.917436467236463
1 8.67962564102564
2 6.428616890516888
3 5.075044403744403
4 3.95566157916158
5 4.209627757427757
6 6.740483435083432
7 11.11152592592591
8 17.541456043956053
9 19.37462047212049
10 17.397195924181645
11 22.29772553636838
12 25.91699530786671
13 26.834644035329735
14 32.93013340741473
15 0.0
16 0.0
17 0.0
18 0.0
19 0.0
20 0.0
21 0.0
22 0.0
23 0.0
0 0.0
1 0.0
2 0.0
3 0.0
4 0.0
5 0.0
6 0.0
7 0.0
8 0.0
9 0.0
10 0.0
11 0.0
12 0.0
