0 0.0
1 0.0
2 0.0
3 0.0
4 0.0
5 0.0
6 0.0
7 0.0
8 0.0
9 0.002446564548857152
10 0.002865941990622378
11 0.0031238769278586075
12 0.003041696474487678
13 0.003038919463580846
14 0.003328059673659144
15 0.0030773842950844316
16 0.002928661649866609
17 0.0028883091045305083
18 0.0028640429790395398
19 0.002727341106640164
20 0.0026176084390434986
21 0.002554450832657239
22 0.002648330873719463
23 0.002656453517003765
0 0.0026321776977086195
1 0.0032846750985426215
2 0.003515559128122719
3 0.003728393690761618
4 0.003442233424651722
5 0.0031609665047000355
6 0.002954765886468656
7 0.0027973483668351138
8 0.0027263019364510066
9 0.0027517111192420806
10 0.0029589813121841738
11 0.0031352440574390736
12 0.00463217723311547
13 0.004756608366013075
14 0.00519333754357299
15 0.004399030631808281
16 0.003521149046840959
17 0.00310765998366013
18 0.0028550270751634002
19 0.0027583828649237504
20 0.00276605420479303
21 0.0028543736437908473
22 0.002818177636464949
23 0.0031094466080929944
0 0.003243735536365844
1 0.003186504938982336
2 0.003311029987329556
3 0.0031978980098705738
4 0.0030644172669314273
5 0.0028422051150095544
6 0.002852588970622529
7 0.002805050913148581
8 0.002739975276101762
9 0.002917109419608257
10 0.0030008611827304537
11 0.002892800603531791
12 0.0027742553386244095
13 0.0027180838515725517
14 0.002570119022464588
15 0.002480285404509992
16 0.0024230991029741598
17 0.002384457530694786
18 0.002387840757866993
19 0.0023799898086770714
20 0.002414706964249295
21 0.0024569785444100802
22 0.0025184978158735052
23 0.002550757727240905
0 0.0025654225093577282
1 0.0025571807388444392
2 0.0025390393562672252
3 0.002512586501263111
4 0.002478803601428187
5 0.0024323419015925074
6 0.0024234561795077043
7 0.002419144856380971
8 0.002461827932518006
9 0.0025171147010365313
10 0.00256340766963194
11 0.003242364309529327
12 0.0028983277203862992
13 0.003203318643840202
14 0.0029516387293978177
15 0.0027119054081190834
16 0.0025742046632656044
17 0.0024372471883196147
18 0.002360230044059581
19 0.0023765665740869387
20 0.002815176559280736
21 0.0027992225067907067
22 0.0028784977879061937
23 0.0028458441166655164
0 0.002706518977187222
1 0.0026507185042944754
2 0.0025575472067870066
3 0.0024834776165863497
4 0.00250857919980592
5 0.002494666319249087
6 0.0025036012193253437
7 0.0025517571251199448
8 0.002754943202005885
9 0.003146314483567076
10 0.00338957162644029
11 0.004337885446623095
12 0.0039583724836601344
13 0.0036310458735730766
14 0.003395636484997272
15 0.00331220104406506
16 0.0033292233631211136
17 0.0034051035989160782
18 0.0029793970043572966
19 0.002876843247898136
20 0.0028828679503101196
21 0.003029700735922498
22 0.002936199000561332
23 0.0028233548520011477
0 0.002813073368234094
1 0.002768484945618056
2 0.002892599109782645
3 0.002832908410753846
4 0.0027250868954544825
5 0.005627404302832246
6 0.0043772006100217895
7 0.0041055975490196074
8 0.003932749945533767
9 0.0038982833551198257
10 0.003695772875816993
11 0.005220922363834419
12 0.005054567625272328
13 0.004987890896217072
14 0.0
15 0.0
16 0.0
17 0.0
18 0.0
19 0.0
20 0.0
21 0.0015257370634920644
22 0.001482490037037038
23 0.0013829057885304686
0 0.0012716548342151677
1 0.0011600641426071764
2 0.001134094399004974
3 0.0011385852426919303
4 0.0011024445613462392
5 0.0010526755141512082
6 0.0010258468618550775
7 0.0010407182829188974
8 0.0011040132310399502
9 0.0013532668155816871
10 0.001468081490385163
11 0.0032683757771677585
12 0.0047352978661437915
