0 0.0
1 0.0
2 0.0
3 0.0
4 0.0
5 0.0
6 0.0
7 0.0
8 0.0
9 0.0
10 0.0
11 0.0
12 0.0
13 26.42383037240537
14 34.807902971102976
15 39.89254983719986
16 42.31083463573465
17 38.76234119861622
18 36.5436696886447
19 34.6137166870167
20 41.595764631664636
21 42.15617825600325
22 32.47057631257629
23 26.554718620268613
0 23.13399413919413
1 19.982145787545765
2 16.229574582824576
3 12.053509706959703
4 11.128999898249912
5 9.81515671550672
6 6.831817297517301
7 13.307042857142877
8 16.48107523402526
9 22.868686975986968
10 30.331134188034202
11 38.1230692104192
12 43.924197883597884
13 47.524618274318286
14 41.178203744403746
15 36.24337767602766
16 27.82239381359382
17 26.096716666666687
18 22.686282315832308
19 24.236290354090332
20 29.57796599511601
21 37.795153011803
22 48.37770244200242
23 48.213529181929154
0 51.93882376882377
1 45.28547122507125
2 39.812759584859606
3 33.77015168905172
4 28.48545657305657
5 22.09696298331296
6 17.66711982091981
7 17.78068003663005
8 18.3968154049654
9 17.90866798941799
10 26.15650374440372
11 30.2393679283679
12 27.284109035409024
13 26.277048026048025
14 30.231213451363462
15 21.434973056573075
16 18.84868133903133
17 14.969193264143245
18 19.97619694749692
19 18.21675616605617
20 12.905692104192108
21 23.846506837606828
22 33.185035470085445
23 38.43899454619455
0 39.690607671957686
1 33.40819664224664
2 24.147409177859156
3 18.043243732193723
4 14.81505091575091
5 9.693229629629627
6 9.078890394790394
7 10.378028306878287
8 17.142838481888486
9 22.63527348392347
10 35.85468660968658
11 44.32912238502236
12 37.339518681318665
13 35.99584481074479
14 34.36301666666664
15 30.47054529914529
16 25.363580830280828
17 24.114606735856746
18 23.83289450549451
19 18.988414896214884
20 31.10973341473339
21 48.16414420024421
22 60.367607244607264
23 60.734566829466836
0 54.531769474969465
1 46.46346687016686
2 32.81920427350427
3 29.641880382580368
4 23.74177065527065
5 20.234678266178243
6 22.786140984940996
7 23.233609768009767
8 36.94592043142045
9 41.966277411477414
10 62.03872063492061
11 66.95681456383124
12 59.637450325600334
13 48.902280769230785
14 41.40446606294937
15 38.55041551349883
16 32.665743365893356
17 41.69849455976125
18 38.39966135531134
19 27.946658994709008
20 23.755422948039634
21 33.99365938135941
22 49.980018898385616
23 58.103841242707944
0 51.39655198751867
1 38.563695387328735
2 27.254766761633423
3 20.822616171482856
4 15.869593989960643
5 15.856351702618362
6 21.757816361416346
7 29.830364638447985
8 39.33861704992538
9 38.42986425518925
10 31.638349671008005
11 30.729459608601253
12 42.62365852326682
13 45.25412411539076
14 51.22918945361104
15 0.0
16 0.0
17 0.0
18 0.0
19 0.0
20 0.0
21 0.0
22 0.0
23 0.0
0 0.0
1 0.0
2 0.0
3 0.0
4 0.0
5 0.0
6 0.0
7 0.0
8 0.0
9 0.0
10 0.0
11 0.0
12 63.844952986279225
