0 0.012770902777777801
1 0.0036788194444444403
2 0.00334006388888889
3 0.00433351805555556
4 0.00288297777777778
5 0.00266980833333333
6 0.0031773986111111097
7 0.00566680694444444
8 0.0108021833333333
9 0.00853999305555556
10 0.00623336805555556
11 0.00746656111111111
12 0.00761872638888889
13 0.00704724166666667
14 0.00868039861111111
15 0.008115375000000001
16 0.008743440277777782
17 0.00994275277777777
18 0.0132100125
19 0.0138920833333333
20 0.01377325
21 0.0148436166666667
22 0.0181160138888889
23 0.0159585611111111
0 0.011184224999999999
1 0.009050461111111109
2 0.0111865
3 0.00611639305555556
4 0.00443002638888889
5 0.0040768111111111095
6 0.00384119638888889
7 0.00607605138888889
8 0.00804056388888889
9 0.009414625
10 0.012238430555555499
11 0.0140875555555556
12 0.0130156513888889
13 0.00732624861111111
14 0.007437775000000001
15 0.00669015833333333
16 0.006386411111111111
17 0.00769464166666667
18 0.00862909583333334
19 0.0155100388888889
20 0.0244562222222222
21 0.0270268611111111
22 0.022166166666666702
23 0.021454722222222198
0 0.0149932194444445
1 0.012697191666666701
2 0.0102945116452991
3 0.00788312916666666
4 0.00971547777777778
5 0.00625735555555556
6 0.0055788902777777795
7 0.00810105416666667
8 0.013135263888888901
9 0.013514793888888899
10 0.0116214333333333
11 0.00670711388888889
12 0.00472790527777778
13 0.00430074861111111
14 0.0037337083333333298
15 0.00337394444444445
16 0.0041376
17 0.0036281625
18 0.00540180416666667
19 0.00676682638888889
20 0.0165089305555556
21 0.0193139722222222
22 0.0204498055555556
23 0.0184933611111111
0 0.0119762138888889
1 0.00734543055555555
2 0.00540178611111111
3 0.00340642055555556
4 0.00362883888888889
5 0.00281085277777778
6 0.00551976666666667
7 0.0105146305555556
8 0.0195964722222222
9 0.0199651666666667
10 0.0186949055555556
11 0.0176266361111111
12 0.0075759138888888905
13 0.00702716388888889
14 0.0057833666666666705
15 0.00537022777777778
16 0.0052663305555555595
17 0.00595010277777778
18 0.00789321944444444
19 0.0185873222222222
20 0.0308318888888889
21 0.02940175
22 0.023477527777777802
23 0.0188560277777778
0 0.0140344722222222
1 0.00685092777777778
2 0.006390391666666669
3 0.007823624999999999
4 0.00559519722222222
5 0.00543305
6 0.00728181944444445
7 0.0183390166666667
8 0.019582219444444403
9 0.0196386111111111
10 0.0266464166666667
11 0.017751194444444403
12 0.009343437500000001
13 0.00719555416666667
14 0.00831857916666667
15 0.00680838472222222
16 0.00693437361111111
17 0.00879124722222222
18 0.00723157361111111
19 0.0148557083333333
20 0.0300318277777778
21 0.032231499999999996
22 0.0270325277777778
23 0.020647902777777803
0 0.0135129111111111
1 0.006942691666666671
2 0.00476010555555556
3 0.00349879861111111
4 0.00413056805555555
5 0.014954227777777801
6 0.0186765694444444
7 0.0174134305555556
8 0.0159508694444444
9 0.0142655638888889
10 0.00806741468253968
11 0.0104538888888889
12 0.008613895833333331
13 0.00729964242424242
14 0.0
15 0.0
16 0.0
17 0.0
18 0.0
19 0.010128527777777799
20 0.0120927277777778
21 0.0123831402777778
22 0.00908415694444445
23 0.00566654583333333
0 0.00454150972222222
1 0.0038551944444444397
2 0.004165413888888889
3 0.00374192361111111
4 0.00479449027777778
5 0.00541143472222222
6 0.005590725833333331
7 0.0106906941666667
8 0.0143161055555556
9 0.0192589333333333
10 0.013163790960451999
11 0.0137420388888889
12 0.00999370833333333
