0 57.0
1 42.0
2 40.0
3 32.0
4 28.0
5 34.0
6 40.0
7 60.0
8 97.0
9 57.0
10 38.0
11 39.0
12 35.0
13 45.0
14 37.0
15 34.0
16 32.0
17 41.0
18 38.0
19 55.0
20 44.0
21 36.0
22 58.0
23 55.0
0 49.0
1 33.0
2 45.0
3 40.0
4 26.0
5 36.0
6 32.0
7 50.0
8 84.0
9 111.0
10 135.0
11 109.0
12 97.0
13 70.0
14 42.0
15 43.0
16 46.0
17 45.0
18 49.0
19 54.0
20 46.0
21 56.0
22 48.0
23 52.0
0 62.0
1 54.0
2 59.0
3 37.0
4 25.0
5 29.0
6 38.0
7 60.0
8 74.0
9 58.0
10 26.0
11 52.0
12 36.0
13 31.0
14 39.0
15 35.0
16 36.0
17 30.0
18 41.0
19 48.0
20 41.0
21 50.0
22 44.0
23 46.0
0 32.0
1 46.0
2 41.0
3 23.0
4 11.0
5 17.0
6 29.0
7 55.0
8 106.0
9 169.0
10 82.0
11 32.0
12 35.0
13 30.0
14 38.0
15 39.0
16 37.0
17 34.0
18 44.0
19 44.0
20 70.0
21 75.0
22 50.0
23 44.0
0 54.0
1 28.0
2 36.0
3 33.0
4 18.0
5 21.0
6 18.0
7 46.0
8 110.0
9 150.0
10 43.0
11 42.0
12 41.0
13 29.0
14 37.0
15 47.0
16 37.0
17 32.0
18 41.0
19 41.0
20 50.0
21 63.0
22 52.0
23 51.0
0 52.0
1 23.0
2 38.0
3 31.0
4 29.0
5 28.0
6 21.0
7 38.0
8 96.0
9 92.0
10 47.0
11 34.0
12 43.0
13 45.0
14 39.0
15 38.0
16 33.0
17 43.0
18 48.0
19 46.0
20 41.0
21 47.0
22 44.0
23 41.0
0 57.0
1 23.0
2 37.0
3 30.0
4 26.0
5 19.0
6 25.0
7 40.0
8 104.0
9 99.0
10 98.0
11 41.0
12 0.0
