0 0.809
1 0.635
2 0.527
3 0.614
4 0.625
5 0.725
6 1.172
7 1.541
8 0.507
9 0.467
10 0.459
11 0.464
12 0.459
13 0.415
14 0.416
15 0.431
16 0.5
17 0.52
18 0.762
19 0.862
20 0.839
21 1.02
22 0.828
23 0.718
0 0.638
1 0.722
2 0.721
3 0.619
4 0.668
5 0.698
6 0.93
7 1.48
8 1.774
9 1.977
10 1.257
11 0.944
12 0.765
13 0.453
14 0.418
15 0.502
16 0.553
17 0.61
18 0.921
19 0.669
20 0.732
21 0.748
22 0.87
23 1.068
0 0.814
1 0.887
2 0.714
3 0.573
4 0.684
5 0.737
6 1.053
7 1.362
8 1.166
9 0.52
10 0.802
11 0.46
12 0.39
13 0.438
14 0.443
15 0.424
16 0.453
17 0.576
18 0.66
19 0.818
20 0.866
21 0.771
22 0.796
23 0.749
0 0.79
1 0.727
2 0.541
3 0.385
4 0.506
5 0.75
6 1.214
7 1.868
8 3.047
9 1.07
10 0.564
11 0.502
12 0.495
13 0.483
14 0.508
15 0.492
16 0.529
17 0.592
18 0.675
19 0.886
20 0.921
21 0.798
22 0.864
23 0.903
0 0.654
1 0.638
2 0.605
3 0.533
4 0.514
5 0.514
6 1.085
7 2.172
8 2.45
9 0.665
10 0.534
11 0.547
12 0.518
13 0.54
14 0.567
15 0.553
16 0.579
17 0.606
18 0.614
19 0.856
20 0.965
21 0.955
22 0.954
23 0.895
0 0.699
1 0.711
2 0.72
3 0.605
4 0.645
5 0.671
6 0.781
7 1.82
8 1.675
9 0.703
10 0.619
11 0.546
12 0.52
13 0.535
14 0.537
15 0.54
16 0.544
17 0.582
18 0.605
19 0.679
20 0.832
21 0.897
22 0.851
23 0.91
0 0.653
1 0.662
2 0.629
3 0.485
4 0.467
5 0.627
6 0.856
7 1.875
8 1.693
9 1.234
10 0.591
11 0.569
12 0.0
