0 17.0
1 11.0
2 11.0
3 10.0
4 8.0
5 8.0
6 12.0
7 11.0
8 17.0
9 10.0
10 6.0
11 5.0
12 5.0
13 5.0
14 6.0
15 4.0
16 5.0
17 6.0
18 8.0
19 19.0
20 18.0
21 12.0
22 14.0
23 12.0
0 11.0
1 10.0
2 11.0
3 11.0
4 7.0
5 9.0
6 15.0
7 14.0
8 22.0
9 19.0
10 35.0
11 27.0
12 28.0
13 17.0
14 5.0
15 8.0
16 6.0
17 6.0
18 10.0
19 12.0
20 8.0
21 10.0
22 11.0
23 12.0
0 19.0
1 14.0
2 13.0
3 10.0
4 8.0
5 8.0
6 12.0
7 13.0
8 19.0
9 11.0
10 7.0
11 10.0
12 10.0
13 6.0
14 3.0
15 3.0
16 10.0
17 6.0
18 8.0
19 15.0
20 11.0
21 15.0
22 15.0
23 10.0
0 10.0
1 14.0
2 10.0
3 5.0
4 3.0
5 4.0
6 7.0
7 11.0
8 13.0
9 28.0
10 12.0
11 10.0
12 12.0
13 7.0
14 8.0
15 6.0
16 9.0
17 10.0
18 15.0
19 13.0
20 12.0
21 16.0
22 4.0
23 17.0
0 18.0
1 12.0
2 11.0
3 15.0
4 10.0
5 7.0
6 6.0
7 7.0
8 22.0
9 23.0
10 5.0
11 6.0
12 8.0
13 6.0
14 7.0
15 8.0
16 9.0
17 8.0
18 11.0
19 17.0
20 13.0
21 11.0
22 21.0
23 16.0
0 22.0
1 12.0
2 16.0
3 11.0
4 12.0
5 11.0
6 10.0
7 12.0
8 18.0
9 16.0
10 11.0
11 10.0
12 9.0
13 12.0
14 7.0
15 3.0
16 6.0
17 7.0
18 18.0
19 15.0
20 12.0
21 8.0
22 14.0
23 15.0
0 16.0
1 7.0
2 12.0
3 10.0
4 10.0
5 10.0
6 11.0
7 11.0
8 17.0
9 17.0
10 16.0
11 19.0
12 0.0
