0 0.0031
1 0.0031
2 0.0035
3 0.0031
4 0.0038
5 0.0029
6 0.008
7 0.0161
8 0.0358
9 0.0373
10 0.039299999999999995
11 0.0435
12 0.053399999999999996
13 0.0508
14 0.0507
15 0.0493
16 0.048100000000000004
17 0.047299999999999995
18 0.0288
19 0.0101
20 0.0033
21 0.003
22 0.0028
23 0.0031
0 0.0027
1 0.0029
2 0.0028
3 0.0028
4 0.0029
5 0.0028
6 0.003
7 0.004
8 0.0053
9 0.0074
10 0.0173
11 0.032299999999999995
12 0.0386
13 0.0375
14 0.0362
15 0.0414
16 0.039
17 0.0245
18 0.0032
19 0.0037
20 0.0029
21 0.0028
22 0.0028
23 0.0032
0 0.0027
1 0.0029
2 0.0027
3 0.0027
4 0.0027
5 0.0028
6 0.0032
7 0.0047
8 0.0119
9 0.0252
10 0.032799999999999996
11 0.0418
12 0.0421
13 0.0424
14 0.0439
15 0.046200000000000005
16 0.0451
17 0.037700000000000004
18 0.0313
19 0.013800000000000002
20 0.0031
21 0.0028
22 0.0028
23 0.0028
0 0.0027
1 0.0029
2 0.0028
3 0.0027
4 0.0031
5 0.0028
6 0.0031
7 0.0043
8 0.0060999999999999995
9 0.015300000000000001
10 0.0263
11 0.046799999999999994
12 0.0522
13 0.0506
14 0.043
15 0.0389
16 0.0343
17 0.028399999999999998
18 0.0202
19 0.0035
20 0.0033
21 0.0037
22 0.0031
23 0.0029
0 0.0027
1 0.0028
2 0.0028
3 0.0026
4 0.0029
5 0.0028
6 0.0033
7 0.0048
8 0.0079
9 0.027399999999999997
10 0.0381
11 0.0564
12 0.045700000000000005
13 0.0357
14 0.035
15 0.032799999999999996
16 0.0294
17 0.0245
18 0.0197
19 0.0057
20 0.0029
21 0.0028
22 0.0028
23 0.0027
0 0.0026
1 0.0029
2 0.0027
3 0.0028
4 0.0028
5 0.0027
6 0.003
7 0.0044
8 0.0107
9 0.0277
10 0.0416
11 0.0517
12 0.046299999999999994
13 0.039
14 0.0368
15 0.036899999999999995
16 0.0339
17 0.026699999999999998
18 0.0223
19 0.013
20 0.0028
21 0.0033
22 0.0028
23 0.0028
0 0.0027
1 0.0027
2 0.0028
3 0.0028
4 0.0027
5 0.0028
6 0.0033
7 0.0048
8 0.0095
9 0.023100000000000002
10 0.045899999999999996
11 0.0595
12 0.0
