0 0.0
1 0.0
2 0.0
3 0.0
4 0.0
5 0.0
6 0.0
7 0.0
8 0.0
9 0.03041921568627451
10 0.03492980392156862
11 0.03929411764705882
12 0.0464443137254902
13 0.048716078431372545
14 0.04979176470588235
15 0.04875400423770583
16 0.04861950475955264
17 0.04840703511089378
18 0.03922346155241312
19 0.02420156862745098
20 0.013652549019607843
21 0.008232549019607844
22 0.005422352941176471
23 0.004170588235294117
0 0.003346274509803922
1 0.003036078431372549
2 0.0028670588235294122
3 0.002874923416995034
4 0.0028646120548047015
5 0.002843498510566342
6 0.002876468756047148
7 0.0032649045416998776
8 0.004318042532385291
9 0.005901176470588236
10 0.011629019607843136
11 0.02202235294117647
12 0.030381176470588238
13 0.03400862745098039
14 0.03516941176470589
15 0.038358039215686264
16 0.03874509803921569
17 0.03165607843137255
18 0.01740039215686275
19 0.010494117647058826
20 0.006627058823529412
21 0.004645490196078432
22 0.003657254901960784
23 0.0033537254901960787
0 0.0029556862745098037
1 0.0029295213209477506
2 0.002855672567491317
3 0.0028125989053476674
4 0.0027842035683886507
5 0.0027866717608279238
6 0.002872857814195449
7 0.003702281279703566
8 0.007889803921568626
9 0.01658862745098039
10 0.024753333333333325
11 0.03335333333333333
12 0.037803921568627455
13 0.040179607843137254
14 0.042119607843137244
15 0.04424117647058824
16 0.04453654827375861
17 0.04198616786703826
18 0.03847986370159579
19 0.024979215686274515
20 0.013963137254901965
21 0.008303921568627451
22 0.005471372549019608
23 0.0040505882352941175
0 0.003292156862745098
1 0.0030278431372549016
2 0.0028580392156862745
3 0.002804600789166637
4 0.0028427168163709412
5 0.0028372049690972715
6 0.0028902787627058664
7 0.0034670492556778242
8 0.004878823529411764
9 0.010113725490196079
10 0.018252941176470586
11 0.03261294117647058
12 0.04250274509803922
13 0.04664509803921569
14 0.04490078431372549
15 0.04196823529411764
16 0.038189411764705875
17 0.03337845741322159
18 0.02674823529411765
19 0.01503921568627451
20 0.00907372549019608
21 0.006294901960784314
22 0.00461921568627451
23 0.003689019607843137
0 0.003132549019607843
1 0.0029160784313725487
2 0.0029203643179515114
3 0.0027973922238619334
4 0.002820380258443125
5 0.0028051410271968343
6 0.00291438760406009
7 0.0038473259205571617
8 0.0059247058823529404
9 0.016710588235294116
10 0.027474509803921566
11 0.04204274509803921
12 0.043955294117647065
13 0.0398921568627451
14 0.037508235294117655
15 0.03520901960784313
16 0.03234666666666666
17 0.02841764705882353
18 0.024022745098039217
19 0.014761960784313728
20 0.00874705882352941
21 0.005709019607843136
22 0.004191372549019608
23 0.0033866666666666667
0 0.00294078431372549
1 0.002878039215686274
2 0.0027556862745098045
3 0.002769553577359324
4 0.002765290247268562
5 0.002751123123738914
6 0.0027969362149464715
7 0.0034956856236784614
8 0.007185490196078431
9 0.017491372549019606
10 0.029621960784313724
11 0.04075686274509805
12 0.04361372549019607
13 0.04137803921568628
14 0.03915529411764706
15 0.038091372549019606
16 0.036300298758162194
17 0.03158221010276125
18 0.026796470588235293
19 0.019822352941176468
20 0.011225882352941176
21 0.007192941176470589
22 0.004929803921568627
23 0.0037980392156862744
0 0.003187843137254902
1 0.002896862745098039
2 0.0028101960784313726
3 0.0028064336763951835
4 0.0027825134351233444
5 0.0027623300338177055
6 0.0028833565393139634
7 0.0037980984768747703
8 0.006724313725490196
9 0.0149521568627451
10 0.030510588235294116
11 0.045116470588235286
12 0.0
