0 0.0
1 0.0
2 0.0
3 0.0
4 0.0
5 0.0
6 0.0
7 0.0
8 0.0
9 0.0
10 0.0
11 0.0
12 0.0
13 5.493284493284493
14 5.746031746031746
15 4.872283272283272
16 4.935775335775336
17 5.467643467643468
18 6.733333333333333
19 12.867643467643468
20 15.433943833943834
21 13.717216117216116
22 13.85958485958486
23 12.930647130647131
0 11.966056166056166
1 10.983638583638584
2 10.992429792429792
3 10.997069597069597
4 8.998778998778999
5 8.9997557997558
6 12.0007326007326
7 12.9997557997558
8 17.500366300366302
9 18.25103785103785
10 26.62808302808303
11 26.815873015873017
12 27.41001221001221
13 22.205860805860805
14 13.602197802197802
15 10.800732600732601
16 8.4002442002442
17 7.1997557997558
18 8.599267399267399
19 10.2993894993895
20 9.147985347985347
21 9.572893772893773
22 10.283516483516484
23 11.13992673992674
0 15.068864468864469
1 14.534065934065934
2 13.768009768009769
3 11.884249084249085
4 9.942368742368743
5 8.971428571428572
6 10.485958485958486
7 11.743101343101342
8 15.372893772893773
9 13.186568986568986
10 10.092796092796092
11 10.046153846153846
12 10.021978021978022
13 8.01001221001221
14 5.503785103785104
15 4.251037851037851
16 7.125763125763126
17 6.562637362637362
18 7.280830280830281
19 11.14065934065934
20 11.069352869352869
21 13.035164835164835
22 14.018559218559218
23 12.00927960927961
0 11.004639804639805
1 12.503296703296703
2 11.252503052503053
3 8.126495726495726
4 5.562393162393162
5 4.780952380952381
6 5.890354090354091
7 8.444688644688645
8 10.722588522588522
9 19.36288156288156
10 15.68107448107448
11 12.840537240537241
12 12.42051282051282
13 9.709401709401709
14 8.854456654456655
15 7.427350427350428
16 8.214407814407814
17 9.107936507936508
18 12.054945054945055
19 12.527716727716728
20 12.263736263736265
21 14.13040293040293
22 9.064224664224664
23 13.032967032967033
0 15.517216117216117
1 13.75921855921856
2 12.37997557997558
3 13.69108669108669
4 11.845665445665446
5 9.422466422466423
6 7.71013431013431
7 7.354334554334554
8 14.678388278388278
9 18.84004884004884
10 11.92014652014652
11 8.958730158730159
12 8.478144078144078
13 7.238339438339438
14 7.118681318681318
15 7.558485958485958
16 8.27912087912088
17 8.13968253968254
18 9.57045177045177
19 13.286446886446887
20 13.142124542124542
21 12.06959706959707
22 16.53675213675214
23 16.26959706959707
0 19.136507936507936
1 15.568986568986569
2 15.785592185592186
3 13.393162393162394
4 12.696947496947496
5 11.84884004884005
6 10.924297924297925
7 11.461538461538462
8 14.73137973137973
9 15.366300366300367
10 13.181929181929181
11 11.59023199023199
12 10.293528693528694
13 11.146764346764346
14 9.072283272283272
15 6.035164835164835
16 6.016849816849817
17 6.507936507936508
18 12.254945054945056
19 13.627838827838827
20 12.813186813186814
21 10.405616605616606
22 12.203174603174602
23 13.602197802197802
0 14.801953601953603
1 10.9003663003663
2 11.450793650793651
3 10.726251526251525
4 10.363614163614164
5 10.182173382173382
6 10.59023199023199
7 10.794627594627595
8 13.897924297924298
9 15.45006105006105
10 15.725274725274724
11 17.363125763125762
12 0.0
