0 0.027
1 0.0241
2 0.0221
3 0.020300000000000002
4 0.0214
5 0.0258
6 0.0254
7 0.0246
8 0.0111
9 0.0104
10 0.0099
11 0.009
12 0.008199999999999999
13 0.0053
14 0.0053
15 0.0057
16 0.0076
17 0.0104
18 0.0205
19 0.030100000000000002
20 0.0294
21 0.027600000000000003
22 0.026
23 0.022600000000000002
0 0.0206
1 0.0198
2 0.0181
3 0.0173
4 0.018600000000000002
5 0.0159
6 0.0171
7 0.0197
8 0.0241
9 0.0327
10 0.0317
11 0.0256
12 0.019899999999999998
13 0.0088
14 0.0070999999999999995
15 0.0077
16 0.008199999999999999
17 0.0119
18 0.0258
19 0.023899999999999998
20 0.0225
21 0.0217
22 0.0217
23 0.0206
0 0.0197
1 0.0174
2 0.0174
3 0.0173
4 0.0148
5 0.0143
6 0.0129
7 0.0165
8 0.0211
9 0.0095
10 0.013099999999999999
11 0.0096
12 0.0060999999999999995
13 0.005
14 0.0050999999999999995
15 0.0052
16 0.0060999999999999995
17 0.0092
18 0.0125
19 0.022
20 0.0208
21 0.020300000000000002
22 0.0198
23 0.019
0 0.016399999999999998
1 0.014
2 0.011300000000000001
3 0.0115
4 0.0116
5 0.0116
6 0.0112
7 0.0185
8 0.0354
9 0.0212
10 0.0111
11 0.008400000000000001
12 0.007
13 0.005900000000000001
14 0.0058
15 0.0055
16 0.0066
17 0.0095
18 0.014199999999999999
19 0.0257
20 0.027
21 0.0258
22 0.0246
23 0.0215
0 0.0205
1 0.0179
2 0.0148
3 0.013800000000000002
4 0.013800000000000002
5 0.0149
6 0.0148
7 0.0217
8 0.0352
9 0.015
10 0.0114
11 0.0103
12 0.0062
13 0.0054
14 0.0054
15 0.0053
16 0.005900000000000001
17 0.008
18 0.009
19 0.0181
20 0.019899999999999998
21 0.019
22 0.0183
23 0.0172
0 0.0172
1 0.0173
2 0.016300000000000002
3 0.016399999999999998
4 0.013699999999999999
5 0.011800000000000001
6 0.0121
7 0.0171
8 0.0264
9 0.013699999999999999
10 0.0109
11 0.0079
12 0.006
13 0.005
14 0.0054
15 0.0052
16 0.0057
17 0.0072
18 0.009699999999999999
19 0.0145
20 0.0202
21 0.0232
22 0.0216
23 0.019399999999999997
0 0.0189
1 0.0166
2 0.015300000000000001
3 0.0189
4 0.0182
5 0.017
6 0.0171
7 0.0218
8 0.0286
9 0.0291
10 0.0123
11 0.0109
12 0.0
