0 0.0
1 0.0
2 0.0
3 0.0
4 0.0
5 0.0
6 0.0
7 0.0
8 0.0
9 0.6680117647058824
10 0.563372549019608
11 0.5133921568627451
12 0.4858705882352941
13 0.4498274509803921
14 0.43143137254901953
15 0.441680896639305
16 0.45178527639481514
17 0.46805694576317014
18 0.6141373894185086
19 0.7456666666666666
20 0.793078431372549
21 0.9077254901960784
22 0.8686705882352943
23 0.7938980392156862
0 0.7183623914697665
1 0.7367767721377646
2 0.7304998265569965
3 0.6836451381243955
4 0.6762345754268049
5 0.6859652089996052
6 0.767215012795443
7 1.144713725490196
8 1.4615843137254902
9 1.7217529411764707
10 1.4904274509803923
11 1.217850980392157
12 0.9916156862745099
13 0.7218274509803921
14 0.5689098039215685
15 0.5335372549019608
16 0.5408745098039217
17 0.5727568627450981
18 0.7462196078431372
19 0.7070705882352942
20 0.7194705882352942
21 0.7343137254901959
22 0.7958939737948445
23 0.9307877689743501
0 0.8717649046927933
1 0.8766229040737026
2 0.8139900023825778
3 0.6960556947619692
4 0.6903142913236517
5 0.7119170864339749
6 0.8705896006723147
7 1.1226823529411767
8 1.145031372549019
9 0.8317960784313724
10 0.8170705882352941
11 0.6383137254901959
12 0.5135803921568627
13 0.4752039215686274
14 0.45790588235294116
15 0.4391137254901961
16 0.4446588235294118
17 0.5104392156862744
18 0.564661289365778
19 0.7021725490196077
20 0.7850196078431372
21 0.7786627450980393
22 0.7880235294117647
23 0.7692944546723742
0 0.7777196391468244
1 0.7671957760160427
2 0.6771641629693796
3 0.5152627450980393
4 0.5099254901960784
5 0.629921568627451
6 0.9227803921568627
7 1.3975843137254902
8 2.2267176470588237
9 1.6490313725490195
10 1.1065607843137253
11 0.8045098039215687
12 0.6497333333333334
13 0.5658431372549019
14 0.5355372549019607
15 0.5110705882352942
16 0.5150980392156861
17 0.5277973010733883
18 0.5767190425210535
19 0.7349911572526957
20 0.8284465405625736
21 0.8134169666045014
22 0.8380855304742327
23 0.8648315809192558
0 0.7845330555135316
1 0.7436503416586961
2 0.6900702822735325
3 0.6105075385744644
4 0.5656229505286543
5 0.5420211784062346
6 0.809235294117647
7 1.4931058823529413
8 1.9750745098039217
9 1.3200901960784315
10 0.9269058823529412
11 0.7369803921568628
12 0.6274980392156863
13 0.5838000000000001
14 0.5743843137254901
15 0.5605176470588236
16 0.5604126551756569
17 0.5636384927613136
18 0.5764114465959482
19 0.6995784561446986
20 0.8254609554651743
21 0.87986456448016
22 0.9134603833226299
23 0.9043105732377937
0 0.8266965211553321
1 0.7862968578160393
2 0.7825944903512078
3 0.7007331784229032
4 0.6782667982102595
5 0.6728980493699276
6 0.7085139422339051
7 1.2728509803921568
8 1.4758392156862747
9 1.0894039215686275
10 0.8540039215686273
11 0.699886274509804
12 0.6096980392156863
13 0.5720823529411764
14 0.5540627450980392
15 0.544521568627451
16 0.548110304350976
17 0.55236943090096
18 0.5588260357514643
19 0.5958595623765648
20 0.6943207560907568
21 0.7853289223547179
22 0.8130030035246087
23 0.8550801045666605
0 0.7774198488578195
1 0.7405308605060836
2 0.7091186998406169
3 0.5866205663198792
4 0.5247073225447737
5 0.5738693803850288
6 0.7112260524629158
7 1.2968352941176473
8 1.4969568627450978
9 1.3666000000000003
10 0.9787254901960786
11 0.7740274509803922
12 0.0
