0 0.0
1 0.0
2 0.0
3 0.0
4 0.0
5 0.0
6 0.0
7 0.0
8 0.0
9 0.0
10 0.0
11 0.0
12 0.0
13 42.55140415140415
14 39.775335775335776
15 36.887912087912085
16 34.44444444444444
17 37.723076923076924
18 37.86129426129426
19 46.43003663003663
20 44.741889025217134
21 40.96731587481761
22 48.55097639116182
23 51.44762851754048
0 50.35541242886109
1 42.57111707928323
2 43.66278191874394
3 42.02298663728223
4 33.848351648351645
5 34.92356532356532
6 33.46105006105006
7 41.72991452991453
8 62.86984126984127
9 86.94407814407815
10 110.98144078144078
11 109.9973137973138
12 103.50451770451771
13 86.75677655677656
14 64.37802197802198
15 53.68937728937729
16 49.84713064713065
17 47.42466422466423
18 48.214407814407814
19 51.10769230769231
20 48.54920634920635
21 52.26788766788767
22 50.123321123321126
23 51.054700854700855
0 55.31896781855318
1 54.182426273504
2 55.61943150971263
3 48.635867459785096
4 36.03003663003663
5 32.513064713064715
6 35.25518925518926
7 47.62832722832723
8 60.817582417582415
9 59.40903540903541
10 42.7018315018315
11 47.35091575091575
12 41.67228327228327
13 36.333333333333336
14 37.66422466422466
15 36.331868131868134
16 36.16727716727717
17 33.08376068376069
18 37.042246642246646
19 42.51965811965812
20 41.75579975579976
21 45.87692307692308
22 44.57206090448244
23 45.04659961424113
0 39.82446931885785
1 42.3077707776403
2 41.786407691427584
3 32.34090354090354
4 21.66739926739927
5 19.33211233211233
6 24.164590964590964
7 39.58315018315018
8 72.7995115995116
9 120.91428571428571
10 101.46178266178266
11 66.72918192918193
12 50.86495726495726
13 40.43052503052503
14 39.214896214896214
15 39.10940170940171
16 38.05787545787546
17 36.031013431013434
18 40.01733821733822
19 42.00732600732601
20 55.999267399267396
21 65.48815628815629
22 57.74017094017094
23 50.87155067155067
0 52.43809523809524
1 40.21880341880342
2 38.10915750915751
3 35.55384615384615
4 26.774603174603175
5 23.885714285714286
6 20.93968253968254
7 33.47008547008547
8 71.73992673992674
9 110.87912087912088
10 76.93870573870574
11 59.46910866910867
12 50.23296703296703
13 39.61660561660562
14 38.30842490842491
15 42.655921855921854
16 39.83028083028083
17 35.91648351648352
18 38.46105006105006
19 39.72991452991453
20 44.857631257631255
21 53.918192918192915
22 52.96019536019536
23 51.98119658119658
0 51.99194139194139
1 37.49523809523809
2 37.747741147741145
3 34.371916971916974
4 31.684981684981686
5 29.842002442002443
6 25.418559218559217
7 31.70891330891331
8 63.86007326007326
9 77.93357753357753
10 62.46617826617827
11 48.23101343101343
12 45.61440781440781
13 45.30989010989011
14 42.15506715506716
15 40.07838827838828
16 36.53968253968254
17 39.77167277167277
18 43.88913308913309
19 44.94554334554334
20 42.96605616605616
21 44.03208778694593
22 44.011489421965
23 43.09506448457503
0 48.876725559357
1 36.434432234432236
2 36.716971916971914
3 33.357509157509156
4 29.67789987789988
5 24.336019536019535
6 24.665201465201466
7 32.331868131868134
8 68.17362637362638
9 83.59316239316239
10 90.8031746031746
11 65.9015873015873
12 0.0
