0 1.08460225988701
1 0.985001805555556
2 1.01957402777778
3 1.03119194444445
4 1.10395458333333
5 1.18767222222222
6 1.19515373563218
7 1.1800875
8 1.16043194444444
9 1.27256527777778
10 1.26832777777778
11 1.35915277777778
12 1.42714305555556
13 1.57006388888889
14 1.52793194444444
15 1.23473916666667
16 1.24367988505747
17 1.3011625
18 1.12589013888889
19 1.25074625
20 1.14920263888889
21 1.10658375
22 1.23423163841808
23 1.26771944444445
0 1.19164722222222
1 1.14095555555556
2 1.18499722222222
3 1.21785416666667
4 1.19310972222222
5 1.11247316384181
6 1.2342625
7 1.42805694444445
8 1.35035138888889
9 1.36769861111111
10 1.41830277777778
11 1.36434802259887
12 1.08491222222222
13 0.988271944444445
14 1.00805194444444
15 0.749419861111111
16 0.678327777777778
17 0.629020833333333
18 0.653010138888889
19 0.854582222222222
20 0.829879305555556
21 0.93943125
22 1.43714333333333
23 1.4889406779661
0 1.18582361111111
1 0.983710694444444
2 0.970440416666667
3 0.907400138888889
4 1.10442138888889
5 1.03195423728814
6 1.078525
7 1.11779166666667
8 1.21165555555556
9 1.13304583333333
10 1.15484722222222
11 0.999655983564458
12 0.536970277777778
13 0.531276271186441
14 0.0
15 0.0
16 0.0
17 0.0
18 0.0
19 0.0
20 0.0
21 0.0
22 0.0
23 0.0
0 0.0
1 0.0
2 0.0987904444444444
3 0.101270861111111
4 0.1040065
5 0.152738777777778
6 0.209150552131484
7 0.302867222222222
8 0.447483194444445
9 0.428480138888889
10 0.378362222222222
11 0.382329583333333
12 0.0
13 0.0
14 0.0
15 0.0
16 0.0
17 0.0
18 0.0
19 0.0
20 0.0
21 0.0
22 0.0
23 0.0
0 0.0
1 0.000178594444444444
2 0.00608829722222222
3 0.0104537736111111
4 0.0280528013888889
5 0.0566484722222222
6 0.131249583333333
7 0.268560828625235
8 0.408673333333333
9 0.425399861111111
10 0.450584444444444
11 0.206295416666667
12 0.0
13 0.0
14 0.0
15 0.0
16 0.0
17 0.0
18 0.0
19 0.0
20 0.0
21 0.0
22 0.0
23 0.0
0 0.0
1 0.00696577118644068
2 0.0120678930555556
3 0.0653641527777778
4 0.081342875
5 0.0840209861111111
6 0.125982513888889
7 0.219055603448276
8 0.573191666666667
9 0.614088055555555
10 0.394962638888889
11 0.540190777777778
12 0.141142680555556
13 0.054599947740113
14 0.0
15 0.0
16 0.0
17 0.0
18 0.0
19 0.0
20 0.0
21 0.0
22 0.00222832777777778
23 0.00360112222222222
0 0.00590873472222222
1 0.000246245762711865
2 0.0464389444444444
3 0.0999233611111111
4 0.119129027777778
5 0.0737689027777778
6 0.145895722222222
7 0.228212787356322
8 0.348570441919192
9 0.396126805555556
10 0.560349027777778
11 0.599291212121212
12 0.190613972222222
