0 32.46725
1 22.7234444444445
2 19.1248888888889
3 22.6129722222222
4 17.8136944444444
5 37.6746666666667
6 37.5780277777778
7 43.9511111111111
8 38.2980277777778
9 46.4905555555556
10 38.865
11 48.9148611111111
12 66.5763559322034
13 76.0272222222222
14 101.615777777778
15 93.7544166666667
16 87.3929722222222
17 90.4118888888888
18 62.4553055555556
19 59.8064166666667
20 47.6850833333333
21 36.0827966101695
22 30.748813559322
23 49.8391388888889
0 38.3030555555556
1 29.9281944444445
2 34.5829444444444
3 31.1492777777778
4 34.51825
5 27.4262222222222
6 31.8729444444444
7 45.5034463276836
8 50.735395480226
9 30.29
10 36.5544444444444
11 25.4283611111111
12 23.5305555555556
13 45.1233055555556
14 78.8220555555555
15 66.1932777777778
16 63.9553611111111
17 56.9514444444444
18 62.9071388888889
19 50.3752222222222
20 37.5785833333333
21 28.1090833333333
22 32.0923055555556
23 57.8378813559322
0 39.8460555555555
1 28.3493611111111
2 40.4985310734463
3 28.4745833333333
4 23.2837222222222
5 23.270790960452
6 25.8704444444445
7 45.4649166666667
8 35.613813559322
9 10.4132222222222
10 2.78638888888889
11 24.0179722222222
12 17.4819444444444
13 83.0731111111111
14 104.577570621469
15 126.523
16 124.579548022599
17 130.043194444444
18 110.820194444444
19 98.4330277777778
20 60.6755277777778
21 37.8077586206897
22 21.4570555555556
23 9.30877777777778
0 5.98238888888889
1 15.9370555555556
2 6.4165
3 0.256833333333334
4 0.0
5 0.0
6 0.0
7 0.0
8 0.0
9 8.6985
10 26.8967777777778
11 52.5609722222222
12 73.0921388888889
13 86.5617796610169
14 112.929916666667
15 119.059
16 129.796527777778
17 108.928138888889
18 127.829583333333
19 88.6356944444445
20 42.8310833333333
21 24.0966111111111
22 5.35216666666666
23 3.2365
0 14.4245833333333
1 5.82033333333334
2 0.562111111111111
3 0.0
4 0.0
5 0.0
6 0.0
7 0.0
8 0.0
9 21.4363888888889
10 46.2257183908046
11 54.27025
12 76.5310833333333
13 108.271805555556
14 124.946111111111
15 116.499406779661
16 119.835583333333
17 117.827413793103
18 127.902472222222
19 102.124124293785
20 72.8766666666667
21 51.2593333333334
22 29.96825
23 43.3090833333333
0 20.9861111111111
1 11.9637777777778
2 2.35911111111111
3 0.0
4 0.0
5 0.0
6 0.0
7 0.0
8 0.0
9 19.5733333333333
10 36.3606214689266
11 82.2048611111111
12 81.8353735632184
13 90.9018926553672
14 94.3093611111111
15 107.269548022599
16 110.091777777778
17 99.8329166666667
18 118.453192090395
19 104.807372881356
20 68.4971944444444
21 41.1521186440678
22 7.13166666666666
23 5.54844444444444
0 3.25761111111111
1 0.0
2 0.0
3 2.73827777777778
4 8.55672222222222
5 8.19844444444444
6 3.30372222222222
7 19.2373333333333
8 39.4456779661017
9 45.1224166666666
10 57.3020833333333
11 95.5949722222222
12 75.1873611111111
