0 0.0035211857429378497
1 0.001988674025
2 0.00202213705555556
3 0.0014986502611111102
4 0.0017751359499999998
5 0.0
6 0.00013277979885057502
7 0.0007390588472222221
8 0.0021582361166666703
9 0.0023804237222222204
10 0.0035769325833333297
11 0.00444464802777778
12 0.019638058333333302
13 0.0256979027777778
14 0.0398943194444445
15 0.0572718333333333
16 0.0580963362068966
17 0.0457627777777778
18 0.029798083333333298
19 0.0222839722222222
20 0.0203082
21 0.0179784555555556
22 0.009855381612737552
23 0.005305507361111111
0 0.008075056944444442
1 0.00998482777777778
2 0.00450609013888889
3 0.00145779216944444
4 0.00108809971944444
5 0.00386195783898305
6 0.000365823738888888
7 0.000278218727777778
8 0.0008261839250000001
9 0.00466596083333333
10 0.00904168888888889
11 0.0235630734463277
12 0.0426267777777778
13 0.0548905
14 0.0764034166666667
15 0.059925861111111096
16 0.0632860277777778
17 0.0561427011494253
18 0.05380975
19 0.0419690833333333
20 0.0373435277777778
21 0.0291746666666667
22 0.00540708611111111
23 0.00163183855649718
0 0.000554111594444444
1 0.000445237719444445
2 0.0007544466068181819
3 0.00883970470277778
4 0.007406925
5 0.008891190677966098
6 0.00889981805555555
7 0.004071912083333329
8 0.00409143638888889
9 0.00930143194444445
10 0.0207045694444444
11 0.033822232922444795
12 0.039027625
13 0.0324814166666667
14 0.0535869356060606
15 0.0636937916666667
16 0.0492772083333333
17 0.046651458333333305
18 0.0328940241397021
19 0.020319875
20 0.0170435791666667
21 0.013893154166666699
22 0.016724772222222198
23 0.0050215845000000005
0 0.00100067709770115
1 0.000533897788888889
2 0.0004409418
3 0.000260247216666667
4 0.002567649
5 0.00370422166666667
6 0.00192568049101181
7 0.0017057645555555601
8 0.00275643986111111
9 0.010924350000000001
10 0.0207642638888889
11 0.022916722222222203
12 0.036997655367231604
13 0.0447643522727273
14 0.0604300126262626
15 0.0700549861111111
16 0.06275516666666671
17 0.0582756111111111
18 0.0453680819209039
19 0.0244710416666667
20 0.0178095194444445
21 0.0115303569444445
22 0.00561024854166667
23 0.00136028080555556
0 0.0005231939224137931
1 0.0033853941166666697
2 0.006185324
3 0.007283429166666669
4 0.00814971944444445
5 0.00771287777777778
6 0.00608006666666667
7 0.0071106497175141194
8 0.008131713888888888
9 0.0142902666666667
10 0.0155178916666667
11 0.0304250833333333
12 0.0495885555555556
13 0.0709606497175141
14 0.0717077083333333
15 0.0708123409090909
16 0.0826747777777778
17 0.0782050277777778
18 0.07138415277777779
19 0.0496934745762712
20 0.0353333472222222
21 0.025937625
22 0.0017253618527777802
23 0.00025695948055555603
0 0.00319891036111111
1 0.00236960224858757
2 0.00725595277777778
3 0.004477775000000001
4 0.010710747222222199
5 0.0088105225
6 0.006589125
7 0.00445152126436782
8 0.00169999366666667
9 0.005635038888888891
10 0.0157760055555556
11 0.0228687222222222
12 0.0338369722222222
13 0.041102412429378496
14 0.0486714166666667
15 0.053910694444444504
16 0.045700472222222205
17 0.045436972222222205
18 0.028977444444444403
19 0.021590790960452
20 0.014579197222222201
21 0.0193787388888889
22 0.0223850555555555
23 0.021645583333333298
0 0.0217854722222222
1 0.00755990046224961
2 0.0007653285
3 0.00232379863888889
4 0.00273517414166667
5 0.00832189166666666
6 0.00586169797979798
7 0.00516863793103448
8 0.00349003361111111
9 0.0055618416666666694
10 0.00835163611111111
11 0.017067758333333297
12 0.0457575303030303
