0 0.00630794519774011
1 0.00533528611111111
2 0.00450245833333333
3 0.004474975
4 0.00456121388888889
5 0.00465368333333333
6 0.00469677586206896
7 0.00418633055555555
8 0.0036795611111111104
9 0.00376658333333333
10 0.00373244166666667
11 0.00500676388888889
12 0.0827322777777778
13 0.114755194444444
14 0.132981388888889
15 0.136891388888889
16 0.0631514942528736
17 0.0719535
18 0.053501777777777794
19 0.050533416666666706
20 0.0439792222222222
21 0.0167921666666667
22 0.00961296122239342
23 0.014559455555555599
0 0.028907722222222203
1 0.0260699611111111
2 0.0195121777777778
3 0.0116393972222222
4 0.009868836111111109
5 0.00721093502824859
6 0.0067565856060606
7 0.006546437121212121
8 0.00589479595959596
9 0.00713047777777778
10 0.0113768111111111
11 0.017240186440678
12 0.014312
13 0.011549575000000001
14 0.038498125
15 0.0290131111111111
16 0.0238393194444444
17 0.0128810229885057
18 0.00862085833333333
19 0.0350884236111111
20 0.00551860416666667
21 0.0069099
22 0.045620791666666695
23 0.07146588700564971
0 0.0224974444444444
1 0.0159979027777778
2 0.015461654040404
3 0.0134372777777778
4 0.0107954972222222
5 0.0105400960451977
6 0.010010893181818201
7 0.008023288888888891
8 0.00761280555555555
9 0.00946970227272727
10 0.017607527777777802
11 0.025397325372367798
12 0.0130404085858586
13 0.0909336111111111
14 0.0913828055555555
15 0.0672385
16 0.0286821666666667
17 0.019046941666666702
18 0.00300036641499744
19 0.045753806666666695
20 0.0809914722222222
21 0.07184494444444449
22 0.0204889916666667
23 0.00508787777777778
0 0.0136026925287356
1 0.0140644055555556
2 0.00837085555555556
3 0.006827825
4 0.00581126944444445
5 0.00753267222222223
6 0.00896619311761685
7 0.008368919444444449
8 0.00755572222222222
9 0.0107669055555555
10 0.013677916666666701
11 0.0150335833333333
12 0.00999531920903955
13 0.0051711972222222196
14 0.02113875
15 0.0336507777777778
16 0.024440361111111097
17 0.020788194444444498
18 0.0297272288135593
19 0.0164133805555555
20 0.01049625
21 0.017546775
22 0.00313500277777778
23 0.00602209166666667
0 0.010145341954023
1 0.009403066666666661
2 0.00864556944444444
3 0.00758625
4 0.0056482916666666695
5 0.004939
6 0.004426172222222221
7 0.00409249811676083
8 0.0041916744949495
9 0.005431405555555559
10 0.00727781388888889
11 0.00699375555555555
12 0.00592973611111111
13 0.044895376647834294
14 0.06253302777777779
15 0.0231078055555556
16 0.0222899444444444
17 0.0157369472222222
18 0.0379658055555556
19 0.0255189463276836
20 0.0047541397222222205
21 0.0150309967171717
22 0.0342852348484848
23 0.015035916666666701
0 0.0129793611111111
1 0.0145091807909604
2 0.016282638888888902
3 0.0168622916666667
4 0.0146306944444444
5 0.012236
6 0.0127110416666667
7 0.00953367385057472
8 0.00823218194444444
9 0.00877258333333333
10 0.00869924722222222
11 0.15783611111111098
12 0.0638105972222222
13 0.048819077212806
14 0.018878304166666703
15 0.0413466069444445
16 0.0682275972222222
17 0.0398550777777778
18 0.0913255611111111
19 0.08395283898305089
20 0.117161722222222
21 0.0512431388888889
22 0.013619991666666699
23 0.0114746875
0 0.00606145694444445
1 0.005108002953261429
2 0.00497457361111111
3 0.00483270138888889
4 0.0046976347222222195
5 0.00406015972222222
6 0.0106627486111111
7 0.0136734770114942
8 0.0147652083333333
9 0.0152836742424242
10 0.0284027777777778
11 0.027646527777777798
12 0.0150744805555556
