0 0.0
1 0.0
2 0.0
3 0.0
4 0.0
5 0.0
6 0.0
7 0.0
8 0.0
9 0.00414578231059011
10 0.004028685429542905
11 0.004269043463050688
12 0.04372587042070469
13 0.07945641774847848
14 0.10647044177559907
15 0.12194112132897605
16 0.09266291942453614
17 0.08244190954886937
18 0.06806943059687479
19 0.059390691578393835
20 0.051608970516865756
21 0.03400848422357451
22 0.02156882384520652
23 0.017824273164433344
0 0.023298853042287283
1 0.024594439353387645
2 0.021986662291072916
3 0.016736766973423158
4 0.013235918432245348
5 0.010204640001544186
6 0.00847501206729978
7 0.0074950127934042985
8 0.006649780991671449
9 0.006852993142894549
10 0.009071784721964734
11 0.01318055037381124
12 0.013754987272962265
13 0.012660788273680645
14 0.02564169494937746
15 0.027371455332185254
16 0.02564057272848119
17 0.019272073437338014
18 0.013941062056359638
19 0.024549739377206812
20 0.015016929819322362
21 0.010954317507700395
22 0.02830152060025544
23 0.049966944540000696
0 0.036229563364771566
1 0.02611984460027325
2 0.020804162645254455
3 0.01707826698439194
4 0.013947228952435612
5 0.012250780530277826
6 0.011061013525685568
7 0.009417753956077897
8 0.00848609418936792
9 0.008965097837900435
10 0.013290520403402596
11 0.019367373961600085
12 0.01620829306071686
13 0.05372858642918047
14 0.07271524876172827
15 0.07009298263794475
16 0.04942888712507261
17 0.034256693296642084
18 0.018599888362951567
19 0.032216762184013634
20 0.05673735458279707
21 0.06425372075545084
22 0.042232348732845267
23 0.023538249290169913
0 0.018540903313103874
1 0.016292884755680498
2 0.012342400526481868
3 0.00950878730899257
4 0.007512616214409143
5 0.007396541723762307
6 0.00815877369804438
7 0.008270279986277098
8 0.007901144299727084
9 0.00921583030323259
10 0.01151314395619539
11 0.013289453366986568
12 0.01165096349302848
13 0.008406263421553517
14 0.014796374469369667
15 0.024273148394815567
16 0.024389861888039578
17 0.02260867775229869
18 0.026199422522432705
19 0.021309107023743556
20 0.015903660729108954
21 0.016749483703334435
22 0.009906941775414495
23 0.007910342826705071
0 0.008999812941036411
1 0.009179116023895111
2 0.00887100614717151
3 0.008211319974457216
4 0.0069203000199083466
5 0.005904928882503193
6 0.005168082257155736
7 0.0046265066701937614
8 0.004397416724808741
9 0.00490662356937605
10 0.005988871096378492
11 0.006394324981377904
12 0.0061922301039319385
13 0.02564386522711328
14 0.04420238151333878
15 0.03369237845099385
16 0.028026648251541664
17 0.021902004681326376
18 0.029994077651120728
19 0.027792835892876917
20 0.016271182716590962
21 0.015592532109174152
22 0.02488349564955635
23 0.01994387892499606
0 0.016443363972301943
1 0.015473864996471836
2 0.015835735929608477
3 0.016332039965468927
4 0.015500732998529648
5 0.013862886113544878
6 0.013867101000776481
7 0.011706118224804883
8 0.009795972272352804
9 0.009273029572533995
10 0.00897126900195327
11 0.08368010931034475
12 0.0738417844482007
13 0.061402162354450014
14 0.04015232593212699
15 0.040811844738469806
16 0.05463735904951812
17 0.04730716448118608
18 0.0694783751763229
19 0.07657073791865147
20 0.09697084011945635
21 0.07411174256628258
22 0.04385555669980797
23 0.027606549708836445
0 0.01671210893393893
1 0.010841924424336418
2 0.007738933355959059
3 0.006130679847729539
4 0.005193639466348429
5 0.004534383948860488
6 0.007592767764190587
7 0.010637433739825718
8 0.012718387215773409
9 0.014020983025744222
10 0.021257818056989765
11 0.024496905910303172
12 0.019806039989465334
