0 0.0
1 0.0
2 0.0
3 0.0
4 0.0
5 0.0
6 0.0
7 0.0
8 0.0
9 0.0
10 0.0
11 0.0
12 0.0
13 65.86528456847608
14 83.75060332073252
15 88.76119637275265
16 88.08557993579974
17 89.25517363361682
18 75.85827711324039
19 67.83428282469782
20 57.760829239645055
21 46.920542136269255
22 38.83368686044024
23 44.33652572909409
0 41.31633846889668
1 35.61663775975022
2 35.0916063849626
3 33.11279798626778
4 33.80906798309455
5 30.609954545067822
6 31.237715384730325
7 37.73179554992364
8 43.77138231693951
9 37.576023001097724
10 37.10834484251861
11 31.22100125858441
12 27.366123875402703
13 36.24657004040114
14 57.53971439884659
15 61.87077496499106
16 62.91666231291202
17 59.93765841191657
18 61.42618792933371
19 55.9012999202095
20 46.73833517840182
21 37.423442965676266
22 34.75732943291278
23 46.301562600801574
0 43.07580120272066
1 35.71053305625113
2 38.09985275783013
3 33.2826125883846
4 28.278201393229054
5 25.770383764937716
6 25.815891919777265
7 35.63980474431409
8 35.62656925318875
9 23.01773507090314
10 12.898483723892758
11 18.454098558022835
12 17.965290840536298
13 50.52588275238047
14 77.55955074547762
15 102.0532470963855
16 113.32876579219072
17 121.6990170418197
18 116.2699781179792
19 107.35797036071259
20 84.01980910761131
21 60.917128740389636
22 41.1893718386523
23 25.24727881377738
0 15.613429754195705
1 15.767045334295
2 11.07978718843914
3 5.652893146519123
4 0.0
5 0.0
6 0.0
7 0.0
8 0.0
9 0.0
10 0.0
11 38.81811078694699
12 57.06859880715132
13 72.28456459922951
14 92.93286984753392
15 106.1101957753163
16 117.99980556478727
17 113.45509584065819
18 120.64936524070659
19 104.6347101867875
20 73.72535052967538
21 48.91286093164002
22 27.12988319950607
23 15.177169075672177
0 14.793712888806091
1 10.297164570614566
2 5.415917718084382
3 0.0
4 0.0
5 0.0
6 0.0
7 0.0
8 0.0
9 0.0
10 0.0
11 47.196979236351844
12 62.83388566064785
13 86.28698889091632
14 105.93399899653353
15 111.25829898173164
16 115.56375936214329
17 116.69780150368085
18 122.30561324160175
19 112.20993923937199
20 92.53850035563559
21 71.90255822964255
22 50.93341907594573
23 47.11991284485115
0 34.046229930090746
1 22.993244631983387
2 12.661209983879361
3 0.0
4 0.0
5 0.0
6 0.0
7 0.0
8 0.0
9 0.0
10 0.0
11 60.057011617241486
12 71.66815414016988
13 81.60026516745768
14 88.06550551210807
15 97.74313323393028
16 103.9416685343715
17 101.88327229536479
18 110.1763308829068
19 107.49054046102695
20 87.98910636042596
21 64.5732472745681
22 35.848888111667165
23 20.689306520221045
0 11.963864461276323
1 0.0
2 0.0
3 0.0
4 0.0
5 7.649127907513719
6 5.354792043929699
7 12.451995912466801
8 26.105328812535557
9 35.670416636250756
10 46.524181703752554
11 71.10658983543647
12 73.15726042730937
