0 0.0
1 0.0
2 0.0
3 0.0
4 0.0
5 0.0
6 0.0
7 0.0
8 0.0
9 0.0019462173651077297
10 0.002777665923225868
11 0.0036235679675488013
12 0.011697500970813332
13 0.018725153642544512
14 0.02938770034672116
15 0.04344061541745098
16 0.05087815836137033
17 0.048405531508898675
18 0.03915322144219443
19 0.03075357589925624
20 0.025532201952896096
21 0.02174019258320188
22 0.01573888721986833
23 0.010420302533681442
0 0.009149598799332644
1 0.009497060445417956
2 0.006951983148634905
3 0.004164052011877363
4 0.0025883893945225565
5 0.0031974942094654063
6 0.0017630519979539147
7 0.0010107779341730358
8 0.0009042674530778034
9 0.0027746849923341067
10 0.0059170802714938525
11 0.014783420547688981
12 0.02878654755108306
13 0.041938579740563135
14 0.05932009152308114
15 0.05973993247863207
16 0.0616354504102692
17 0.058990010564780766
18 0.05648766079437295
19 0.05016577728397317
20 0.04329363571482233
21 0.03618372798813013
22 0.02065619855833522
23 0.011029716552407153
0 0.0056689103162035764
1 0.0029478633052162054
2 0.001747124949363896
3 0.005228455260128572
4 0.006258990908931389
5 0.007535319271902272
6 0.008224417157737626
7 0.006152949078431236
8 0.005129128664629562
9 0.007232645391252692
10 0.01400772530576546
11 0.023963964463555452
12 0.03155779610432675
13 0.032065861730572603
14 0.04291402046743524
15 0.0534208117132928
16 0.0514376095761453
17 0.04911776930059987
18 0.04119530139030538
19 0.030648361094242522
20 0.023802864158232382
21 0.018811561588920125
22 0.01769588815383815
23 0.011243692783455023
0 0.00602752507541018
1 0.0031902848428467024
2 0.0017519798266396214
3 0.0009667809181564123
4 0.0017388307822808204
5 0.0027015479254541373
6 0.0022845963813090315
7 0.001988678860698091
8 0.002376002032989718
9 0.0066705494522029205
10 0.013757256321700596
11 0.018381413732756608
12 0.027757044366400443
13 0.036341208379575746
14 0.04850032487965496
15 0.05941167357686451
16 0.061201064684129454
17 0.05983118350764205
18 0.05264787549472791
19 0.03856250626588249
20 0.028148389059236462
21 0.019774208305118363
22 0.012584738689893307
23 0.006837814247125305
0 0.0035584806088004256
1 0.0033643094862738526
2 0.004697987806037115
3 0.005957007285371499
4 0.007034422580594249
5 0.007366164925918041
6 0.006724037008302159
7 0.006928618596068843
8 0.007545084909079798
9 0.010939057890912462
10 0.013246773931077165
11 0.02188130442468889
12 0.03581618260994794
13 0.053512431402828554
14 0.06273875151840773
15 0.06690045149059555
16 0.07493377750455706
17 0.07669472570216959
18 0.07414898092842685
19 0.06427043411940596
20 0.04861822667804667
21 0.03718964539840075
22 0.01932028333837249
23 0.009650277524310032
0 0.006268758908560244
1 0.004170483665771574
2 0.005587476653147226
3 0.004943967592110337
4 0.007779077799323131
5 0.008261217595739997
6 0.007434708088354747
7 0.005951339307309936
8 0.0038227274346462553
9 0.00473528597870934
10 0.010272351752971247
11 0.016606597668424615
12 0.025267130484539095
13 0.03324808888819287
14 0.041042267074815404
15 0.047573459530571294
16 0.0467232413245449
17 0.0461581497799195
18 0.03759368228647389
19 0.029589730875890844
20 0.022046703705919265
21 0.020670125859089398
22 0.021476048822790857
23 0.021497551154314804
0 0.021594619531405762
1 0.014502991228670875
2 0.007578841989934566
3 0.0049135418980949365
4 0.0038011344452130473
5 0.006039832963347262
6 0.005918366731227998
7 0.0055111945950483
8 0.00446474069403831
9 0.00500937341800821
10 0.006695379877522623
11 0.011910478830319027
12 0.028918362127775377
