0 0.011089259887005699
1 0.0128653055555556
2 0.010206258333333301
3 0.00883016388888889
4 0.00761165555555556
5 0.00883291666666667
6 0.00801144827586207
7 0.00882550277777778
8 0.00745706111111111
9 0.009154325833333329
10 0.00978041666666667
11 0.011509694444444399
12 0.0166125805555556
13 0.0310972222222222
14 0.0285951944444444
15 0.0175985972222222
16 0.0131870057471264
17 0.0165156666666667
18 0.014252272222222199
19 0.0139054277777778
20 0.011765030555555599
21 0.010916766666666699
22 0.0176068171545968
23 0.0204172555555555
0 0.0156078
1 0.0115251666666667
2 0.014223086111111099
3 0.0159269444444444
4 0.0149407777777778
5 0.0120197118644068
6 0.0141774333333333
7 0.0134287138888889
8 0.0133779888888889
9 0.00992176944444445
10 0.013590861111111099
11 0.0155510451977401
12 0.00966129166666667
13 0.010806025
14 0.010177975
15 0.0047043297222222205
16 0.0038001606666666697
17 0.0041333387931034495
18 0.00400854583333333
19 0.00910547222222222
20 0.00525557861111111
21 0.00668988055555556
22 0.0287679166666667
23 0.0328705423728814
0 0.0300075833333333
1 0.0245203888888889
2 0.0216251641414141
3 0.0128448111111111
4 0.0104331736111111
5 0.00802918285528031
6 0.00771343055555555
7 0.00972218333333333
8 0.00838048055555555
9 0.008205895833333329
10 0.00628848611111111
11 0.00472964029275809
12 0.00215890744444444
13 0.0123069847222222
14 0.010739880555555598
15 0.008588100000000001
16 0.00740315361111111
17 0.00527485388888889
18 0.00427387916281459
19 0.010220966666666699
20 0.0128719527777778
21 0.0122848375
22 0.008686409722222219
23 0.0157121444444444
0 0.017750114942528702
1 0.0152384027777778
2 0.0131593472222222
3 0.0117431805555556
4 0.00848813194444444
5 0.00635132638888889
6 0.00753627221366205
7 0.00781715
8 0.00807479722222222
9 0.00819374722222222
10 0.00938884444444444
11 0.016900972222222203
12 0.0134524406779661
13 0.00515316838888889
14 0.00833818083333333
15 0.0122684388888889
16 0.012561662500000001
17 0.0135164125
18 0.0148728361581921
19 0.0146017944444444
20 0.0141379333333333
21 0.015212861111111099
22 0.017695074999999998
23 0.0201315138888889
0 0.0187505790960452
1 0.01382295
2 0.009094749999999999
3 0.00741725
4 0.00640450277777778
5 0.00571683333333333
6 0.00781493611111111
7 0.00981847080979284
8 0.010431202777777801
9 0.00973622222222223
10 0.0182802777777778
11 0.0167855527777778
12 0.00934955561111111
13 0.008945613935969871
14 0.010921475
15 0.009205475
16 0.00996748055555556
17 0.0115619944444444
18 0.0199795388888889
19 0.0244182062146893
20 0.0171702166666667
21 0.0163852277777778
22 0.031956861111111096
23 0.0323919166666667
0 0.026360527777777802
1 0.0245113880328711
2 0.0173163888888889
3 0.017298124999999998
4 0.011223813888888901
5 0.012208086111111101
6 0.0157268611111111
7 0.0165721264367816
8 0.018965333333333303
9 0.0195893194444444
10 0.0166414861111111
11 0.023564222222222198
12 0.0172248333333333
13 0.014750002824858801
14 0.0100676694444444
15 0.011225861111111101
16 0.0158960111111111
17 0.0119157944444444
18 0.0213886138888889
19 0.020726567796610203
20 0.0210523333333333
21 0.0132537194444444
22 0.0071473988888888906
23 0.00602552416666667
0 0.00308831413888889
1 0.013955571310991299
2 0.0164584388888889
3 0.0127203555555555
4 0.011159405555555599
5 0.00502900638888889
6 0.00972668194444444
7 0.00986925287356322
8 0.010789025
9 0.00957887083333334
10 0.0153841125
11 0.023202402777777797
12 0.0139835416666667
