0 0.0
1 0.0
2 0.0
3 0.0
4 0.0
5 0.0
6 0.0
7 0.0
8 0.0
9 1.1774701928808131
10 1.204249216102538
11 1.2474874845880353
12 1.2951999367650533
13 1.3894766746622818
14 1.4340868543776109
15 1.3834705608490105
16 1.354665457263103
17 1.3442853467358307
18 1.272088427737155
19 1.2637449917856935
20 1.2254292526337234
21 1.1833164684729474
22 1.196541775658685
23 1.2090440938542615
0 1.2035107831682068
1 1.1850234420503194
2 1.1888396733122832
3 1.190402088991484
4 1.193583570898412
5 1.1840050458032136
6 1.1901616774352854
7 1.24755210162942
8 1.2757726593340728
9 1.3039496111367324
10 1.3373102706019764
11 1.3483650235299383
12 1.2840300406150627
13 1.183640646893666
14 1.1256979321766472
15 0.9148712053244447
16 0.7890189569993717
17 0.7075715073667881
18 0.6787902493260954
19 0.7614838863876602
20 0.7850477418280726
21 0.842664443384563
22 1.153543685729846
23 1.3226922226653357
0 1.255253006757504
1 1.1201773209168782
2 1.0603825437979326
3 0.9928865369506951
4 1.0480014331225824
5 1.042434743502036
6 1.053813885950088
7 1.0609699098147796
8 1.1006018193950995
9 1.1128661452342068
10 1.128492276242897
11 1.1021898521277493
12 0.8044997580255863
13 0.6669062931038536
14 0.0
15 0.0
16 0.0
17 0.0
18 0.0
19 0.0
20 0.0
21 0.0
22 0.0
23 0.0
0 0.0
1 0.0
2 0.0
3 0.0
4 0.10247973809523805
5 0.12928455925925939
6 0.17050571687073016
7 0.23773695768418635
8 0.343435848649986
9 0.3861247472797098
10 0.38279166470739295
11 0.383111719554132
12 0.0
13 0.0
14 0.0
15 0.0
16 0.0
17 0.0
18 0.0
19 0.0
20 0.0
21 0.0
22 0.0
23 0.0
0 0.0
1 0.0
2 0.0
3 0.007738611904761898
4 0.0185728462962963
5 0.038224782258064506
6 0.08547547486772468
7 0.17773896022584015
8 0.29365895927587576
9 0.36036317738303586
10 0.4063453719867246
11 0.3067043975483734
12 0.0
13 0.0
14 0.0
15 0.0
16 0.0
17 0.0
18 0.0
19 0.0
20 0.0
21 0.0
22 0.0
23 0.0
0 0.0
1 0.0
2 0.0
3 0.041794024058380445
4 0.06288674456057754
5 0.07379474019956259
6 0.10030281572429983
7 0.16014674024661849
8 0.36747909546923113
9 0.4919740113640972
10 0.44421909913793095
11 0.49313597105589374
12 0.31725658032642207
13 0.18587057572273616
14 0.0
15 0.0
16 0.0
17 0.0
18 0.0
19 0.0
20 0.0
21 0.0
22 0.0
23 0.0
0 0.004723644444444443
1 0.002335698480853735
2 0.025098664139481173
3 0.06310485942665828
4 0.09133751119415168
5 0.08251875873416792
6 0.11448894125161543
7 0.1717912793336434
8 0.2608527463268039
9 0.3292660123329306
10 0.44581518688541977
11 0.5235323521523552
12 0.35721332874502276
