0 13.2045
1 10.6155
2 9.69116666666667
3 4.16433333333333
4 6.73983333333334
5 6.122
6 6.994
7 18.081
8 13.1261666666667
9 13.3001666666667
10 50.9493333333333
11 90.4233333333333
12 94.1330555555556
13 112.629166666667
14 99.5349444444444
15 72.7722777777778
16 50.9340555555556
17 48.9697777777778
18 51.1250555555556
19 45.4043333333333
20 37.3470555555556
21 26.9586666666667
22 24.8364444444444
23 22.9802777777778
0 18.1727777777778
1 22.4257222222222
2 17.2211111111111
3 14.1677222222222
4 19.0181111111111
5 15.7469444444444
6 24.7628888888889
7 24.8842777777778
8 48.8142777777778
9 55.5196666666667
10 44.994
11 66.0927222222222
12 72.0708888888889
13 109.654722222222
14 71.3700555555556
15 58.8248888888889
16 54.1001666666667
17 60.7417222222222
18 53.4216666666667
19 35.7269444444444
20 26.1325
21 24.7275
22 19.0226111111111
23 30.9447222222222
0 32.2223333333333
1 34.9107222222222
2 40.7722777777778
3 43.3313333333333
4 27.6828333333333
5 28.5715555555555
6 21.5902777777778
7 34.8138888888889
8 32.1339444444444
9 31.2964444444444
10 30.8320555555556
11 36.4211666666667
12 49.5307777777778
13 43.2482777777778
14 56.2052222222222
15 52.5781666666667
16 60.1835555555555
17 61.2771666666666
18 41.5812222222222
19 23.6521666666667
20 4.41766666666667
21 0.128166666666667
22 7.78961111111111
23 24.817
0 40.8443333333333
1 20.8668888888889
2 11.4659444444444
3 25.3129444444445
4 18.8130555555556
5 13.2193888888889
6 10.532
7 7.00594444444444
8 29.9268333333333
9 35.9470555555555
10 32.274
11 0.0
12 4.37772222222222
13 97.1020555555555
14 37.7115555555555
15 0.0
16 0.0025
17 8.91738888888889
18 25.3589444444444
19 38.3598888888889
20 50.2192777777778
21 40.9676111111111
22 38.4596666666667
23 50.781
0 77.5551666666666
1 55.6064444444445
2 41.8525
3 33.7447222222222
4 30.9932777777778
5 22.3448333333333
6 31.6822777777778
7 33.7805555555556
8 45.7523888888889
9 57.2979444444444
10 43.7317777777778
11 38.8782777777778
12 28.3223888888889
13 22.5154444444445
14 33.835
15 30.1993333333333
16 32.28
17 31.9769444444445
18 32.6873888888889
19 44.3101111111111
20 57.6962222222222
21 61.9197777777778
22 57.4816666666667
23 51.9377222222222
0 35.2203888888889
1 53.6655
2 59.1987777777778
3 48.4625
4 49.4867222222222
5 34.3749444444444
6 36.78
7 45.3806111111111
8 64.2095555555555
9 45.3105
10 28.5725
11 29.5052222222222
12 27.0796111111111
13 29.7670555555555
14 27.5925
15 29.2604444444444
16 21.9497777777778
17 36.9338333333333
18 44.8047222222222
19 54.7178888888889
20 70.5691111111111
21 54.4564444444444
22 48.5630555555556
23 37.9646666666667
0 32.8574444444444
1 25.1859444444444
2 35.8931666666667
3 38.7090555555556
4 39.9340555555556
5 36.9185555555555
6 35.7185555555556
7 53.8793888888889
8 52.4119444444444
9 52.9589444444444
10 51.4126111111111
11 55.2903888888889
12 53.9456666666666
