0 0.00140291666666667
1 0.0016183333333333301
2 0.0012025
3 0.0015575
4 0.0005720833333333331
5 0.00116291666666667
6 0.00164666666666667
7 0.00189166666666667
8 0.00239916666666667
9 0.00420083333333333
10 0.02925625
11 0.0586625
12 0.08177
13 0.06577375
14 0.024385
15 0.011633333333333301
16 0.00843958333333333
17 0.00684791666666667
18 0.00547833333333333
19 0.00523722222222222
20 0.00580083333333333
21 0.005175416666666669
22 0.004934999999999999
23 0.00495208333333333
0 0.004697499999999999
1 0.00419333333333333
2 0.00497875
3 0.00370833333333333
4 0.00374041666666667
5 0.00238125
6 0.00232666666666667
7 0.00290791666666667
8 0.00578666666666667
9 0.00622625
10 0.00616541666666666
11 0.0073825
12 0.0206525
13 0.0350683333333333
14 0.0154729166666667
15 0.010963333333333299
16 0.009776249999999998
17 0.00801166666666667
18 0.0060175
19 0.00470125
20 0.00333666666666667
21 0.00345208333333333
22 0.00427833333333333
23 0.00502333333333333
0 0.00409666666666667
1 0.00417083333333333
2 0.0040462499999999995
3 0.00432
4 0.0035995833333333296
5 0.0042137500000000005
6 0.0039775
7 0.00336041666666667
8 0.00356541666666667
9 0.00405208333333333
10 0.00436041666666667
11 0.02123375
12 0.0423033333333333
13 0.027984583333333302
14 0.0193533333333333
15 0.01541625
16 0.01092625
17 0.0074875
18 0.00550625
19 0.004372083333333329
20 0.00374458333333333
21 0.00344791666666667
22 0.004792500000000001
23 0.00504958333333333
0 0.0057808333333333305
1 0.00497666666666667
2 0.0034500000000000004
3 0.002615
4 0.00346833333333333
5 0.00274833333333333
6 0.00297083333333333
7 0.00302166666666667
8 0.00665916666666667
9 0.0071066666666666604
10 0.00889541666666667
11 0.0
12 0.0
13 0.114460416666667
14 0.0105725
15 0.00208166666666667
16 0.00109458333333333
17 0.0025283333333333304
18 0.00124125
19 0.00151291666666667
20 0.0017779166666666698
21 0.00203625
22 0.00189333333333333
23 0.0031270833333333302
0 0.00376
1 0.0027375
2 0.000459583333333333
3 0.00263625
4 0.00228291666666667
5 0.00171208333333333
6 0.00199
7 0.00107833333333333
8 0.00222166666666667
9 0.0028675000000000003
10 0.00505791666666667
11 0.0042508333333333296
12 0.0022929166666666697
13 0.011390416666666701
14 0.0129520833333333
15 0.00941625
16 0.0170158333333333
17 0.010811666666666699
18 0.00487125
19 0.00340833333333333
20 0.00216583333333333
21 0.00162125
22 0.0017916666666666701
23 0.00165166666666667
0 0.00240875
1 0.00308708333333333
2 0.00623083333333333
3 0.00819458333333333
4 0.00900541666666666
5 0.008885
6 0.009315
7 0.0059524999999999995
8 0.00448125
9 0.00397875
10 0.0035775
11 0.00240625
12 0.00260041666666667
13 0.00170791666666667
14 0.0016725000000000002
15 0.00116541666666667
16 0.00130375
17 0.00125166666666667
18 0.00153666666666667
19 0.00179708333333333
20 0.00223416666666667
21 0.0017675
22 0.00209458333333333
23 0.00188375
0 0.000420833333333333
1 0.0012525
2 0.00119791666666667
3 0.00159916666666667
4 0.00104541666666667
5 0.000965416666666667
6 0.00096375
7 0.00153708333333333
8 0.00285666666666667
9 0.0172391666666667
10 0.0261945833333333
11 0.0255641666666667
12 0.0205533333333333
