0 0.0
1 0.0
2 0.0
3 0.0
4 0.0
5 0.0
6 0.0
7 0.0
8 0.0
9 0.0
10 0.0
11 0.0
12 0.0
13 95.17057518654204
14 97.36372975172982
15 85.07638080314749
16 68.01061429928102
17 58.49542775742779
18 54.81563006376344
19 50.113317880884544
20 43.73314409171078
21 35.34757308370644
22 30.0888203771537
23 26.526314272147612
0 22.340271265771282
1 22.371982892416224
2 19.786496472663128
3 16.969953724053713
4 17.990135476868794
5 16.864483448650084
6 20.81046734500067
7 22.844867060100405
8 35.83097256817257
9 45.678806919006945
10 45.338864699498046
11 55.72105749559081
12 63.9025541581875
13 86.78928886175541
14 79.08628380138376
15 68.96103899063898
16 61.5348863519197
17 61.14379815493149
18 57.286231651065
19 46.50791193867859
20 36.31743652150317
21 30.51870853344186
22 24.767488712522038
23 27.85181389228054
0 30.03220809930808
1 32.46233890923889
2 36.61357235110569
3 39.9705610771944
4 33.823471645638286
5 31.193585619318913
6 26.388045082078406
7 30.60085550128884
8 31.36813274996606
9 31.333090666123972
10 31.084015045448385
11 33.75325953059288
12 41.644132017365365
13 42.447222914122925
14 49.32810693257361
15 50.95426583909918
16 55.57287903947902
17 58.42901621218284
18 50.039529418686634
19 36.82850054266722
20 20.619699443766116
21 10.370127404694072
22 9.07705577262244
23 16.945611016144348
0 28.893911558811542
1 24.87766745353412
2 18.166343277709927
3 21.73631477411479
4 20.269633821733855
5 16.738643494776852
6 13.63153063356398
7 10.316705033238371
8 20.124883855650502
9 28.04034319630983
10 30.160161145027796
11 0.0
12 0.0
13 0.0
14 48.608667462591484
15 0.0
16 0.0
17 0.0
18 19.021277022117562
19 29.026703839353367
20 39.804439464172404
21 40.391512654244984
22 39.422321426625274
23 45.11416721039612
0 61.35947034139978
1 58.47648272117709
2 50.16296680779461
3 41.95183984533984
4 36.47634278930946
5 29.41222755392754
6 30.54802474562475
7 32.16373101343103
8 38.95751454348123
9 48.12972342965675
10 45.931394329127656
11 42.40338272961608
12 35.35687448107449
13 28.932119047619082
14 31.382580586080604
15 30.79052406729073
16 31.53541914258581
17 31.7573578754579
18 32.22249610636279
19 38.26758926875594
20 47.983364088997405
21 54.95213525980194
22 56.21857982634651
23 54.0797455840456
0 44.65090948310947
1 49.1620081671415
2 54.18348989282324
3 51.33439240821656
4 50.44390107324948
5 42.87096327911827
6 40.42319131556597
7 42.628893548884655
8 52.62076476588991
9 49.21981133163047
10 38.94617903947903
11 34.222961619861614
12 30.6502923755257
13 30.205755962555926
14 28.895268850902166
15 29.075512074345376
16 25.509282661782656
17 31.221870438203755
18 38.01427614977613
19 46.367222602089264
20 58.468943359110014
21 56.46381062271061
22 52.515873938407275
23 45.24130320173655
0 39.050079297245944
1 32.11745251661915
2 34.00632310405645
3 36.35884300637636
4 38.14864516347854
5 37.533598494098484
6 36.624967602767626
7 45.25207586487586
8 48.82979316239315
9 50.894185958485934
10 51.15374646587977
11 53.224183150183144
12 53.58749978293308
