0 0.0
1 0.0
2 0.0
3 0.0
4 0.0
5 0.0
6 0.0
7 0.0
8 0.0
9 0.0031138921568627446
10 0.016240078431372547
11 0.03756325980392156
12 0.05982584150326798
13 0.06292648366013072
14 0.04370032679738562
15 0.027685931372549002
16 0.018074601307189533
17 0.012466449346405227
18 0.008925767973856203
19 0.006976739651416119
20 0.006239827342047926
21 0.00558880174291939
22 0.005223763616557735
23 0.005146883055561469
0 0.005028381552931423
1 0.0047647101023623895
2 0.004812868680704165
3 0.004375863033170166
4 0.004216063803195863
5 0.0031752516339869285
6 0.002745844771241832
7 0.0028228725490196107
8 0.004306905228758172
9 0.005270563725490198
10 0.005720316993464051
11 0.006558612745098038
12 0.013638717320261435
13 0.0244176176470588
14 0.019971044117647073
15 0.015482983660130708
16 0.012637439542483654
17 0.010328053921568625
18 0.008172486928104574
19 0.006431611111111111
20 0.004850186274509806
21 0.004089142156862745
22 0.004161787581699344
23 0.004580913398692807
0 0.0043276535947712426
1 0.004248520980911157
2 0.004163552524995022
3 0.004211040475730956
4 0.004021340684297863
5 0.004102650687883642
6 0.004060809546552257
7 0.0038636954845196092
8 0.0037791724751136137
9 0.0038357096648997035
10 0.003965333271305819
11 0.012700080065359477
12 0.027577596405228742
13 0.027827699346405204
14 0.023620665032679705
15 0.019542096405228745
16 0.015248606209150322
17 0.011374789215686269
18 0.00844276633986928
19 0.006374362745098036
20 0.004983867647058821
21 0.004167781045751634
22 0.004451589869281045
23 0.004730259803921567
0 0.005245457516339868
1 0.005045174546483413
2 0.00438791892152344
3 0.0034410735294117655
4 0.003454161764705881
5 0.0030998758169934614
6 0.003031782679738559
7 0.003022748366013073
8 0.0048426797385620925
9 0.005978849673202612
10 0.007447810457516341
11 0.0
12 0.0
13 0.0
14 0.0
15 0.02018303391053396
16 0.010156039094650226
17 0.006241092704149942
18 0.0036962235449735487
19 0.0025959744094488225
20 0.0021853415032679776
21 0.0018903562091503279
22 0.0018748267973856198
23 0.002503004901960782
0 0.0031367287581699336
1 0.002937524509803921
2 0.0016970212418300648
3 0.002168838235294118
4 0.0022268676470588245
5 0.0019688398692810447
6 0.0019796094771241824
7 0.001524954248366011
8 0.0018702941176470596
9 0.0023691519607843144
10 0.003722550653594773
11 0.003989857843137254
12 0.0031414068627450987
13 0.007284888888888907
14 0.010139980392156855
15 0.009794464052287578
16 0.013434156862745078
17 0.01213848856209151
18 0.00850450326797386
19 0.005954766339869281
20 0.004060050653594769
21 0.0028214950980392146
22 0.0022846977124183023
23 0.0019529575163398714
0 0.0021522124183006547
1 0.0026045016339869276
2 0.004420333333333331
3 0.0063168431372549
4 0.007674540849673196
5 0.008294013071895423
6 0.008819258169934641
7 0.007394312091503267
8 0.00594184477124183
9 0.004962045751633987
10 0.004264570261437907
11 0.0033240604575163393
12 0.0029496797385620936
13 0.002314725490196081
14 0.001978627450980394
15 0.001562635620915035
16 0.0014269624183006547
17 0.0013339673202614403
18 0.0014313153594771265
19 0.0016130049019607838
20 0.0019050394564502325
21 0.001839402325994623
22 0.00196258525434364
23 0.0019219235864837976
0 0.0011730196078431365
1 0.0012127614379084965
2 0.001204674836601309
3 0.0014015326797385643
4 0.0012211437908496762
5 0.0010917075163398705
6 0.0010255114379084979
7 0.0012806176470588223
8 0.0020734183006535963
9 0.009687638888888905
10 0.017990124183006526
11 0.021824135620915047
12 0.02122698529411763
