0 0.01089
1 0.00875916666666666
2 0.00922458333333333
3 0.00822458333333333
4 0.00868708333333333
5 0.00974208333333333
6 0.0110633333333333
7 0.0131095833333333
8 0.0139754166666667
9 0.0143691666666667
10 0.018941666666666697
11 0.0205991666666667
12 0.02081
13 0.020052499999999997
14 0.0176058333333333
15 0.0136729166666667
16 0.0127395833333333
17 0.0138283333333333
18 0.0146341666666667
19 0.0214375
20 0.0220120833333333
21 0.019809999999999998
22 0.0177454166666667
23 0.0157091666666667
0 0.0143533333333333
1 0.01517
2 0.0124866666666667
3 0.013397500000000001
4 0.01669625
5 0.0144895833333333
6 0.0156483333333333
7 0.0154625
8 0.017995
9 0.01915625
10 0.0230641666666667
11 0.025235
12 0.0329233333333333
13 0.0327679166666667
14 0.015525416666666701
15 0.01129625
16 0.00957958333333333
17 0.0116458333333333
18 0.0139008333333333
19 0.02872375
20 0.03344625
21 0.0325216666666667
22 0.03019875
23 0.0319675
0 0.0294633333333333
1 0.0286591666666667
2 0.0287
3 0.023459583333333298
4 0.0211233333333333
5 0.0203891666666667
6 0.0229495833333333
7 0.0214225
8 0.021503333333333298
9 0.0191525
10 0.01718125
11 0.01450125
12 0.01321625
13 0.0120695833333333
14 0.008566250000000001
15 0.00763458333333333
16 0.00864625
17 0.010427500000000001
18 0.00851875
19 0.0169075
20 0.021223333333333302
21 0.0210841666666667
22 0.02511875
23 0.02456
0 0.022782499999999997
1 0.0211166666666667
2 0.0189129166666667
3 0.0168454166666667
4 0.015556666666666701
5 0.015741250000000002
6 0.0166716666666667
7 0.0172554166666667
8 0.01826125
9 0.0180695833333333
10 0.022936250000000002
11 0.0
12 0.0
13 0.0
14 0.0114083333333333
15 0.00830541666666667
16 0.00787541666666667
17 0.009946249999999998
18 0.0108395833333333
19 0.018422916666666702
20 0.0239270833333333
21 0.0206875
22 0.022683333333333302
23 0.0215679166666667
0 0.02147375
1 0.0198258333333333
2 0.017500833333333302
3 0.0173941666666667
4 0.016036666666666703
5 0.0176579166666667
6 0.017537916666666698
7 0.020643750000000002
8 0.0231791666666667
9 0.0236866666666667
10 0.027777083333333303
11 0.0271579166666667
12 0.0140716666666667
13 0.0105929166666667
14 0.01180375
15 0.010154999999999999
16 0.0114470833333333
17 0.011977499999999999
18 0.016174583333333298
19 0.029926666666666702
20 0.03303875
21 0.03086125
22 0.030175
23 0.026824999999999998
0 0.0282708333333333
1 0.0264558333333333
2 0.0253016666666667
3 0.02549125
4 0.023713333333333298
5 0.0237083333333333
6 0.0253141666666667
7 0.022435
8 0.0243416666666667
9 0.0248691666666667
10 0.0191320833333333
11 0.0134175
12 0.010056250000000001
13 0.00909916666666667
14 0.008572916666666661
15 0.007154166666666671
16 0.0077887500000000005
17 0.0
18 0.0
19 0.0
20 0.0
21 0.0
22 0.0
23 0.0
0 0.0
1 0.0
2 0.0
3 0.0
4 0.0
5 0.0
6 0.0
7 0.0
8 0.0
9 0.0
10 0.0
11 0.0
12 0.020361249999999997
