0 4.2333
1 4.0279
2 1.1025
3 0.0
4 0.5391699999999999
5 0.65184
6 0.0
7 0.11039
8 0.53595
9 5.0527999999999995
10 7.5526
11 4.495299999999999
12 1.3427
13 45.928
14 0.0
15 0.0
16 0.0
17 0.0
18 0.0
19 0.0
20 1.7998
21 5.5922
22 3.4118
23 1.3381
0 4.2842
1 3.0352
2 2.4873
3 1.9214
4 2.5504
5 3.9204
6 2.7049000000000003
7 6.601100000000001
8 4.209499999999999
9 5.005800000000001
10 7.4869
11 5.9276
12 5.1937
13 3.6616
14 7.3865
15 4.0904
16 3.059
17 5.2118
18 4.2783999999999995
19 5.6978
20 11.461
21 13.968
22 5.4905
23 7.458600000000001
0 10.866999999999999
1 7.925400000000001
2 5.7538
3 3.9810000000000003
4 8.305200000000001
5 7.823
6 9.6128
7 5.7738
8 7.87
9 9.9334
10 7.5719
11 4.8178
12 4.1284
13 2.3264
14 0.0
15 0.0
16 0.0
17 0.0
18 0.0
19 0.0
20 0.0
21 0.0
22 7.0015
23 6.7993999999999994
0 7.2809
1 4.1232
2 2.6908000000000003
3 2.4906
4 0.18636
5 0.0
6 0.0
7 1.4804
8 2.0978
9 8.3097
10 11.314
11 6.1305
12 1.9491
13 0.0
14 0.0
15 0.62737
16 3.2032
17 3.9274999999999998
18 1.1154
19 0.6776
20 1.8648
21 3.2663
22 5.6901
23 4.0305
0 1.9607
1 0.0
2 0.0
3 0.7864
4 0.0
5 0.0
6 2.4080999999999997
7 2.4840999999999998
8 7.1715
9 6.5676
10 4.513299999999999
11 6.0719
12 5.3888
13 2.4191
14 3.9642000000000004
15 2.1191
16 0.39881999999999995
17 0.0
18 0.0
19 0.0
20 1.9285
21 4.0607999999999995
22 8.011000000000001
23 19.035
0 11.368
1 6.8637999999999995
2 6.8213
3 8.972199999999999
4 5.1583000000000006
5 3.1221
6 1.5558
7 4.3556
8 10.452
9 11.537
10 9.4415
11 9.99
12 8.629100000000001
13 8.5248
14 8.9922
15 4.6324
16 2.9741
17 2.4938
18 1.7425
19 1.1058000000000001
20 4.2802999999999995
21 7.2139999999999995
22 8.2074
23 5.593500000000001
0 9.279300000000001
1 8.285300000000001
2 5.0437
3 3.7666
4 5.5973999999999995
5 9.159600000000001
6 7.1057999999999995
7 5.3264000000000005
8 9.0694
9 14.603
10 13.969000000000001
11 7.6717
12 7.9620999999999995
