0 14.491
1 11.339
2 6.8316
3 16.489
4 20.569
5 13.24
6 10.908
7 9.9984
8 18.601
9 42.388000000000005
10 55.82899999999999
11 35.274
12 65.622
13 0.0
14 0.0
15 16.746000000000002
16 15.157
17 6.9622
18 11.956
19 8.009
20 6.5005999999999995
21 19.886
22 29.394
23 21.834
0 31.794000000000004
1 17.608999999999998
2 16.13
3 14.782
4 21.621000000000002
5 19.357
6 16.394
7 17.781000000000002
8 16.413
9 37.791
10 49.61900000000001
11 37.815000000000005
12 26.179000000000002
13 20.236
14 21.78
15 26.923
16 16.043000000000003
17 28.187
18 23.244
19 28.28
20 35.236999999999995
21 42.522999999999996
22 34.285999999999994
23 28.195999999999998
0 23.122
1 31.543000000000003
2 20.417
3 19.139
4 22.253999999999998
5 21.822000000000003
6 23.145
7 22.585
8 18.880000000000003
9 36.403
10 30.423
11 21.538999999999998
12 8.2312
13 6.6996
14 10.911999999999999
15 21.069999999999997
16 3.4627
17 3.7073
18 5.2363
19 7.6279
20 11.268
21 42.27
22 63.656000000000006
23 51.415
0 29.191000000000003
1 29.078
2 21.429
3 18.663
4 7.026
5 7.148899999999999
6 5.5755
7 10.815999999999999
8 24.434
9 73.274
10 68.201
11 30.450000000000003
12 12.237
13 17.685
14 23.112000000000002
15 34.361999999999995
16 22.386
17 19.325
18 23.602
19 15.42
20 26.648999999999997
21 32.353
22 34.24
23 27.002000000000002
0 11.854
1 8.549199999999999
2 17.137
3 9.1138
4 6.1755
5 6.285
6 18.415
7 23.299
8 79.496
9 85.866
10 51.069
11 47.981
12 28.361
13 28.875
14 29.678
15 27.429
16 18.315
17 19.91
18 19.553
19 16.156
20 18.578
21 33.506
22 52.424
23 48.354
0 39.793
1 22.325999999999997
2 17.611
3 17.951999999999998
4 14.808
5 17.688
6 15.110999999999999
7 29.753999999999998
8 39.667
9 43.658
10 36.405
11 39.471
12 38.812
13 52.041999999999994
14 41.853
15 26.572
16 22.228
17 25.517000000000003
18 23.051
19 23.967
20 25.037
21 37.971
22 33.685
23 23.253
0 26.064
1 32.815
2 9.502
3 11.736999999999998
4 22.738
5 26.234
6 17.441000000000003
7 12.811
8 37.312
9 69.577
10 68.65400000000001
11 24.822
12 25.224
