0 0.39241
1 0.085919
2 0.53605
3 0.0
4 0.69202
5 0.45304
6 0.37895
7 0.26491
8 0.97721
9 1.1067
10 0.6319
11 0.35342
12 0.3969
13 0.33042
14 0.48112
15 0.30675
16 0.38137
17 0.31436
18 0.74781
19 0.65074
20 0.73412
21 0.82176
22 0.43165
23 0.52025
0 0.37496
1 0.18304
2 0.22227
3 0.0
4 0.40227
5 0.10144
6 0.006411
7 0.0
8 0.17074
9 0.40825
10 0.38867
11 0.12914
12 0.0
13 0.0
14 0.097224
15 0.10069
16 0.21779
17 0.05103
18 0.059153
19 0.30976
20 0.44738
21 0.22804
22 0.11832
23 0.23893
0 0.078759
1 0.0
2 0.010879
3 0.0
4 0.15821
5 0.21872
6 0.36272
7 0.074175
8 0.5243
9 0.36042
10 0.068326
11 0.0
12 0.0
13 0.0
14 0.14338
15 0.3346
16 0.24994
17 0.30415
18 0.30168
19 0.45776
20 1.0343
21 1.3056
22 1.3528
23 1.0088
0 0.67663
1 0.29169
2 0.5234
3 0.0
4 0.71153
5 0.69362
6 0.55386
7 0.91955
8 2.2974
9 2.0281
10 1.0809
11 0.74347
12 0.75504
13 0.96635
14 0.82401
15 0.94539
16 1.1177
17 1.0205
18 1.1045
19 1.0591
20 1.5967
21 1.5824
22 1.0484
23 0.75139
0 0.5933
1 0.59001
2 0.46667
3 0.0
4 0.42139
5 0.42132
6 0.38772
7 0.63705
8 1.1437
9 1.0364
10 1.1917
11 0.66446
12 0.57135
13 0.57188
14 0.68019
15 0.77722
16 0.78363
17 0.89143
18 0.88728
19 1.0025
20 1.4415
21 1.4182
22 1.2483
23 0.69761
0 0.54385
1 0.51525
2 0.042263
3 0.0
4 0.0
5 0.0
6 0.0
7 0.0
8 0.0042016
9 0.0
10 0.0
11 0.0
12 0.0
13 0.0
14 0.0
15 0.0771
16 0.19475
17 0.16568
18 0.17362
19 0.2504
20 0.4032
21 0.40156
22 0.02058
23 0.0
0 0.0
1 0.0
2 0.14854
3 0.0
4 0.72209
5 0.8247
6 0.84468
7 1.1204
8 1.8863
9 1.5935
10 0.98641
11 0.86092
12 1.2035
