0 0.0
1 0.0
2 0.0
3 0.0
4 0.0
5 0.0
6 0.0
7 0.0
8 0.0002711
9 0.00041681
10 0.00047082
11 0.00022078
12 0.00033215
13 0.00034275
14 0.00023661
15 4.2335e-5
16 0.00029503
17 0.00021008
18 0.0002877
19 0.00038088
20 0.00042645
21 0.00054469
22 0.00033076
23 0.00055272
0 0.00041782
1 5.7225e-5
2 0.0
3 0.0
4 0.0
5 0.0
6 0.0
7 0.0
8 0.0
9 0.0
10 5.9938e-5
11 0.0
12 0.0
13 0.0
14 0.0
15 0.0
16 0.0
17 0.0
18 0.0
19 0.0
20 0.0
21 0.0
22 0.0
23 0.0
0 0.0
1 0.0
2 4.5502e-5
3 0.00021276
4 0.00021126
5 0.0
6 0.00017698
7 0.00013881
8 0.00017842
9 0.00019924
10 0.00023346
11 0.00024378
12 0.00028502
13 0.00036329
14 0.00032123
15 0.00057952
16 0.00056277
17 0.00061181
18 0.00073901
19 0.0008264
20 0.00090824
21 0.0013199
22 0.001318
23 0.0013581
0 0.0010008
1 0.00028447
2 0.0
3 0.0
4 0.0
5 0.0
6 0.0
7 0.0
8 0.00028734
9 0.00026969
10 0.0
11 0.0
12 0.0
13 0.0
14 0.0
15 0.0
16 0.0
17 0.0
18 0.0
19 0.0
20 0.0
21 0.00038817
22 0.0
23 0.0
0 0.0
1 0.0
2 0.00018143
3 0.00014812
4 0.0
5 0.0
6 9.3545e-5
7 9.3817e-5
8 0.00058598
9 0.00060743
10 0.00090773
11 0.00038136
12 0.00042908
13 0.00054713
14 0.00052034
15 0.00058412
16 0.00061023
17 0.00069254
18 0.00072575
19 0.00071426
20 0.0010808
21 0.0011885
22 0.0013419
23 0.0010304
0 0.0008142
1 0.00055483
2 0.0
3 0.0
4 0.0
5 0.0
6 0.0
7 0.0
8 0.0
9 0.00021168
10 0.00045795
11 0.00052602
12 0.0002923
13 0.0
14 0.0
15 5.1546e-5
16 0.0
17 4.0537e-5
18 8.69e-5
19 8.5729e-5
20 0.00012567
21 0.00014836
22 0.00033873
23 0.00016715
0 0.0
1 0.0
2 0.0
3 0.0
4 0.0
5 0.0
6 0.0
7 0.0
8 0.00027003
9 0.00049768
10 3.4178e-5
11 0.00014682
12 0.00041457
