0 0.012987
1 0.019768
2 0.0
3 0.0074623
4 0.013359999999999999
5 0.012404
6 0.012882
7 0.010206
8 0.0022576000000000002
9 0.0048254000000000005
10 0.009089
11 0.017233000000000002
12 0.015144
13 0.011209
14 0.0096865
15 0.012021
16 0.01051
17 0.013265
18 0.010169000000000001
19 0.013682999999999999
20 0.0043976
21 0.0023929999999999997
22 0.0013346
23 0.0022736
0 0.0046715
1 0.0043352
2 0.0
3 0.0036803
4 0.0042461
5 0.0057132
6 0.008003399999999999
7 0.0063167
8 0.0030442
9 0.0034584999999999998
10 0.0049736
11 0.011901
12 0.017598
13 0.019077
14 0.020043
15 0.018874
16 0.016849
17 0.016782
18 0.01489
19 0.011914999999999999
20 0.009076599999999999
21 0.0
22 0.048123
23 0.0
0 0.0
1 0.0
2 0.0
3 0.00067148
4 0.006749
5 0.020429
6 0.0
7 0.0
8 0.0
9 0.0
10 0.042569
11 0.014962
12 0.021742
13 0.012285
14 0.0134
15 0.017546
16 0.018547
17 0.016385999999999998
18 0.017186
19 0.015309
20 0.0060793999999999996
21 0.0012438
22 0.00021701
23 0.0013691999999999999
0 0.0
1 0.0
2 0.0
3 0.0054942
4 0.010144
5 0.012024
6 0.012864
7 0.0039875
8 0.0015149
9 0.0021061
10 0.013724
11 0.016949000000000002
12 0.017954
13 0.018343
14 0.019454
15 0.023766
16 0.021723
17 0.011217000000000001
18 0.019690000000000003
19 0.017765999999999997
20 0.0084831
21 0.0016531
22 0.0090496
23 0.012809
0 0.013838
1 0.01273
2 0.0
3 0.011482
4 0.0095577
5 0.0069572
6 0.0086821
7 0.0032324000000000003
8 0.00063388
9 0.0023173
10 0.0050919
11 0.012357
12 0.016123000000000002
13 0.02506
14 0.025361
15 0.027084
16 0.026253
17 0.014549
18 0.023289999999999998
19 0.019277000000000002
20 0.0076303000000000005
21 0.0037329
22 0.009224999999999999
23 0.017288
0 0.017981999999999998
1 0.014742000000000002
2 0.0
3 0.016506
4 0.015524
5 0.014712999999999999
6 0.016812999999999998
7 0.013516
8 0.011861
9 0.012856999999999999
10 0.017543
11 0.021422
12 0.026299
13 0.028683
14 0.026722000000000003
15 0.027423
16 0.024111
17 0.024483
18 0.024575
19 0.024780999999999997
20 0.018509
21 0.014033
22 0.024730000000000002
23 0.018789999999999998
0 0.013321
1 0.022446999999999998
2 0.0
3 0.019796
4 0.016186
5 0.014292
6 0.013044
7 0.0034685000000000002
8 0.0013009999999999999
9 0.012562
10 0.03331
11 0.03129
12 0.034140000000000004
