0 0.0
1 0.0
2 0.0
3 0.0
4 0.0
5 0.0
6 0.0
7 0.0
8 0.0
9 0.891967628458498
10 0.7616105511811024
11 0.5567149019607844
12 0.47622878431372545
13 0.4030839607843137
14 0.44230231372549017
15 0.3746081960784313
16 0.3768207843137255
17 0.3440367843137255
18 0.5461506666666666
19 0.5990283137254901
20 0.6672353725490198
21 0.7454610980392156
22 0.5884585490196079
23 0.5547729019607843
0 0.4648538823529412
1 0.3236894509803922
2 0.27194925490196076
3 0.0
4 0.0
5 0.0
6 0.1002757238493724
7 0.0
8 0.0
9 0.0
10 0.34707154621848735
11 0.23413536032388665
12 0.0
13 0.0
14 0.0
15 0.0
16 0.16941384415584418
17 0.10656384362139919
18 0.08162552610441767
19 0.19740907936507937
20 0.3233786771653543
21 0.2755224
22 0.19696256470588236
23 0.2182173411764706
0 0.14821556078431372
1 0.0
2 0.0
3 0.0
4 0.0
5 0.0
6 0.2807337872340425
7 0.17290267346938773
8 0.35300639200000006
9 0.3567571501976285
10 0.2120868818897638
11 0.0
12 0.0
13 0.0
14 0.0
15 0.0
16 0.25767379735682816
17 0.28214508713692943
18 0.2926587096774194
19 0.37651968253968254
20 0.707999527559055
21 1.0079715294117646
22 1.1827571764705886
23 1.0971005490196077
0 0.8877019215686274
1 0.5896715294117647
2 0.5569705098039216
3 0.0
4 0.0
5 0.0
6 0.6099194142259415
7 0.7695682995951417
8 1.5488867330677294
9 1.7938191304347826
10 1.437053622047244
11 1.0889018431372548
12 0.9220562352941177
13 0.9447378823529412
14 0.8849036470588235
15 0.9151974901960783
16 1.0141356078431374
17 0.9884355552711976
18 1.0276113501258286
19 1.0407957440029583
20 1.3212738245248117
21 1.4491479613161236
22 1.2620421294908042
23 1.0019961568627451
0 0.7966198431372549
1 0.6924708235294117
2 0.5783197647058824
3 0.0
4 0.0
5 0.0
6 0.41049585774058583
7 0.5272103643724697
8 0.8414638645418325
9 0.940584624505929
10 1.0680638582677164
11 0.8654705490196078
12 0.7187043137254903
13 0.6455873725490198
14 0.663462156862745
15 0.7206159215686275
16 0.7514169411764704
17 0.8211392156862746
18 0.8245377192867592
19 0.9117819309661099
20 1.1868157647058826
21 1.3041673333333332
22 1.269100522795588
23 0.9873227058823527
0 0.7651161960784315
1 0.6394454901960783
2 0.3391973490196078
3 0.0
4 0.0
5 0.0
6 0.0
7 0.0
8 0.0
9 0.0
10 0.0
11 0.0
12 0.0
13 0.0
14 0.0
15 0.0
16 0.0
17 0.16133142857142854
18 0.16788533333333336
19 0.21047354838709678
20 0.30836634920634926
21 0.35533007874015743
22 0.18729866666666664
23 0.0
0 0.0
1 0.0
2 0.0
3 0.0
4 0.0
5 0.0
6 0.7982544827586205
7 0.9672488524590164
8 1.4378030400000001
9 1.5165746245059288
10 1.252098031496063
11 1.055742
12 1.1305649411764709
