0 0.017934
1 0.013697
2 0.018994
3 0.021144
4 0.0
5 0.011246
6 0.010127
7 0.014674
8 0.025322
9 0.026102
10 0.021474
11 0.012535
12 0.010978
13 0.010192
14 0.0082939
15 0.0085429
16 0.0084715
17 0.008013
18 0.010616
19 0.013299
20 0.017289
21 0.019439
22 0.019413
23 0.018076
0 0.016708
1 0.015233
2 0.012264
3 0.014414
4 0.0
5 0.0099744
6 0.0074416
7 0.010541
8 0.016082
9 0.018402
10 0.020623
11 0.014042
12 0.01085
13 0.0090562
14 0.010453
15 0.01003
16 0.011723
17 0.011455
18 0.012119
19 0.016594
20 0.021058
21 0.019916
22 0.020021
23 0.017551
0 0.015583
1 0.01603
2 0.014444
3 0.021066
4 0.0
5 0.016418
6 0.015885
7 0.014919
8 0.018545
9 0.015502
10 0.013031
11 0.0046934
12 0.0051138
13 0.0059858
14 0.0052539
15 0.005892
16 0.0057316
17 0.0060709
18 0.0064309
19 0.0097112
20 0.017602
21 0.022146
22 0.020878
23 0.019617
0 0.018268
1 0.016751
2 0.012112
3 0.0086853
4 0.0
5 0.0036642
6 0.0032752
7 0.013175
8 0.018327
9 0.020819
10 0.012114
11 0.0058479
12 0.0055194
13 0.007118
14 0.0069342
15 0.0088439
16 0.0086656
17 0.0092376
18 0.0093735
19 0.015051
20 0.025067
21 0.027062
22 0.016244
23 0.0066173
0 0.005275
1 0.0081952
2 0.0076333
3 0.0051603
4 0.0
5 0.0070908
6 0.0079396
7 0.012555
8 0.014345
9 0.014153
10 0.01584
11 0.0099291
12 0.0083725
13 0.008692
14 0.0082999
15 0.0083773
16 0.0070118
17 0.0087565
18 0.0086049
19 0.01341
20 0.027974
21 0.029002
22 0.020552
23 0.010874
0 0.0095592
1 0.013463
2 0.0062894
3 0.0065113
4 0.0
5 0.0050141
6 0.0085845
7 0.011814
8 0.016434
9 0.014212
10 0.011731
11 0.010613
12 0.0095843
13 0.0085536
14 0.0095131
15 0.010192
16 0.0097033
17 0.010601
18 0.011289
19 0.016575
20 0.022057
21 0.025819
22 0.012371
23 0.013762
0 0.018886
1 0.0071552
2 0.0045095
3 0.0096918
4 0.0
5 0.0079154
6 0.012469
7 0.02358
8 0.033699
9 0.027132
10 0.01198
11 0.012157
12 0.010036
