0 0.0
1 0.0
2 0.0
3 0.0
4 0.0
5 0.0
6 0.0
7 0.0
8 0.0
9 0.0
10 0.0
11 0.0
12 0.0
13 0.0
14 0.0
15 0.0
16 0.0
17 12.131381945567236
18 12.03951145272867
19 9.975628757189298
20 8.21601136644428
21 14.082641365757798
22 21.757583639480774
23 21.794204450966006
0 26.793634408602152
1 22.199073766487544
2 19.16379584859585
3 16.97265811965812
4 19.29761831501831
5 19.328822564102566
6 17.86195316239316
7 17.822669743589746
8 17.119045177045177
9 27.457208791208796
10 38.54057387057386
11 38.179738217338205
12 32.17868351648352
13 26.20766251526252
14 23.994521123321128
15 25.46024297924298
16 20.750940415140416
17 24.47004835164835
18 23.857860561660566
19 26.070212210012212
20 30.655904517704514
21 36.59003003663004
22 35.43614285714285
23 31.814896947496944
0 27.468075213675213
1 29.506918192918196
2 24.961792673992676
3 22.049445909645915
4 22.152481318681314
5 21.986463492063496
6 22.565719658119654
7 22.57466446886447
8 20.72533504273504
9 28.307084830635112
10 29.32490018144556
11 25.57585396006392
12 16.87131003663004
13 11.782421636141638
14 11.346050256410258
15 16.2082609035409
16 9.83318603174603
17 6.768031208791207
18 5.9999789499389475
19 6.8121132112332115
20 9.03912717948718
21 25.65527995115995
22 44.65969772893772
23 48.040996727716724
0 38.61855755799755
1 33.85101118437119
2 27.641289719169723
3 23.151850964590963
4 15.08936056166056
5 11.119550500610499
6 8.347566666666665
7 9.5821726007326
8 17.009693870573876
9 45.145632527472515
10 56.67387120879122
11 43.559375775335766
12 27.8961178021978
13 22.789167814407815
14 22.950789401709407
15 28.65831155067155
16 25.52403123321123
17 22.42600231990232
18 23.016202197802198
19 19.21866324786325
20 22.934102075702075
21 27.638554578754576
22 30.93513064713065
23 28.96814432234432
0 20.411025396825398
1 14.478997216117218
2 15.807269059829059
3 12.457451721611722
4 9.314496556776556
5 7.798156092796091
6 13.105944713064712
7 18.203434383394388
8 48.85616981684982
9 67.36761885225884
10 59.22036424908425
11 53.60324366300365
12 40.984137338217344
13 34.93205045177046
14 32.30655648351649
15 29.87001452991453
16 24.093989499389497
17 22.003658363858367
18 20.77846813186813
19 18.466361904761904
20 18.51474285714286
21 26.00397826617827
22 39.21415457875457
23 43.78412283272283
0 41.78995726495725
1 32.057178998779
2 24.83261611721612
3 21.39115091575092
4 18.099147252747255
5 17.89330231990232
6 16.501608791208795
7 23.12946471306471
8 31.400807326007317
9 37.530643223443235
10 36.965865689865694
11 38.21734822954823
12 38.51455433455433
13 45.28190549450549
14 43.5704126984127
15 35.07225885225885
16 28.651035409035412
17 27.08497362637363
18 25.068956288156286
19 24.517271550671552
20 24.775349450549445
21 31.372480341880337
22 32.52840805860806
23 27.888723809523807
0 26.974805372405374
1 29.779699622099237
2 19.69332747252747
3 15.713352380952378
4 19.225738461538455
5 22.72995677655678
6 20.08479340659341
7 16.446534554334555
8 26.88076605616606
9 48.23274212454211
10 58.44764078144079
11 41.63501196581197
12 33.42940341880342
