0 0.0
1 0.0
2 0.0
3 0.0
4 0.0
5 0.0
6 0.0
7 0.0
8 0.0
9 0.0
10 0.0
11 0.0
12 0.0
13 24.6170207456463
14 0.0
15 0.0
16 0.0
17 0.0
18 0.0
19 0.0
20 0.0
21 0.0
22 3.8502282094124203
23 2.5113884725474884
0 3.426304661123709
1 3.2223777777777785
2 2.851944881889764
3 2.3848478431372544
4 2.467785909980431
5 3.194802932551319
6 2.9497318026380075
7 4.775861733821734
8 4.492975091575092
9 4.749315946275947
10 6.118605543345543
11 6.023663150183151
12 5.608792625152624
13 4.635272796092795
14 6.011484590964591
15 5.051207130647131
16 4.055165665445665
17 4.633640512820513
18 4.4562123809523815
19 5.0768958974358975
20 8.26983335775336
21 11.120010964590966
22 8.30501172161172
23 7.881992796092796
0 9.375189108669108
1 8.650815164835166
2 7.202108229548229
3 5.591540757020757
4 6.94901094017094
5 7.386324297924299
6 8.50021347985348
7 7.137016019536019
8 7.50306954822955
9 8.71774214896215
10 8.145075213675213
11 6.481115164835165
12 5.303934798534799
13 3.814483760683761
14 0.0
15 0.0
16 0.0
17 0.0
18 0.0
19 0.0
20 0.0
21 0.0
22 0.0
23 0.0
0 7.102081785216179
1 5.513966666666666
2 4.056848387096774
3 3.261293650793651
4 1.7117207874015752
5 0.0
6 0.0
7 0.0
8 0.0
9 5.427584516302883
10 8.51612972585191
11 7.294596514128533
12 4.589489023968373
13 0.0
14 0.0
15 0.0
16 0.0
17 3.295035644204851
18 2.1513272662054828
19 1.3966741085271315
20 1.633484403261675
21 2.4540857872758535
22 4.076159544452607
23 4.053039486427
0 3.006104173998046
1 0.0
2 0.0
3 0.0
4 0.0
5 0.0
6 0.0
7 0.0
8 5.067071061971062
9 5.85953913379737
10 5.168038500125406
11 5.626260999752536
12 5.507163815142577
13 3.957836354728075
14 3.961023624358034
15 3.039549462365592
16 1.7185397068881292
17 0.0
18 0.0
19 0.0
20 0.0
21 0.0
22 5.938329185632027
23 12.86726616378197
0 12.097304358523724
1 9.444821609309233
2 8.124381003196458
3 8.550584371477578
4 6.8521199608610575
5 4.985286901270772
6 3.2697057645334637
7 3.812785470085471
8 7.133433455433455
9 9.336129572649574
10 9.38898945054945
11 9.68839032967033
12 9.158410744810746
13 8.841808180708181
14 8.917269157509157
15 6.774304688644689
16 4.873935653235654
17 3.683791111111111
18 2.7131683516483514
19 1.9090873748473747
20 3.0939401221001224
21 5.153442222222222
22 6.680270427350428
23 6.136348400488398
0 7.707903589743591
1 7.996572551892554
2 6.519654163614164
3 5.143021367521369
4 5.370530989010989
5 7.265879389499389
6 7.186494554334555
7 6.256962612942613
8 7.663766056166055
9 11.134285225885224
10 12.552346105006105
11 10.112276800976801
12 9.03702757020757
