0 0.0
1 0.0
2 0.0
3 0.0
4 0.0
5 0.0
6 0.0
7 0.0
8 0.0
9 0.0
10 0.00042685714285714283
11 0.00031694933333333334
12 0.00032479483870967744
13 0.00033391492063492066
14 0.0002848793700787402
15 0.00016313160784313727
16 0.00022912772549019608
17 0.00021919850980392153
18 0.0002530901960784314
19 0.0003172990196078431
20 0.0003720594117647058
21 0.0004587706666666667
22 0.0003949499411764707
23 0.00047483572549019613
0 0.00044656862745098033
1 0.0002515970980392157
2 0.0
3 0.0
4 0.0
5 0.0
6 0.0
7 0.0
8 0.0
9 0.0
10 0.0
11 0.0
12 0.0
13 0.0
14 0.0
15 0.0
16 0.0
17 0.0
18 0.0
19 0.0
20 0.0
21 0.0
22 0.0
23 0.0
0 0.0
1 0.0
2 0.0
3 0.0
4 0.00018800885714285713
5 0.0
6 0.0
7 0.0
8 0.00016813900840336135
9 0.0001842561214574899
10 0.00020962454183266933
11 0.0002268985770750988
12 0.00025621889763779526
13 0.0003099643921568627
14 0.00031588003921568624
15 0.00044856415686274516
16 0.0005064207058823529
17 0.00055992431372549
18 0.0006504584313725489
19 0.0007395716078431373
20 0.0008251278039215688
21 0.001074389607843137
22 0.0011981492549019608
23 0.0012796512549019608
0 0.0011410845098039216
1 0.0007121354117647059
2 0.0
3 0.0
4 0.0
5 0.0
6 0.0
7 0.0
8 0.0
9 0.0
10 0.0
11 0.0
12 0.0
13 0.0
14 0.0
15 0.0
16 0.0
17 0.0
18 0.0
19 0.0
20 0.0
21 0.0
22 0.0
23 0.0
0 0.0
1 0.0
2 0.0
3 0.0
4 0.0
5 0.0
6 0.0
7 0.0
8 0.00036938481739130443
9 0.0004947748724279835
10 0.0007076862329317269
11 0.0005430434761904762
12 0.000485613062992126
13 0.0005164921529411763
14 0.0005192529294117647
15 0.0005526478431372551
16 0.0005814864705882351
17 0.0006371801176470588
18 0.0006766977058142585
19 0.0006866457209119971
20 0.0008908463137254902
21 0.0010409307450980393
22 0.001193026274509804
23 0.0011125881960784313
0 0.0009678784133065691
1 0.0007590419999999998
2 0.0
3 0.0
4 0.0
5 0.0
6 0.0
7 0.0
8 0.0
9 0.0
10 0.0
11 0.0004616657142857143
12 0.00037133733333333333
13 0.0
14 0.0
15 0.0
16 0.0
17 0.0
18 0.0
19 7.95569270386266e-5
20 0.00010331144262295082
21 0.000126376304
22 0.0002338121660079051
23 0.0002005774251968504
0 0.0
1 0.0
2 0.0
3 0.0
4 0.0
5 0.0
6 0.0
7 0.0
8 0.0
9 0.0
10 0.00020030028571428574
11 0.0001717774666666667
12 0.00029708974193548386
