0 0.0
1 0.0
2 0.0
3 0.0
4 0.0
5 0.0
6 0.0
7 0.0
8 0.0
9 0.005757630708661418
10 0.007429847450980393
11 0.012350581960784314
12 0.013750789019607846
13 0.012477551372549018
14 0.011075760000000002
15 0.011551938823529413
16 0.011047150588235294
17 0.01213895034078512
18 0.011261161564013557
19 0.012177537232995988
20 0.008388230588235292
21 0.005373329019607843
22 0.003337588235294117
23 0.0027864815686274515
0 0.003717542745098039
1 0.004008861960784314
2 0.0
3 0.0
4 0.0
5 0.004937485355648535
6 0.0065335927125506075
7 0.006431472111553784
8 0.004721231620553361
9 0.00408565433070866
10 0.0045313682352941176
11 0.008232303137254902
12 0.012941331764705882
13 0.016035369411764706
14 0.018062791764705884
15 0.018493018039215686
16 0.01769807725490196
17 0.0172661631372549
18 0.016391291114139655
19 0.014577394178851021
20 0.011524736470588232
21 0.0
22 0.0
23 0.0
0 0.0
1 0.0
2 0.0
3 0.0
4 0.0
5 0.013850926044444444
6 0.0
7 0.0
8 0.0
9 0.0
10 0.0
11 0.0
12 0.022769693333333334
13 0.017182733333333335
14 0.015230354838709678
15 0.016406555555555556
16 0.01748520472440945
17 0.01693344705882353
18 0.01696035685072972
19 0.016243659721858546
20 0.011089067450980393
21 0.00614478431372549
22 0.003155048156862745
23 0.002230404862745098
0 0.0
1 0.0
2 0.0
3 0.0
4 0.0
5 0.010427567444933922
6 0.011742790041493777
7 0.007760974193548387
8 0.004588365079365078
9 0.0033374598425196856
10 0.00855109568627451
11 0.01277250823529412
12 0.015378567843137254
13 0.016873174117647063
14 0.018176508627450978
15 0.021010035686274513
16 0.02140614156862745
17 0.016329435294117647
18 0.018021415686274512
19 0.017895309803921566
20 0.013170634509803922
21 0.007379141960784313
22 0.008193970196078431
23 0.010480000784313727
0 0.012143539607843137
1 0.012439736470588235
2 0.0
3 0.0
4 0.0
5 0.008625514644351465
6 0.00865397975708502
7 0.00588091314741036
8 0.0032105622134387356
9 0.002741675275590551
10 0.003921395921568627
11 0.008140913647058825
12 0.012144829960784313
13 0.018637910666666663
14 0.022032159058823532
15 0.02460484737254902
16 0.02547915725490196
17 0.02003806235294118
18 0.021699713725490195
19 0.020625375935679684
20 0.014049460392156864
21 0.008849362352941178
22 0.009005541960784314
23 0.013127563137254902
0 0.015538563921568627
1 0.015140660392156861
2 0.0
3 0.0
4 0.0
5 0.015224506276150627
6 0.01605983805668016
7 0.014760135458167331
8 0.013287011857707509
9 0.013067448818897634
10 0.01489370394064951
11 0.017969778426544566
12 0.022359447058823534
13 0.025548615686274506
14 0.026154737254901958
15 0.026816137254901964
16 0.02548758823529412
17 0.025174361265298352
18 0.025239820374621552
19 0.02545600288494907
20 0.022610034788860877
21 0.017930595002574698
22 0.021245988066716466
23 0.020117013011959926
0 0.01691200902882134
1 0.01946506116033203
2 0.0
3 0.0
4 0.0
5 0.01587415062761506
6 0.014389587044534413
7 0.008811501992031873
8 0.005002810276679842
9 0.008777826771653542
10 0.02109201568627451
11 0.026213545098039217
12 0.03021197647058824
